DATETIME,COUNTRY,EVENTS,ACTUAL,PREVIOUS,CONSENSUS,FORECAST,TIER
2025-01-01 03:00:00+05:30,US,API Crude Oil Stock ChangeDEC/27,-1.442M,-3.2M,-3M,,2.0
2025-01-01 05:30:00+05:30,KR,Exports YoYDEC,6.6%,1.4%,4%,,2.0
2025-01-01 05:30:00+05:30,KR,Balance of TradeDEC,$6.49B,$5.61B,$4.21B,$ 3.5B,3.0
2025-01-01 05:30:00+05:30,KR,Imports YoYDEC,3.3%,-2.4%,4.6%,,3.0
2025-01-02 03:30:00+05:30,AU,S&P Global Australia Manufacturing PMI FinalDEC,47.8,49.4,48.2,48.2,2.0
2025-01-02 05:30:00+05:30,SG,GDP Growth Rate QoQ AdvQ4,0.1%,3.2%,2%,0.8%,2.0
2025-01-02 05:30:00+05:30,SG,GDP Growth Rate YoY AdvQ4,4.3%,5.4%,3.8%,3.1%,2.0
2025-01-02 06:00:00+05:30,ID,S&P Global Manufacturing PMIDEC,51.2,49.6,,50,3.0
2025-01-02 06:00:00+05:30,SG,URA Property Index QoQ PrelQ4,2.3%,-0.7%,,0.5%,3.0
2025-01-02 06:00:00+05:30,KR,S&P Global Manufacturing PMIDEC,49,50.6,,49,2.0
2025-01-02 07:15:00+05:30,CN,Caixin Manufacturing PMIDEC,50.5,51.5,51.7,51.8,1.0
2025-01-02 09:30:00+05:30,ID,Inflation Rate YoYDEC,1.57%,1.55%,1.6%,1.7%,2.0
2025-01-02 09:30:00+05:30,ID,Core Inflation Rate YoYDEC,2.26%,2.26%,2.28%,2.3%,3.0
2025-01-02 09:30:00+05:30,ID,Inflation Rate MoMDEC,0.44%,0.3%,0.44%,0.4%,3.0
2025-01-02 10:10:00+05:30,ID,Tourist Arrivals YoYNOV,17.27%,22.01%,,,3.0
2025-01-02 10:30:00+05:30,IN,HSBC Manufacturing PMI FinalDEC,56.4,56.5,57.8,56.4,3.0
2025-01-02 11:00:00+05:30,AU,Commodity Prices YoYDEC,-10.7%,-10.8%,,1.4%,3.0
2025-01-02 12:30:00+05:30,GB,Nationwide Housing Prices MoMDEC,0.7%,1.2%,0.1%,0.8%,2.0
2025-01-02 12:30:00+05:30,GB,Nationwide Housing Prices YoYDEC,4.7%,3.7%,3.8%,4.0%,2.0
2025-01-02 12:30:00+05:30,TR,Istanbul Chamber of Industry Manufacturing PMIDEC,49.1,48.3,,48.5,3.0
2025-01-02 13:45:00+05:30,ES,HCOB Manufacturing PMIDEC,53.3,53.1,53.5,53.3,2.0
2025-01-02 14:15:00+05:30,IT,HCOB Manufacturing PMIDEC,46.2,44.5,44.8,45,2.0
2025-01-02 14:20:00+05:30,FR,HCOB Manufacturing PMI FinalDEC,41.9,43.1,41.9,41.9,2.0
2025-01-02 14:25:00+05:30,DE,HCOB Manufacturing PMI FinalDEC,42.5,43.0,42.5,42.5,2.0
2025-01-02 14:30:00+05:30,EA,HCOB Manufacturing PMI FinalDEC,45.1,45.2,45.2,45.2,2.0
2025-01-02 14:30:00+05:30,EA,Loans to Households YoYNOV,0.9%,0.8%,0.9%,0.8%,3.0
2025-01-02 14:30:00+05:30,EA,M3 Money Supply YoYNOV,3.8%,3.4%,3.5%,3.5%,3.0
2025-01-02 14:30:00+05:30,EA,Loans to Companies YoYNOV,1%,1.2%,,1.3%,3.0
2025-01-02 15:00:00+05:30,GB,S&P Global Manufacturing PMI FinalDEC,47,48.0,47.3,47.3,2.0
2025-01-02 17:30:00+05:30,US,MBA Mortgage Market IndexDEC/27,174.9,224.0,,,3.0
2025-01-02 17:30:00+05:30,US,MBA 30-Year Mortgage RateDEC/27,6.97%,6.75%,,,2.0
2025-01-02 17:30:00+05:30,US,MBA Mortgage Refinance IndexDEC/27,395.1,617.5,,,3.0
2025-01-02 17:30:00+05:30,US,MBA Mortgage ApplicationsDEC/27,-12.6%,-0.7%,,,3.0
2025-01-02 17:30:00+05:30,US,MBA Purchase IndexDEC/27,136.7,157.1,,,3.0
2025-01-02 17:30:00+05:30,ES,New Car Sales YoYDEC,28.8%,6.4%,,3.0%,3.0
2025-01-02 18:30:00+05:30,SG,SIPMM Manufacturing PMIDEC,51.1,51.0,,51.3,3.0
2025-01-02 18:30:00+05:30,BR,S&P Global Manufacturing PMIDEC,50.4,52.3,,52,3.0
2025-01-02 19:00:00+05:30,US,Initial Jobless ClaimsDEC/28,211K,219K,222K,222.0K,2.0
2025-01-02 19:00:00+05:30,US,Jobless Claims 4-week AverageDEC/28,223.25K,226.75K,,,3.0
2025-01-02 19:00:00+05:30,US,Continuing Jobless ClaimsDEC/21,1844K,1910K,1890K,1895.0K,3.0
2025-01-02 20:00:00+05:30,CA,S&P Global Manufacturing PMIDEC,52.2,52,51.9,51.5,2.0
2025-01-02 20:15:00+05:30,US,S&P Global Manufacturing PMI FinalDEC,49.4,49.7,48.3,48.3,2.0
2025-01-02 20:30:00+05:30,MX,S&P Global Manufacturing PMIDEC,49.8,49.9,,50,3.0
2025-01-02 20:30:00+05:30,US,Construction Spending MoMNOV,0%,0.5%,0.3%,0.4%,3.0
2025-01-02 21:30:00+05:30,US,EIA Crude Oil Stocks ChangeDEC/27,-1.178M,-4.237M,-2.75M,,2.0
2025-01-02 21:30:00+05:30,US,EIA Distillate Fuel Production ChangeDEC/27,0.099M,0.178M,,,3.0
2025-01-02 21:30:00+05:30,US,EIA Heating Oil Stocks ChangeDEC/27,-0.416M,-0.062M,,,3.0
2025-01-02 21:30:00+05:30,US,EIA Cushing Crude Oil Stocks ChangeDEC/27,-0.142M,-0.32M,,,3.0
2025-01-02 21:30:00+05:30,US,EIA Refinery Crude Runs ChangeDEC/27,0.041M,0.205M,,,3.0
2025-01-02 21:30:00+05:30,US,EIA Gasoline Production ChangeDEC/27,-0.959M,0.051M,,,3.0
2025-01-02 21:30:00+05:30,US,EIA Crude Oil Imports ChangeDEC/27,0.323M,0.995M,,,3.0
2025-01-02 21:30:00+05:30,US,EIA Gasoline Stocks ChangeDEC/27,7.717M,1.63M,0.7M,,2.0
2025-01-02 21:30:00+05:30,US,EIA Distillate Stocks ChangeDEC/27,6.406M,-1.694M,-0.1M,,3.0
2025-01-02 22:00:00+05:30,US,8-Week Bill Auction,4.240%,4.265%,,,3.0
2025-01-02 22:00:00+05:30,US,4-Week Bill Auction,4.265%,4.260%,,,3.0
2025-01-02 22:30:00+05:30,IT,New Car Registrations YoYDEC,-4.9%,-10.8%,,,3.0
2025-01-02 22:30:00+05:30,US,30-Year Mortgage RateJAN/02,6.91%,6.85%,,,3.0
2025-01-02 22:30:00+05:30,US,15-Year Mortgage RateJAN/02,6.13%,6%,,,3.0
2025-01-02 23:30:00+05:30,US,17-Week Bill Auction,4.195%,4.230%,,,3.0
2025-01-02 23:30:00+05:30,AU,CoreLogic Dwelling Prices MoMDEC,-0.1%,0.1%,,0.1%,3.0
2025-01-03 04:15:00+05:30,US,Fed Balance SheetJAN/01,$6.85T,$6.88T,,,3.0
2025-01-03 04:50:00+05:30,AR,Tax RevenueDEC,ARS13015B,ARS13026B,,ARS 3564.9B,3.0
2025-01-03 10:30:00+05:30,SG,Retail Sales MoMNOV,-2.8%,0.3%,,,3.0
2025-01-03 10:30:00+05:30,SG,Retail Sales YoYNOV,-0.7%,2.4%,,,3.0
2025-01-03 12:30:00+05:30,TR,Inflation Rate YoYDEC,44.38%,47.09%,45.2%,45%,2.0
2025-01-03 12:30:00+05:30,TR,PPI YoYDEC,28.52%,29.47%,,28.5%,3.0
2025-01-03 12:30:00+05:30,TR,PPI MoMDEC,0.4%,0.66%,,0.5%,3.0
2025-01-03 12:30:00+05:30,TR,Inflation Rate MoMDEC,1.03%,2.24%,1.61%,2.3%,2.0
2025-01-03 13:30:00+05:30,ES,Tourist Arrivals YoYNOV,10.3%,9.5%,,10.0%,3.0
2025-01-03 13:30:00+05:30,ES,Unemployment ChangeDEC,-25.3K,-16K,-46.5K,-30K,2.0
2025-01-03 14:25:00+05:30,DE,Unemployment RateDEC,6.1%,6.1%,6.2%,6.10%,2.0
2025-01-03 14:25:00+05:30,DE,Unemployment ChangeDEC,10K,7K,15K,10.0K,1.0
2025-01-03 14:25:00+05:30,DE,Unemployed PersonsDEC,2.869M,2.86M,,2.87M,2.0
2025-01-03 14:30:00+05:30,WL,FAO Food Price IndexDEC,127,127.6,,,3.0
2025-01-03 15:00:00+05:30,GB,M4 Money Supply MoMNOV,0%,-0.2%,0.1%,-0.1%,3.0
2025-01-03 15:00:00+05:30,GB,BoE Consumer CreditNOV,£0.878B,£0.995B,£1.20B,£1.1B,2.0
2025-01-03 15:00:00+05:30,GB,Mortgage ApprovalsNOV,65.72K,68.303K,68.5K,68.7K,2.0
2025-01-03 15:00:00+05:30,GB,Net Lending to Individuals MoMNOV,£3.4B,£4.5B,£4.4B,£4.6B,3.0
2025-01-03 15:00:00+05:30,GB,Mortgage LendingNOV,£2.47B,£3.47B,£3.2B,£3.5B,2.0
2025-01-03 16:30:00+05:30,MX,Foreign Exchange ReservesNOV,$232.2B,$230.5B,,$233.0B,3.0
2025-01-03 16:30:00+05:30,TR,MPC Meeting Summary,,,,,2.0
2025-01-03 17:00:00+05:30,IN,Bank Loan Growth YoYDEC/20,11.5%,10.6%,,,3.0
2025-01-03 17:00:00+05:30,TR,Foreign Exchange ReservesDEC/27,$90.74B,$92.39B,,,3.0
2025-01-03 17:00:00+05:30,IN,Deposit Growth YoYDEC/20,11.5%,10.7%,,,3.0
2025-01-03 17:00:00+05:30,IN,Foreign Exchange ReservesDEC/27,$640.28B,$644.39B,,,3.0
2025-01-03 17:30:00+05:30,MX,Unemployment RateNOV,2.6%,2.5%,2.7%,2.6%,2.0
2025-01-03 17:30:00+05:30,MX,Business ConfidenceDEC,51.2,52,,52,2.0
2025-01-03 20:30:00+05:30,US,ISM Manufacturing PricesDEC,52.5,50.3,51.7,50.4,3.0
2025-01-03 20:30:00+05:30,US,ISM Manufacturing PMIDEC,49.3,48.4,48.4,48.5,1.0
2025-01-03 20:30:00+05:30,US,ISM Manufacturing EmploymentDEC,45.3,48.1,48,48.3,2.0
2025-01-03 20:30:00+05:30,US,ISM Manufacturing New OrdersDEC,52.5,50.4,,50.5,3.0
2025-01-03 21:00:00+05:30,US,EIA Natural Gas Stocks ChangeDEC/27,-116Bcf,-93Bcf,-127Bcf,,3.0
2025-01-03 21:30:00+05:30,EA,ECB Lane Speech,,,,,3.0
2025-01-03 21:30:00+05:30,US,Fed Barkin Speech,,,,,2.0
2025-01-03 23:30:00+05:30,US,Baker Hughes Total Rigs CountJAN/03,588,589,,,3.0
2025-01-03 23:30:00+05:30,US,Baker Hughes Oil Rig CountJAN/03,482,483,,,3.0
2025-01-05 04:00:00+05:30,US,Fed Kugler Speech,,,,,2.0
2025-01-05 04:00:00+05:30,US,Fed Daly Speech,,,,,2.0
2025-01-05 09:45:00+05:30,SA,Riyad Bank PMIDEC,58.4,59.0,,58.5,3.0
2025-01-05 23:45:00+05:30,US,Fed Daly Speech,,,,,2.0
2025-01-06 03:30:00+05:30,AU,S&P Global Australia Composite PMI FinalDEC,50.2,50.2,,50.4,3.0
2025-01-06 03:30:00+05:30,AU,S&P Global Australia Services PMI FinalDEC,50.8,50.5,,51.1,2.0
2025-01-06 03:30:00+05:30,KR,Foreign Exchange ReservesDEC,$415.6B,$415.39B,,$ 415.0B,3.0
2025-01-06 06:00:00+05:30,JP,Jibun Bank Composite PMI FinalDEC,50.5,50.1,,50.8,3.0
2025-01-06 06:00:00+05:30,JP,Jibun Bank Services PMI FinalDEC,50.9,50.5,51.4,51.4,2.0
2025-01-06 06:00:00+05:30,SG,S&P Global PMIDEC,51.5,53.9,,53,3.0
2025-01-06 07:15:00+05:30,CN,Caixin Services PMIDEC,52.2,51.5,51.7,51.1,2.0
2025-01-06 07:15:00+05:30,CN,Caixin Composite PMIDEC,51.4,52.3,,51.5,3.0
2025-01-06 09:45:00+05:30,TR,Balance of Trade PrelDEC,$-8.82B,$-7.46B,,$ -5.1B,2.0
2025-01-06 09:45:00+05:30,TR,Exports PrelDEC,$23.46B,$22.29B,,$ 23.7B,3.0
2025-01-06 09:45:00+05:30,TR,Imports PrelDEC,$32.29B,$29.75B,,$ 28.8B,3.0
2025-01-06 10:30:00+05:30,KR,2-Year KTB Auction,2.670%,2.595%,,,3.0
2025-01-06 10:30:00+05:30,IN,HSBC Services PMI FinalDEC,59.3,58.4,60.5,58,3.0
2025-01-06 10:30:00+05:30,IN,HSBC Composite PMI FinalDEC,59.2,58.6,,58.2,3.0
2025-01-06 12:45:00+05:30,ZA,S&P Global PMIDEC,49.9,50.9,,51,3.0
2025-01-06 13:45:00+05:30,ES,HCOB Services PMIDEC,57.3,53.1,54.1,53.5,2.0
2025-01-06 13:45:00+05:30,ES,HCOB Composite PMIDEC,56.8,53.2,,53.4,3.0
2025-01-06 14:15:00+05:30,IT,HCOB Services PMIDEC,50.7,49.2,50.3,49.5,2.0
2025-01-06 14:15:00+05:30,IT,HCOB Composite PMIDEC,49.7,47.7,,48,2.0
2025-01-06 14:20:00+05:30,FR,HCOB Services PMI FinalDEC,49.3,46.9,48.2,48.2,2.0
2025-01-06 14:20:00+05:30,FR,HCOB Composite PMI FinalDEC,47.5,45.9,46.7,46.7,3.0
2025-01-06 14:25:00+05:30,DE,HCOB Composite PMI FinalDEC,48,47.2,47.8,47.8,2.0
2025-01-06 14:25:00+05:30,DE,HCOB Services PMI FinalDEC,51.2,49.3,51.0,51.0,2.0
2025-01-06 14:30:00+05:30,GB,New Car Sales YoYDEC,-0.2%,-1.9%,,-0.5%,3.0
2025-01-06 14:30:00+05:30,EA,HCOB Services PMI FinalDEC,51.6,49.5,51.4,51.4,2.0
2025-01-06 14:30:00+05:30,EA,HCOB Composite PMI FinalDEC,49.6,48.3,49.5,49.5,2.0
2025-01-06 15:00:00+05:30,GB,S&P Global Composite PMI FinalDEC,50.4,50.5,50.5,50.5,3.0
2025-01-06 15:00:00+05:30,GB,S&P Global Services PMI FinalDEC,51.1,50.8,51.4,51.4,2.0
2025-01-06 17:10:00+05:30,DE,New Car Registrations YoYDEC,-7.1%,-0.5%,,-1.0%,3.0
2025-01-06 17:30:00+05:30,MX,Consumer ConfidenceDEC,47.1,47.6,,47.5,2.0
2025-01-06 18:30:00+05:30,BR,S&P Global Services PMIDEC,51.6,53.6,,53.2,2.0
2025-01-06 18:30:00+05:30,DE,Inflation Rate MoM PrelDEC,0.4%,-0.2%,0.3%,0.3%,2.0
2025-01-06 18:30:00+05:30,DE,Inflation Rate YoY PrelDEC,2.6%,2.2%,2.4%,2.5%,1.0
2025-01-06 18:30:00+05:30,DE,Harmonised Inflation Rate MoM PrelDEC,0.7%,-0.7%,0.5%,0.3%,3.0
2025-01-06 18:30:00+05:30,DE,Harmonised Inflation Rate YoY PrelDEC,2.8%,2.4%,2.6%,2.5%,3.0
2025-01-06 18:30:00+05:30,BR,S&P Global Composite PMIDEC,51.5,53.5,,53,3.0
2025-01-06 19:30:00+05:30,FR,6-Month BTF Auction,2.592%,2.575%,,,3.0
2025-01-06 19:30:00+05:30,FR,3-Month BTF Auction,2.704%,2.770%,,,3.0
2025-01-06 19:30:00+05:30,FR,12-Month BTF Auction,2.435%,2.372%,,,3.0
2025-01-06 19:45:00+05:30,US,Fed Cook Speech,,,,,2.0
2025-01-06 20:00:00+05:30,CA,S&P Global Composite PMIDEC,49.0,51.5,,51.8,3.0
2025-01-06 20:00:00+05:30,CA,S&P Global Services PMIDEC,48.2,51.2,,51.5,3.0
2025-01-06 20:15:00+05:30,US,S&P Global Composite PMI FinalDEC,55.4,54.9,56.6,53,2.0
2025-01-06 20:15:00+05:30,US,S&P Global Services PMI FinalDEC,56.8,56.1,58.5,58.5,2.0
2025-01-06 20:30:00+05:30,US,Factory Orders MoMNOV,-0.4%,0.5%,-0.3%,0.3%,2.0
2025-01-06 20:30:00+05:30,US,Factory Orders ex TransportationNOV,0.2%,0.2%,,0.2%,3.0
2025-01-06 21:00:00+05:30,US,NY Fed Treasury Purchases 6 to 10 yrs,,,$25 million,,3.0
2025-01-06 22:00:00+05:30,US,3-Month Bill Auction,4.205%,4.230%,,,3.0
2025-01-06 22:00:00+05:30,US,6-Month Bill Auction,4.110%,4.135%,,,3.0
2025-01-06 23:30:00+05:30,BR,Balance of TradeDEC,$4.8B,$7.03B,$3.9B,$ 6.7B,2.0
2025-01-06 23:30:00+05:30,BR,BCB Focus Market Readout,,,,,3.0
2025-01-06 23:30:00+05:30,US,3-Year Note Auction,4.332%,4.117%,,,3.0
2025-01-07 05:31:00+05:30,GB,BRC Retail Sales Monitor YoYDEC,3.1%,-3.4%,-0.2%,-2.8%,2.0
2025-01-07 06:00:00+05:30,AU,Private House Approvals MoM PrelNOV,-1.7%,-4.0%,,-0.6%,3.0
2025-01-07 06:00:00+05:30,AU,Building Permits MoM PrelNOV,-3.6%,5.2%,-1%,-1.2%,2.0
2025-01-07 09:05:00+05:30,JP,3-Month Bill Auction,0.2178%,0.1255%,,,3.0
2025-01-07 09:05:00+05:30,JP,10-Year JGB Auction,1.140%,1.084%,,,3.0
2025-01-07 10:30:00+05:30,SG,MAS 4-Week Bill Auction,3.24%,3.31%,,,3.0
2025-01-07 10:30:00+05:30,SG,MAS 12-Week Bill Auction,3.19%,3.19%,,,3.0
2025-01-07 10:30:00+05:30,KR,30-Year KTB Auction,2.705%,2.545%,,,3.0
2025-01-07 12:30:00+05:30,GB,Halifax House Price Index MoMDEC,-0.2%,1.2%,0.8%,0.8%,2.0
2025-01-07 12:30:00+05:30,GB,Halifax House Price Index YoYDEC,3.3%,4.7%,,4.6%,2.0
2025-01-07 13:15:00+05:30,FR,Harmonised Inflation Rate YoY PrelDEC,1.8%,1.7%,1.9%,1.8%,3.0
2025-01-07 13:15:00+05:30,FR,Harmonised Inflation Rate MoM PrelDEC,0.2%,-0.1%,0.4%,0.4%,3.0
2025-01-07 13:15:00+05:30,FR,Inflation Rate YoY PrelDEC,1.3%,1.3%,1.5%,1.6%,1.0
2025-01-07 13:15:00+05:30,FR,Inflation Rate MoM PrelDEC,0.2%,-0.1%,0.3%,0.3%,2.0
2025-01-07 13:30:00+05:30,BR,IPC-Fipe Inflation MoMDEC,0.34%,1.17%,,0.8%,3.0
2025-01-07 13:30:00+05:30,CN,Foreign Exchange ReservesDEC,$3.202T,$3.266T,$3.25T,$3.25T,3.0
2025-01-07 14:00:00+05:30,FR,HCOB Construction PMIDEC,42.6,43.7,,44,3.0
2025-01-07 14:00:00+05:30,DE,HCOB Construction PMIDEC,37.8,38,,37.8,2.0
2025-01-07 14:00:00+05:30,IT,HCOB Construction PMIDEC,51.2,48.5,,49,3.0
2025-01-07 14:00:00+05:30,EA,HCOB Construction PMIDEC,42.9,42.7,,45,3.0
2025-01-07 14:30:00+05:30,EA,ECB Consumer Inflation ExpectationsNOV,2.6%,2.5%,,,3.0
2025-01-07 14:30:00+05:30,IT,Unemployment RateNOV,5.7%,5.8%,6%,5.8%,1.0
2025-01-07 14:30:00+05:30,SG,Foreign Exchange ReservesDEC,S$506.7B,S$505.7B,,S$502.0B,3.0
2025-01-07 15:00:00+05:30,GB,S&P Global Construction PMIDEC,53.3,55.2,54.4,54.8,2.0
2025-01-07 15:10:00+05:30,ES,12-Month Letras Auction,2.367%,2.207%,,,3.0
2025-01-07 15:10:00+05:30,ES,6-Month Letras Auction,2.535%,2.552%,,,3.0
2025-01-07 15:30:00+05:30,IT,Inflation Rate MoM PrelDEC,0.1%,-0.1%,0.3%,0.3%,2.0
2025-01-07 15:30:00+05:30,EA,CPI FlashDEC,127.08,126.62,126.62,127,3.0
2025-01-07 15:30:00+05:30,IT,Harmonised Inflation Rate MoM PrelDEC,0.1%,-0.1%,0.3%,0.3%,3.0
2025-01-07 15:30:00+05:30,EA,Inflation Rate YoY FlashDEC,2.4%,2.2%,2.4%,2.4%,1.0
2025-01-07 15:30:00+05:30,EA,Inflation Rate MoM FlashDEC,0.4%,-0.3%,,0.2%,2.0
2025-01-07 15:30:00+05:30,IT,Harmonised Inflation Rate YoY PrelDEC,1.4%,1.5%,1.6%,1.7%,3.0
2025-01-07 15:30:00+05:30,EA,Core Inflation Rate YoY FlashDEC,2.7%,2.7%,2.7%,2.7%,2.0
2025-01-07 15:30:00+05:30,GB,30-Year Treasury Gilt Auction,5.198%,4.747%,,,3.0
2025-01-07 15:30:00+05:30,IT,Inflation Rate YoY PrelDEC,1.3%,1.3%,1.5%,1.4%,1.0
2025-01-07 15:30:00+05:30,EA,Unemployment RateNOV,6.3%,6.3%,6.3%,6.4%,1.0
2025-01-07 16:00:00+05:30,DE,2-Year Schatz Auction,2.18%,1.94%,,,3.0
2025-01-07 16:30:00+05:30,US,LMI Logistics Managers IndexDEC,57.3,58.4,,,3.0
2025-01-07 17:10:00+05:30,IN,Fiscal Year GDP Growth Prel2024-25,6.4%,8.2%,,6.5%,2.0
2025-01-07 17:30:00+05:30,BR,PPI YoYNOV,7.59%,5.92%,,5.5%,3.0
2025-01-07 17:30:00+05:30,BR,PPI MoMNOV,1.23%,0.97%,,0.7%,3.0
2025-01-07 18:30:00+05:30,US,Fed Barkin Speech,,,,,2.0
2025-01-07 19:00:00+05:30,CA,ImportsNOV,C$66.43B,C$65.23B,,C$65.5B,3.0
2025-01-07 19:00:00+05:30,US,ImportsNOV,$351.6B,$339.9B,,$334B,2.0
2025-01-07 19:00:00+05:30,US,Balance of TradeNOV,$-78.2B,$-73.6B,$-78B,$-70B,2.0
2025-01-07 19:00:00+05:30,CA,ExportsNOV,C$66.11B,C$64.68B,,C$64.0B,3.0
2025-01-07 19:00:00+05:30,CA,Balance of TradeNOV,C$-0.32B,C$-0.54B,C$-0.9B,C$-1.5B,1.0
2025-01-07 19:00:00+05:30,US,ExportsNOV,$273.4B,$266.3B,,$264B,2.0
2025-01-07 19:25:00+05:30,US,Redbook YoYJAN/04,6.8%,7.1%,,,3.0
2025-01-07 20:00:00+05:30,BR,Federal Tax RevenuesNOV,BRL 209.2B,BRL247.92B,,,3.0
2025-01-07 20:30:00+05:30,US,JOLTs Job QuitsNOV,3.065M,3.283M,,3.31M,3.0
2025-01-07 20:30:00+05:30,US,ISM Services EmploymentDEC,51.4,51.5,51.4,52,3.0
2025-01-07 20:30:00+05:30,US,ISM Services PricesDEC,64.4,58.2,57.5,58.4,3.0
2025-01-07 20:30:00+05:30,US,ISM Services PMIDEC,54.1,52.1,53.3,54,1.0
2025-01-07 20:30:00+05:30,CA,Ivey PMI s.aDEC,54.7,52.3,55.4,54,1.0
2025-01-07 20:30:00+05:30,US,ISM Services Business ActivityDEC,58.2,53.7,,54.1,3.0
2025-01-07 20:30:00+05:30,US,ISM Services New OrdersDEC,54.2,53.7,54.2,54.1,3.0
2025-01-07 20:30:00+05:30,US,JOLTs Job OpeningsNOV,8.098M,7.839M,7.70M,7.69M,1.0
2025-01-07 21:00:00+05:30,WL,Global Supply Chain Pressure IndexDEC,-0.22,-0.27,,,3.0
2025-01-07 22:00:00+05:30,US,42-Day Bill Auction,4.245%,4.280%,,,3.0
2025-01-07 23:30:00+05:30,US,10-Year Note Auction,4.68%,4.235%,,,3.0
2025-01-08 03:00:00+05:30,US,API Crude Oil Stock ChangeJAN/03,-4.022M,-1.442M,-0.25M,,2.0
2025-01-08 04:30:00+05:30,KR,Current AccountNOV,$9.3B,$9.78B,,$4.5B,3.0
2025-01-08 06:00:00+05:30,AU,Monthly CPI IndicatorNOV,2.3%,2.1%,2.2%,2.2%,2.0
2025-01-08 08:30:00+05:30,ID,Foreign Exchange ReservesDEC,$155.7B,$150.2B,,$ 152.0B,3.0
2025-01-08 10:30:00+05:30,JP,Consumer ConfidenceDEC,36.2,36.4,36.6,36.4,1.0
2025-01-08 11:30:00+05:30,ZA,Foreign Exchange ReservesDEC,$65.46B,$65.86B,,$ 64.0B,3.0
2025-01-08 12:30:00+05:30,DE,Factory Orders MoMNOV,-5.4%,-1.5%,0%,0.3%,2.0
2025-01-08 12:30:00+05:30,DE,Retail Sales MoMNOV,-0.6%,-0.4%,0.5%,0.7%,2.0
2025-01-08 12:30:00+05:30,DE,Retail Sales YoYNOV,2.5%,2.4%,1.9%,1.7%,2.0
2025-01-08 13:15:00+05:30,FR,Balance of TradeNOV,€-7.1B,€-7.5B,€-7B,€-6.5B,2.0
2025-01-08 13:15:00+05:30,FR,ExportsNOV,€50.101B,€48.7B,,,3.0
2025-01-08 13:15:00+05:30,FR,Current AccountNOV,€-1.7B,€-1.9B,,€-2.0B,3.0
2025-01-08 13:15:00+05:30,FR,Consumer ConfidenceDEC,89,90,89,89,2.0
2025-01-08 13:15:00+05:30,FR,ImportsNOV,€57.186B,€56.198B,,,3.0
2025-01-08 14:30:00+05:30,ZA,ABSA Manufacturing PMIDEC,46.2,48.1,,51.8,3.0
2025-01-08 14:30:00+05:30,FR,Foreign Exchange ReservesDEC,€275.078B,€275.572B,,,3.0
2025-01-08 15:30:00+05:30,EA,PPI MoMNOV,1.6%,0.4%,1.5%,1.3%,3.0
2025-01-08 15:30:00+05:30,EA,Consumer Inflation ExpectationsDEC,21.0,17.8,,17.8,3.0
2025-01-08 15:30:00+05:30,GB,BBA Mortgage RateDEC,7.50%,7.59%,,7.6%,3.0
2025-01-08 15:30:00+05:30,EA,Selling Price ExpectationsDEC,7.6,7.1,,3.5,3.0
2025-01-08 15:30:00+05:30,GB,5-Year Treasury Gilt Auction,4.490%,4.348%,,,3.0
2025-01-08 15:30:00+05:30,EA,Consumer Confidence FinalDEC,-14.5,-13.8,-14.5,-14.5,2.0
2025-01-08 15:30:00+05:30,EA,PPI YoYNOV,-1.2%,-3.3%,-1.3%,-2.4%,3.0
2025-01-08 15:30:00+05:30,EA,Industrial SentimentDEC,-14.1,-11.4,-11.7,-11.3,3.0
2025-01-08 15:30:00+05:30,EA,Services SentimentDEC,5.9,5.3,5.8,6,3.0
2025-01-08 15:30:00+05:30,EA,Economic SentimentDEC,93.7,95.8,95.6,95.5,2.0
2025-01-08 16:00:00+05:30,DE,10-Year Bund Auction,2.51%,2.07%,,,3.0
2025-01-08 16:20:00+05:30,ZA,Total New Vehicle SalesDEC,41.27K,48.56K,,45.0K,3.0
2025-01-08 16:40:00+05:30,EU,12-Month Bill Auction,2.378%,,,,3.0
2025-01-08 16:40:00+05:30,EU,6-Month Bill Auction,2.541%,2.632%,,,3.0
2025-01-08 16:40:00+05:30,EU,3-Month Bill Auction,2.639%,2.798%,,,3.0
2025-01-08 17:30:00+05:30,BR,Industrial Production MoMNOV,-0.6%,-0.6%,-0.5%,0.1%,2.0
2025-01-08 17:30:00+05:30,US,MBA Mortgage Market IndexJAN/03,168.4,174.9,,,3.0
2025-01-08 17:30:00+05:30,US,MBA Mortgage Refinance IndexJAN/03,401.1,395.1,,,3.0
2025-01-08 17:30:00+05:30,US,MBA Purchase IndexJAN/03,127.7,136.7,,,3.0
2025-01-08 17:30:00+05:30,BR,Industrial Production YoYNOV,1.7%,5.9%,1.8%,2.3%,3.0
2025-01-08 17:30:00+05:30,US,MBA Mortgage ApplicationsJAN/03,-3.7%,-12.6%,,,3.0
2025-01-08 17:30:00+05:30,US,MBA 30-Year Mortgage RateJAN/03,6.99%,6.97%,,,2.0
2025-01-08 18:45:00+05:30,US,ADP Employment ChangeDEC,122K,146K,140K,140K,2.0
2025-01-08 19:00:00+05:30,US,Total Vehicle SalesDEC,16.8M,16.7M,16.5M,16.3M,3.0
2025-01-08 19:00:00+05:30,US,Jobless Claims 4-week AverageJAN/04,213K,223.25K,,224K,3.0
2025-01-08 19:00:00+05:30,US,Continuing Jobless ClaimsDEC/28,1867K,1834K,1870K,1848K,3.0
2025-01-08 19:00:00+05:30,US,Fed Waller Speech,,,,,2.0
2025-01-08 19:00:00+05:30,US,Initial Jobless ClaimsJAN/04,201K,211K,218K,213K,2.0
2025-01-08 19:30:00+05:30,US,Used Car Prices YoYDEC,0.4%,0.2%,,,3.0
2025-01-08 19:30:00+05:30,US,Used Car Prices MoMDEC,-0.3%,1.3%,,,3.0
2025-01-08 20:00:00+05:30,TR,Treasury Cash BalanceDEC,TRY-323.9B,TRY-62.220B,,,3.0
2025-01-08 20:30:00+05:30,US,Wholesale Inventories MoMNOV,-0.2%,0%,-0.2%,-0.2%,3.0
2025-01-08 21:00:00+05:30,US,EIA Crude Oil Stocks ChangeJAN/03,-0.959M,-1.178M,-0.6M,,2.0
2025-01-08 21:00:00+05:30,US,EIA Crude Oil Imports ChangeJAN/03,0.278M,0.323M,,,3.0
2025-01-08 21:00:00+05:30,US,EIA Cushing Crude Oil Stocks ChangeJAN/03,-2.502M,-0.142M,,,3.0
2025-01-08 21:00:00+05:30,US,EIA Refinery Crude Runs ChangeJAN/03,0.045M,0.041M,,,3.0
2025-01-08 21:00:00+05:30,US,EIA Distillate Fuel Production ChangeJAN/03,-0.167M,0.099M,,,3.0
2025-01-08 21:00:00+05:30,US,EIA Heating Oil Stocks ChangeJAN/03,-0.632M,-0.416M,,,3.0
2025-01-08 21:00:00+05:30,US,EIA Gasoline Stocks ChangeJAN/03,6.33M,7.717M,1.5M,,2.0
2025-01-08 21:00:00+05:30,US,EIA Gasoline Production ChangeJAN/03,-0.081M,-0.959M,,,3.0
2025-01-08 21:00:00+05:30,US,EIA Distillate Stocks ChangeJAN/03,6.071M,6.406M,1M,,3.0
2025-01-08 22:00:00+05:30,US,17-Week Bill Auction,4.190%,4.195%,,,3.0
2025-01-08 22:30:00+05:30,US,EIA Natural Gas Stocks ChangeJAN/03,-40Bcf,-116Bcf,-51Bcf,,3.0
2025-01-08 22:30:00+05:30,CA,2-Year Bond Auction,2.947%,3.029%,,,3.0
2025-01-08 23:30:00+05:30,US,30-Year Bond Auction,4.913%,4.535%,,,3.0
2025-01-09 00:30:00+05:30,US,FOMC Minutes,,,,,1.0
2025-01-09 00:30:00+05:30,AR,Industrial Production YoYNOV,-1.7%,-2%,,0.2%,3.0
2025-01-09 01:30:00+05:30,US,Consumer Credit ChangeNOV,$-7.49B,$17.32B,$10.5B,$14.0B,3.0
2025-01-09 05:00:00+05:30,JP,Overtime Pay YoYNOV,1.6%,0.7%,,1.6%,3.0
2025-01-09 05:00:00+05:30,JP,Average Cash Earnings YoYNOV,3%,2.6%,2.7%,2.5%,3.0
2025-01-09 05:20:00+05:30,JP,Stock Investment by ForeignersDEC/28,¥562.7B,¥-1023.5B,,,3.0
2025-01-09 05:20:00+05:30,JP,Stock Investment by ForeignersJAN/04,¥-74B,¥562.7B,,,3.0
2025-01-09 05:20:00+05:30,JP,Foreign Bond InvestmentDEC/28,¥-228.6B,¥-919.2B,,,3.0
2025-01-09 05:20:00+05:30,JP,Foreign Bond InvestmentJAN/04,¥-331.8B,¥-228.6B,,,3.0
2025-01-09 06:00:00+05:30,AU,Imports MoMNOV,1.7%,-0.05%,,,3.0
2025-01-09 06:00:00+05:30,AU,Retail Sales MoMNOV,0.8%,0.5%,1%,1%,2.0
2025-01-09 06:00:00+05:30,AU,Exports MoMNOV,4.8%,3.5%,,,3.0
2025-01-09 06:00:00+05:30,AU,Balance of TradeNOV,A$7.079B,A$5.670B,A$5.750B,A$6B,1.0
2025-01-09 07:00:00+05:30,CN,Inflation Rate YoYDEC,0.1%,0.2%,0.1%,0.2%,1.0
2025-01-09 07:00:00+05:30,CN,Inflation Rate MoMDEC,0.0%,-0.6%,0%,0.1%,2.0
2025-01-09 07:00:00+05:30,CN,PPI YoYDEC,-2.3%,-2.5%,-2.3%,-2.4%,2.0
2025-01-09 08:30:00+05:30,ID,Consumer ConfidenceDEC,127.7,125.9,,120,3.0
2025-01-09 09:05:00+05:30,JP,30-Year JGB Auction,2.304%,2.287%,,,3.0
2025-01-09 09:05:00+05:30,JP,6-Month Bill Auction,0.3535%,0.2952%,,,3.0
2025-01-09 12:30:00+05:30,DE,Imports MoMNOV,-3.3%,-0.3%,0.7%,,3.0
2025-01-09 12:30:00+05:30,DE,Balance of TradeNOV,€19.7B,€13.4B,€14.8B,€15.0B,1.0
2025-01-09 12:30:00+05:30,DE,Exports MoMNOV,2.1%,-2.9%,2%,,2.0
2025-01-09 12:30:00+05:30,DE,Industrial Production MoMNOV,1.5%,-0.4%,0.5%,0.8%,2.0
2025-01-09 14:30:00+05:30,DE,Baden Wuerttemberg CPI MoMDEC,0.5%,-0.3%,,,3.0
2025-01-09 14:30:00+05:30,DE,Baden Wuerttemberg CPI YoYDEC,2.6%,2.2%,,,3.0
2025-01-09 14:30:00+05:30,DE,Saxony CPI YoYDEC,3.2%,2.9%,,,3.0
2025-01-09 14:30:00+05:30,DE,Hesse CPI MoMDEC,0.4%,-0.3%,,,3.0
2025-01-09 14:30:00+05:30,DE,Bavaria CPI MoMDEC,0.5%,-0.2%,,,3.0
2025-01-09 14:30:00+05:30,DE,North Rhine Westphalia CPI MoMDEC,0.5%,-0.3%,,,3.0
2025-01-09 14:30:00+05:30,DE,Brandenburg CPI MoMDEC,0.4%,-0.2%,,,3.0
2025-01-09 14:30:00+05:30,DE,North Rhine Westphalia CPI YoYDEC,2.5%,1.9%,,,3.0
2025-01-09 14:30:00+05:30,DE,Bavaria CPI YoYDEC,3%,2.4%,,,3.0
2025-01-09 14:30:00+05:30,DE,Brandenburg CPI YoYDEC,2.4%,1.9%,,,3.0
2025-01-09 14:30:00+05:30,DE,Hesse CPI YoYDEC,2.4%,2%,,,3.0
2025-01-09 14:30:00+05:30,DE,Saxony CPI MoMDEC,0.5%,-0.2%,,,3.0
2025-01-09 15:00:00+05:30,GB,BoE Decision Maker Panel Data,,,,,3.0
2025-01-09 15:10:00+05:30,ES,15-Year Index-Linked Obligacion Auction,1.536%,1.297%,,,3.0
2025-01-09 15:10:00+05:30,ES,7-Year Obligacion Auction,2.897%,2.692%,,,3.0
2025-01-09 15:10:00+05:30,ES,20-Year Obligacion Auction,3.710%,3.527%,,,3.0
2025-01-09 15:10:00+05:30,ES,3-Year Bonos Auction,2.586%,2.277%,,,3.0
2025-01-09 15:30:00+05:30,SA,Industrial Production YoYNOV,3.4%,4.4%,,4.7%,3.0
2025-01-09 15:30:00+05:30,FR,30-Year OAT Auction,3.93%,3.78%,,,3.0
2025-01-09 15:30:00+05:30,FR,10-Year OAT Auction,3.40%,3.24%,,,3.0
2025-01-09 15:30:00+05:30,FR,20-Year OAT Auction,3.77%,3.55%,,,3.0
2025-01-09 15:30:00+05:30,EA,Retail Sales YoYNOV,1.2%,2.1%,,1.7%,2.0
2025-01-09 15:30:00+05:30,EA,Retail Sales MoMNOV,0.1%,-0.3%,0.4%,0.1%,2.0
2025-01-09 15:30:00+05:30,FR,12-Year OAT Auction,3.49%,3.04%,,,3.0
2025-01-09 16:30:00+05:30,ZA,Manufacturing Production MoMNOV,-1.1%,0.8%,,0.8%,3.0
2025-01-09 16:30:00+05:30,ES,Business ConfidenceDEC,-4.6,-5.1,,-4.6,2.0
2025-01-09 16:30:00+05:30,ZA,Manufacturing Production YoYNOV,-2.6%,0.9%,,-1.0%,3.0
2025-01-09 17:00:00+05:30,TR,Foreign Exchange ReservesJAN/03,$92.59B,$90.74B,,,3.0
2025-01-09 17:30:00+05:30,MX,Core Inflation Rate YoYDEC,3.65%,3.58%,3.62%,3.6%,3.0
2025-01-09 17:30:00+05:30,BR,Retail Sales MoMNOV,-0.4%,0.4%,0.1%,0.5%,2.0
2025-01-09 17:30:00+05:30,BR,Retail Sales YoYNOV,4.7%,6.7%,3.8%,5%,3.0
2025-01-09 17:30:00+05:30,MX,Core Inflation Rate MoMDEC,0.51%,0.05%,0.45%,0.5%,3.0
2025-01-09 17:30:00+05:30,MX,Inflation Rate YoYDEC,4.21%,4.55%,4.28%,4.4%,2.0
2025-01-09 17:30:00+05:30,MX,Inflation Rate MoMDEC,0.38%,0.44%,0.40%,0.4%,2.0
2025-01-09 18:00:00+05:30,US,Challenger Job CutsDEC,38.792K,57.727K,,65K,3.0
2025-01-09 18:00:00+05:30,IN,M3 Money Supply YoYDEC/27,9.3%,10.7%,,,3.0
2025-01-09 19:30:00+05:30,US,Fed Harker Speech,,,,,2.0
2025-01-09 19:35:00+05:30,US,Fed Collins Speech,,,,,2.0
2025-01-09 19:40:00+05:30,MX,Auto Production YoYDEC,4.2%,6.7%,,16.0%,3.0
2025-01-09 19:40:00+05:30,MX,Auto Exports YoYDEC,-5.8%,2.9%,,3.1%,3.0
2025-01-09 20:30:00+05:30,MX,Monetary Policy Meeting Minutes,,,,,2.0
2025-01-09 21:00:00+05:30,US,NY Fed Treasury Purchases 1 to 2.5 yrs,,,$25 million,,3.0
2025-01-09 21:30:00+05:30,GB,BoE Breeden Speech,,,,,2.0
2025-01-09 22:00:00+05:30,US,8-Week Bill Auction,4.240%,4.240%,,,3.0
2025-01-09 22:00:00+05:30,US,4-Week Bill Auction,4.245%,4.265%,,,3.0
2025-01-09 22:30:00+05:30,US,15-Year Mortgage RateJAN/09,6.14%,6.13%,,,3.0
2025-01-09 22:30:00+05:30,US,30-Year Mortgage RateJAN/09,6.93%,6.91%,,,3.0
2025-01-09 22:30:00+05:30,CA,10-Year Bond Auction,3.358%,3.142%,,,3.0
2025-01-09 23:15:00+05:30,US,Fed Barkin Speech,,,,,2.0
2025-01-10 00:00:00+05:30,US,Fed Schmid Speech,,,,,2.0
2025-01-10 00:05:00+05:30,US,Fed Bowman Speech,,,,,2.0
2025-01-10 05:00:00+05:30,JP,Household Spending YoYNOV,-0.4%,-1.3%,-0.6%,-0.6%,2.0
2025-01-10 05:00:00+05:30,ID,Motorbike Sales YoYDEC,-5.5%,-10.3%,,,3.0
2025-01-10 05:00:00+05:30,JP,Household Spending MoMNOV,0.4%,2.9%,-0.9%,-1.4%,2.0
2025-01-10 05:20:00+05:30,JP,Foreign Exchange ReservesDEC,$1230.7B,$1239B,,,3.0
2025-01-10 08:45:00+05:30,ID,Retail Sales YoYNOV,0.9%,1.5%,,,3.0
2025-01-10 09:05:00+05:30,JP,3-Month Bill Auction,0.2402%,0.2178%,,,3.0
2025-01-10 10:30:00+05:30,JP,Leading Economic Index PrelNOV,107.0,109.1,107.2,107.8,3.0
2025-01-10 10:30:00+05:30,JP,Coincident Index PrelNOV,115.3,116.8,,117,3.0
2025-01-10 12:30:00+05:30,TR,Unemployment RateNOV,8.6%,8.7%,,8.9%,2.0
2025-01-10 12:30:00+05:30,TR,Industrial Production YoYNOV,1.5%,-3.1%,,-2.6%,2.0
2025-01-10 12:30:00+05:30,ID,Car Sales YoYDEC,-6.4%,-11.9%,,,3.0
2025-01-10 12:30:00+05:30,TR,Industrial Production MoMNOV,2.9%,-0.9%,,-0.2%,3.0
2025-01-10 12:30:00+05:30,TR,Participation RateNOV,54.2%,54.7%,,54.8%,3.0
2025-01-10 13:15:00+05:30,FR,Household Consumption MoMNOV,0.3%,-0.3%,0.2%,0.4%,3.0
2025-01-10 13:15:00+05:30,FR,Industrial Production MoMNOV,0.2%,-0.3%,0%,0.2%,2.0
2025-01-10 13:30:00+05:30,ES,Industrial Production YoYNOV,-0.4%,1.5%,,2.4%,3.0
2025-01-10 14:30:00+05:30,IT,Retail Sales MoMNOV,-0.4%,-0.5%,0.2%,0.3%,2.0
2025-01-10 14:30:00+05:30,IT,Retail Sales YoYNOV,1.1%,2.6%,,2.3%,3.0
2025-01-10 15:40:00+05:30,IT,12-Month BOT Auction,2.517%,2.411%,,,3.0
2025-01-10 16:00:00+05:30,IN,Manufacturing Production YoYNOV,5.8%,4.1%,,,2.0
2025-01-10 16:00:00+05:30,IN,Industrial Production YoYNOV,5.2%,3.7%,4%,,2.0
2025-01-10 17:00:00+05:30,IN,Foreign Exchange ReservesJAN/03,$634.59B,$640.28B,,,3.0
2025-01-10 17:30:00+05:30,BR,Inflation Rate MoMDEC,0.52%,0.39%,,0.2%,2.0
2025-01-10 17:30:00+05:30,MX,Industrial Production YoYNOV,-1.4%,-2.1%,-1.4%,-1.4%,3.0
2025-01-10 17:30:00+05:30,MX,Industrial Production MoMNOV,0.1%,-1.1%,0%,0.4%,3.0
2025-01-10 17:30:00+05:30,BR,Inflation Rate YoYDEC,4.83%,4.87%,,4.9%,2.0
2025-01-10 19:00:00+05:30,US,Participation RateDEC,62.5%,62.5%,,62.8%,2.0
2025-01-10 19:00:00+05:30,US,Average Weekly HoursDEC,34.3,34.3,34.3,34.3,3.0
2025-01-10 19:00:00+05:30,US,Manufacturing PayrollsDEC,-13K,25K,5K,29K,3.0
2025-01-10 19:00:00+05:30,US,Non Farm PayrollsDEC,256K,212K,160K,200K,1.0
2025-01-10 19:00:00+05:30,CA,Average Hourly Wages YoYDEC,3.7%,3.9%,,3.9%,3.0
2025-01-10 19:00:00+05:30,US,Average Hourly Earnings YoY,3.9%,4%,4%,4%,2.0
2025-01-10 19:00:00+05:30,CA,Unemployment RateDEC,6.7%,6.8%,6.9%,6.8%,1.0
2025-01-10 19:00:00+05:30,CA,Employment ChangeDEC,90.9K,50.5K,25K,11.0K,2.0
2025-01-10 19:00:00+05:30,US,Nonfarm Payrolls PrivateDEC,223K,182K,135K,185K,3.0
2025-01-10 19:00:00+05:30,CA,Full Time Employment ChgDEC,57.5K,54.2K,,10K,2.0
2025-01-10 19:00:00+05:30,CA,Building Permits MoMNOV,-5.9%,-4.1%,1.3%,1.0%,3.0
2025-01-10 19:00:00+05:30,CA,Part Time Employment ChgDEC,33.5K,-3.6K,,1K,2.0
2025-01-10 19:00:00+05:30,US,Average Hourly Earnings MoMDEC,0.3%,0.4%,0.3%,0.3%,2.0
2025-01-10 19:00:00+05:30,US,Government PayrollsDEC,33K,30K,,15K,3.0
2025-01-10 19:00:00+05:30,US,U-6 Unemployment Rate,7.5%,7.7%,,7.9%,3.0
2025-01-10 19:00:00+05:30,CA,Participation RateDEC,65.1%,65.1%,,65%,2.0
2025-01-10 19:00:00+05:30,US,Unemployment RateDEC,4.1%,4.2%,4.2%,4.30%,1.0
2025-01-10 19:15:00+05:30,DE,Current AccountNOV,€24.1B,€13.7B,,€22.5B,3.0
2025-01-10 20:30:00+05:30,US,Michigan Consumer Expectations PrelJAN,70.2,73.3,,74,3.0
2025-01-10 20:30:00+05:30,US,Michigan Current Conditions PrelJAN,77.9,75.1,,78,3.0
2025-01-10 20:30:00+05:30,US,Michigan Inflation Expectations PrelJAN,3.3%,2.8%,,3.0%,3.0
2025-01-10 20:30:00+05:30,US,Michigan Consumer Sentiment PrelJAN,73.2,74.0,73.8,75,1.0
2025-01-10 20:30:00+05:30,US,Michigan 5 Year Inflation Expectations PrelJAN,3.3%,3%,,3.2%,3.0
2025-01-10 22:30:00+05:30,US,WASDE Report,,,,,3.0
2025-01-10 22:30:00+05:30,US,Quarterly Grain Stocks - SoyDEC,3.1B,0.342B,,,3.0
2025-01-10 22:30:00+05:30,US,Quarterly Grain Stocks - CornDEC,12.074B,1.760B,,,3.0
2025-01-10 22:30:00+05:30,US,Quarterly Grain Stocks - WheatDEC,1.57B,1.98B,,,3.0
2025-01-10 23:30:00+05:30,US,Baker Hughes Oil Rig CountJAN/10,480,482,,,3.0
2025-01-10 23:30:00+05:30,US,Baker Hughes Total Rigs CountJAN/10,584,588,,,3.0
2025-01-11 03:00:00+05:30,US,Fed Balance SheetJAN/08,$6.85T,$6.85T,,,3.0
2025-01-13 06:00:00+05:30,AU,ANZ-Indeed Job Ads MoMDEC,0.3%,-1.8%,,0.3%,3.0
2025-01-13 06:30:00+05:30,AU,TD-MI Inflation Gauge MoMDEC,0.6%,0.2%,,0.2%,3.0
2025-01-13 08:30:00+05:30,CN,Balance of TradeDEC,$104.84B,$97.44B,$99.80B,$ 85B,1.0
2025-01-13 08:30:00+05:30,CN,Imports YoYDEC,1%,-3.9%,-1.5%,-2%,1.0
2025-01-13 08:30:00+05:30,CN,Exports YoYDEC,10.7%,6.7%,7.3%,7.1%,1.0
2025-01-13 08:45:00+05:30,EA,ECB Lane Speech,,,,,2.0
2025-01-13 12:20:00+05:30,KR,3-Year KTB Auction,2.625%,2.53%,,,3.0
2025-01-13 12:30:00+05:30,TR,Current AccountNOV,$-2.87B,$1.84B,$-3.1B,$-3.4B,3.0
2025-01-13 12:30:00+05:30,TR,Auto Production YoYDEC,3.6%,-15.4%,,-19.0%,3.0
2025-01-13 12:30:00+05:30,TR,Retail Sales MoMNOV,1.9%,0.5%,,0%,3.0
2025-01-13 12:30:00+05:30,TR,Auto Sales YoYDEC,7.3%,5.3%,,-4.0%,3.0
2025-01-13 12:30:00+05:30,TR,Retail Sales YoYNOV,16.4%,15.5%,,14.1%,3.0
2025-01-13 12:30:00+05:30,CN,Vehicle Sales YoYDEC,10.5%,11.7%,,6.4%,3.0
2025-01-13 15:40:00+05:30,IT,7-Year BTP Auction,3.49%,2.92%,,,3.0
2025-01-13 15:40:00+05:30,IT,3-Year BTP Auction,2.85%,2.35%,,,3.0
2025-01-13 16:00:00+05:30,DE,12-Month Bubill Auction,2.4019%,2.6672%,,,3.0
2025-01-13 16:00:00+05:30,IN,Inflation Rate YoYDEC,5.22%,5.48%,5.30%,5.2%,2.0
2025-01-13 16:00:00+05:30,IN,Inflation Rate MoMDEC,-0.56%,-0.15%,,0.2%,3.0
2025-01-13 16:30:00+05:30,RU,Vehicle Sales YoYDEC,3.7%,12%,,,3.0
2025-01-13 19:30:00+05:30,FR,12-Month BTF Auction,2.489%,2.435%,,,3.0
2025-01-13 19:30:00+05:30,FR,6-Month BTF Auction,2.593%,2.592%,,,3.0
2025-01-13 19:30:00+05:30,FR,3-Month BTF Auction,2.691%,2.704%,,,3.0
2025-01-13 21:30:00+05:30,US,Consumer Inflation ExpectationsDEC,3%,3%,,3.1%,3.0
2025-01-13 22:00:00+05:30,US,3-Month Bill Auction,4.225%,4.205%,,,3.0
2025-01-13 22:00:00+05:30,US,6-Month Bill Auction,4.180%,4.110%,,,3.0
2025-01-14 05:00:00+05:30,AU,Westpac Consumer Confidence ChangeJAN,-0.7%,-2%,,,1.0
2025-01-14 05:00:00+05:30,AU,Westpac Consumer Confidence IndexJAN,92.1,92.8,,,1.0
2025-01-14 05:20:00+05:30,JP,Current AccountNOV,¥3352.5B,¥2457B,¥2691B,¥1990.0B,2.0
2025-01-14 05:20:00+05:30,JP,Bank Lending YoYDEC,3.1%,2.9%,3.1%,3.1%,3.0
2025-01-14 06:00:00+05:30,AU,Private House Approvals MoM FinalNOV,-1.7%,-4.0%,-1.7%,,3.0
2025-01-14 06:00:00+05:30,AU,Building Permits MoM FinalNOV,-3.6%,5.2%,-3.6%,,3.0
2025-01-14 09:05:00+05:30,JP,5-Year JGB Auction,0.876%,0.734%,,,3.0
2025-01-14 10:30:00+05:30,JP,Eco Watchers Survey CurrentDEC,49.9,49.4,49.6,49.8,3.0
2025-01-14 10:30:00+05:30,SG,MAS 12-Week Bill Auction,3.18%,3.19%,,,3.0
2025-01-14 10:30:00+05:30,SG,MAS 4-Week Bill Auction,3.2%,3.24%,,,3.0
2025-01-14 10:30:00+05:30,JP,Eco Watchers Survey OutlookDEC,48.8,49.4,,49.6,3.0
2025-01-14 11:00:00+05:30,KR,5-Year KTB Auction,2.725%,2.680%,,,3.0
2025-01-14 12:00:00+05:30,IN,WPI Food Index YoYDEC,8.89%,8.92%,,10.2%,3.0
2025-01-14 12:00:00+05:30,IN,WPI Inflation YoYDEC,2.37%,1.89%,2.30%,2.3%,3.0
2025-01-14 12:00:00+05:30,IN,WPI Fuel YoYDEC,-3.79%,-5.83%,,-3.2%,3.0
2025-01-14 12:00:00+05:30,IN,WPI Manufacturing YoYDEC,2.14%,2%,,3%,3.0
2025-01-14 12:50:00+05:30,CN,New Yuan LoansDEC,CNY990B,CNY580B,CNY850B,CNY690.0B,2.0
2025-01-14 12:50:00+05:30,CN,Outstanding Loan Growth YoYDEC,7.6%,7.7%,7.6%,7.5%,3.0
2025-01-14 12:50:00+05:30,CN,Total Social FinancingDEC,CNY2860B,CNY2340B,CNY2000B,CNY1850.0B,3.0
2025-01-14 12:50:00+05:30,CN,M2 Money Supply YoYDEC,7.3%,7.1%,7.3%,,3.0
2025-01-14 13:05:00+05:30,EA,ECB Lane Speech,,,,,3.0
2025-01-14 13:15:00+05:30,FR,Budget BalanceNOV,€-172.5B,€-157.4B,,€-162.0B,3.0
2025-01-14 14:00:00+05:30,GB,BoE Breeden Speech,,,,,3.0
2025-01-14 14:30:00+05:30,IT,Industrial Production MoMNOV,0.3%,0.1%,0.2%,0.2%,2.0
2025-01-14 14:30:00+05:30,IT,Industrial Production YoYNOV,-1.5%,-3.5%,,-3.3%,3.0
2025-01-14 15:10:00+05:30,ES,3-Month Letras Auction,2.493%,2.567%,,,3.0
2025-01-14 15:10:00+05:30,ES,9-Month Letras Auction,2.485%,2.366%,,,3.0
2025-01-14 15:30:00+05:30,GB,20-Year Index-Linked Treasury Gilt Auction,2.126%,1.200%,,,3.0
2025-01-14 16:00:00+05:30,JP,BoJ Himino Speech,,,,,3.0
2025-01-14 16:00:00+05:30,DE,5-Year Bobl Auction,2.42%,2.04%,,,3.0
2025-01-14 16:30:00+05:30,US,NFIB Business Optimism IndexDEC,105.1,101.7,100.8,102,3.0
2025-01-14 18:30:00+05:30,BR,Car Production MoMDEC,-19.5%,-5.2%,,3.4%,3.0
2025-01-14 18:30:00+05:30,BR,New Car Registrations MoMDEC,1.6%,-4.5%,,-2.5%,3.0
2025-01-14 19:00:00+05:30,US,PPI MoMDEC,0.2%,0.4%,0.3%,0.3%,1.0
2025-01-14 19:00:00+05:30,US,PPI YoYDEC,3.3%,3%,3.4%,3.3%,3.0
2025-01-14 19:00:00+05:30,US,PPIDEC,146.842,146.521,,146.8,3.0
2025-01-14 19:00:00+05:30,US,"PPI Ex Food, Energy and Trade YoYDEC",3.3%,3.5%,,3.6%,3.0
2025-01-14 19:00:00+05:30,US,Core PPI MoMDEC,0%,0.2%,0.3%,0.2%,2.0
2025-01-14 19:00:00+05:30,US,Core PPI YoYDEC,3.5%,3.5%,3.8%,3.5%,3.0
2025-01-14 19:00:00+05:30,US,"PPI Ex Food, Energy and Trade MoMDEC",0.1%,0.1%,0.3%,0.2%,3.0
2025-01-14 19:25:00+05:30,US,Redbook YoYJAN/11,4%,6.8%,,,3.0
2025-01-14 20:30:00+05:30,US,Fed Schmid Speech,,,,,2.0
2025-01-14 20:35:00+05:30,US,RCM/TIPP Economic Optimism IndexJAN,51.9,54,55.1,54.2,3.0
2025-01-14 22:00:00+05:30,US,42-Day Bill Auction,4.240%,4.245%,,,3.0
2025-01-15 00:30:00+05:30,AR,Inflation Rate YoYDEC,117.8%,166%,117.8%,116.0%,3.0
2025-01-15 00:30:00+05:30,US,Monthly Budget StatementDEC,$-87B,$-367B,$-75B,$-80B,2.0
2025-01-15 00:30:00+05:30,AR,Inflation Rate MoMDEC,2.7%,2.4%,2.7%,2.6%,3.0
2025-01-15 01:35:00+05:30,US,Fed Williams Speech,,,,,2.0
2025-01-15 02:30:00+05:30,KR,Import Prices YoYDEC,7%,2.8%,,4.5%,3.0
2025-01-15 02:30:00+05:30,KR,Export Prices YoYDEC,10.7%,7%,,2.8%,3.0
2025-01-15 03:00:00+05:30,US,API Crude Oil Stock ChangeJAN/10,-2.6M,-4.022M,-3.5M,,2.0
2025-01-15 04:30:00+05:30,JP,Reuters Tankan IndexJAN,2,-1,,3,3.0
2025-01-15 05:30:00+05:30,KR,Unemployment RateDEC,3.7%,2.7%,,2.8%,2.0
2025-01-15 05:30:00+05:30,IN,Passenger Vehicles Sales YoYDEC,11.4%,4.3%,,,3.0
2025-01-15 08:45:00+05:30,EA,ECB Lane Speech,,,,,3.0
2025-01-15 09:30:00+05:30,ID,Imports YoYDEC,11.07%,0.01%,4.84%,,3.0
2025-01-15 09:30:00+05:30,ID,Exports YoYDEC,4.78%,9.10%,7.38%,,3.0
2025-01-15 09:30:00+05:30,ID,Balance of TradeDEC,$2.24B,$4.37B,$3.79B,$ 3.7B,2.0
2025-01-15 11:30:00+05:30,JP,Machine Tool Orders YoYDEC,11.2%,3.0%,3%,3%,3.0
2025-01-15 11:30:00+05:30,SA,Wholesale Prices YoYDEC,1.2%,1.4%,,1.0%,3.0
2025-01-15 11:30:00+05:30,SA,Inflation Rate MoMDEC,0%,0.3%,,0.1%,3.0
2025-01-15 11:30:00+05:30,SA,Inflation Rate YoYDEC,1.9%,2%,,2%,3.0
2025-01-15 12:30:00+05:30,GB,PPI Input MoMDEC,0.1%,0%,0.2%,0.1%,3.0
2025-01-15 12:30:00+05:30,GB,PPI Output YoYDEC,0.1%,-0.5%,0%,0.1%,3.0
2025-01-15 12:30:00+05:30,GB,PPI Core Output MoMDEC,0%,0%,,0.1%,3.0
2025-01-15 12:30:00+05:30,GB,Core Inflation Rate MoMDEC,0.3%,0.0%,0.5%,0.4%,3.0
2025-01-15 12:30:00+05:30,GB,Retail Price Index MoMDEC,0.3%,0.1%,0.7%,0.5%,3.0
2025-01-15 12:30:00+05:30,GB,Core Inflation Rate YoYDEC,3.2%,3.5%,3.4%,3.4%,2.0
2025-01-15 12:30:00+05:30,DE,Wholesale Prices YoYDEC,0.1%,-0.6%,,0.1%,2.0
2025-01-15 12:30:00+05:30,GB,PPI Core Output YoYDEC,1.5%,1.6%,,2.1%,3.0
2025-01-15 12:30:00+05:30,DE,Wholesale Prices MoMDEC,0.1%,0%,0.1%,0.1%,2.0
2025-01-15 12:30:00+05:30,GB,Retail Price Index YoYDEC,3.5%,3.6%,3.8%,3.6%,3.0
2025-01-15 12:30:00+05:30,GB,PPI Output MoMDEC,0.1%,0.4%,0.1%,0.1%,3.0
2025-01-15 12:30:00+05:30,GB,Inflation Rate YoYDEC,2.5%,2.6%,2.6%,2.7%,1.0
2025-01-15 12:30:00+05:30,GB,PPI Input YoYDEC,-1.5%,-2.1%,-1.3%,-1%,3.0
2025-01-15 12:30:00+05:30,GB,Inflation Rate MoMDEC,0.3%,0.1%,0.4%,0.4%,2.0
2025-01-15 12:50:00+05:30,ID,Loan Growth YoYDEC,10.39%,10.79%,,10%,3.0
2025-01-15 13:00:00+05:30,ID,Deposit Facility RateJAN,5%,5.25%,5.25%,5.25%,3.0
2025-01-15 13:00:00+05:30,ID,Interest Rate Decision,5.75%,6%,6%,6%,2.0
2025-01-15 13:00:00+05:30,ID,Lending Facility RateJAN,6.5%,6.75%,6.75%,6.75%,3.0
2025-01-15 13:15:00+05:30,FR,Inflation Rate MoM FinalDEC,0.2%,-0.1%,0.2%,0.2%,2.0
2025-01-15 13:15:00+05:30,FR,Harmonised Inflation Rate YoY FinalDEC,1.8%,1.7%,1.8%,1.8%,3.0
2025-01-15 13:15:00+05:30,FR,Inflation Rate YoY FinalDEC,1.3%,1.3%,1.3%,1.3%,2.0
2025-01-15 13:15:00+05:30,FR,Harmonised Inflation Rate MoM FinalDEC,0.2%,-0.1%,0.2%,0.2%,3.0
2025-01-15 13:30:00+05:30,ES,Harmonised Inflation Rate MoM FinalDEC,0.4%,0%,0.4%,0.4%,3.0
2025-01-15 13:30:00+05:30,EA,ECB Guindos Speech,,,,,3.0
2025-01-15 13:30:00+05:30,ES,Inflation Rate MoM FinalDEC,0.5%,0.2%,0.4%,0.4%,3.0
2025-01-15 13:30:00+05:30,ES,Inflation Rate YoY FinalDEC,2.8%,2.4%,2.8%,2.8%,3.0
2025-01-15 13:30:00+05:30,ES,Core Inflation Rate YoY FinalDEC,2.6%,2.4%,2.6%,2.6%,3.0
2025-01-15 13:30:00+05:30,TR,Budget BalanceDEC,TRY-829.2B,TRY-16.65B,,,3.0
2025-01-15 13:30:00+05:30,ES,Harmonised Inflation Rate YoY FinalDEC,2.8%,2.4%,2.8%,2.8%,3.0
2025-01-15 14:30:00+05:30,IN,ExportsDEC,$38.01B,$32.11B,,$ 32.5B,3.0
2025-01-15 14:30:00+05:30,IN,ImportsDEC,$59.95B,$69.95B,,$ 70.5B,3.0
2025-01-15 14:30:00+05:30,DE,Full Year GDP Growth2024,-0.2%,-0.3%,-0.2%,-0.2%,1.0
2025-01-15 14:30:00+05:30,IN,Balance of TradeDEC,$-21.94B,$-37.84B,$-27.3B,$ -38.0B,2.0
2025-01-15 14:30:00+05:30,FR,IEA Oil Market Report,,,,,2.0
2025-01-15 15:30:00+05:30,EA,Industrial Production YoYNOV,-1.9%,-1.1%,-1.9%,-1.5%,3.0
2025-01-15 15:30:00+05:30,EA,Industrial Production MoMNOV,0.2%,0.2%,0.3%,0.3%,2.0
2025-01-15 15:30:00+05:30,GB,10-Year Treasury Gilt Auction,4.808%,4.332%,,,3.0
2025-01-15 16:00:00+05:30,DE,30-Year Bund Auction,2.84%,2.55%,,,3.0
2025-01-15 17:30:00+05:30,MX,Gross Fixed Investment YoYOCT,-2.6%,-2.9%,-2.8%,-5.0%,3.0
2025-01-15 17:30:00+05:30,US,MBA Mortgage ApplicationsJAN/10,33.3%,-3.7%,,,3.0
2025-01-15 17:30:00+05:30,MX,Gross Fixed Investment MoMOCT,0.1%,-0.7%,0.2%,-0.2%,3.0
2025-01-15 17:30:00+05:30,US,MBA Mortgage Market IndexJAN/10,224.4,168.4,,,3.0
2025-01-15 17:30:00+05:30,US,MBA 30-Year Mortgage RateJAN/10,7.09%,6.99%,,,2.0
2025-01-15 17:30:00+05:30,US,MBA Mortgage Refinance IndexJAN/10,575.6,401.1000,,,3.0
2025-01-15 17:30:00+05:30,US,MBA Purchase IndexJAN/10,162,127.7000,,,3.0
2025-01-15 18:30:00+05:30,RU,Foreign Exchange ReservesDEC,$609.1B,$616.5B,,$615.0B,3.0
2025-01-15 19:00:00+05:30,US,CPI s.aDEC,317.685,316.441,,317.4,2.0
2025-01-15 19:00:00+05:30,CA,Manufacturing Sales MoM FinalNOV,0.8%,2.1%,0.5%,0.5%,3.0
2025-01-15 19:00:00+05:30,US,Inflation Rate MoMDEC,0.4%,0.3%,0.3%,0.4%,1.0
2025-01-15 19:00:00+05:30,US,Core Inflation Rate YoYDEC,3.2%,3.3%,3.3%,3.3%,1.0
2025-01-15 19:00:00+05:30,US,Inflation Rate YoYDEC,2.9%,2.7%,2.9%,2.9%,1.0
2025-01-15 19:00:00+05:30,US,Core Inflation Rate MoMDEC,0.2%,0.3%,0.2%,0.3%,1.0
2025-01-15 19:00:00+05:30,CA,New Motor Vehicle SalesNOV,160.9K,164.8K,,,3.0
2025-01-15 19:00:00+05:30,US,CPIDEC,315.61,315.49,315.61,315.6,2.0
2025-01-15 19:00:00+05:30,CA,Wholesale Sales MoM FinalNOV,-0.2%,1%,-0.7%,-0.7%,3.0
2025-01-15 19:00:00+05:30,US,NY Empire State Manufacturing IndexJAN,-12.60,2.10,3,3.1,2.0
2025-01-15 19:50:00+05:30,US,Fed Barkin Speech,,,,,2.0
2025-01-15 20:30:00+05:30,US,Fed Kashkari Speech,,,,,2.0
2025-01-15 21:00:00+05:30,US,EIA Distillate Fuel Production ChangeJAN/10,-0.021M,-0.167M,,,3.0
2025-01-15 21:00:00+05:30,US,EIA Distillate Stocks ChangeJAN/10,3.077M,6.071M,1.1M,,3.0
2025-01-15 21:00:00+05:30,US,EIA Refinery Crude Runs ChangeJAN/10,-0.255M,0.045M,,,3.0
2025-01-15 21:00:00+05:30,US,EIA Crude Oil Stocks ChangeJAN/10,-1.961M,-0.959M,-1.6M,,2.0
2025-01-15 21:00:00+05:30,US,EIA Gasoline Stocks ChangeJAN/10,5.852M,6.33M,2.60M,,2.0
2025-01-15 21:00:00+05:30,US,EIA Heating Oil Stocks ChangeJAN/10,0.646M,-0.632M,,,3.0
2025-01-15 21:00:00+05:30,US,EIA Cushing Crude Oil Stocks ChangeJAN/10,0.765M,-2.502M,,,3.0
2025-01-15 21:00:00+05:30,US,EIA Crude Oil Imports ChangeJAN/10,-1.304M,0.278M,,,3.0
2025-01-15 21:00:00+05:30,US,EIA Gasoline Production ChangeJAN/10,0.397M,-0.081M,,,3.0
2025-01-15 21:30:00+05:30,US,Fed Williams Speech,,,,,2.0
2025-01-15 21:30:00+05:30,RU,Inflation Rate MoMDEC,1.3%,1.4%,1.7%,1.6%,2.0
2025-01-15 21:30:00+05:30,RU,Inflation Rate YoYDEC,9.5%,8.9%,9.7%,9.5%,2.0
2025-01-15 22:00:00+05:30,US,17-Week Bill Auction,4.210%,4.190%,,,3.0
2025-01-15 22:30:00+05:30,OP,OPEC Monthly Report,,,,,3.0
2025-01-15 22:30:00+05:30,US,NOPA Crush Report,,,,,3.0
2025-01-15 22:30:00+05:30,CA,5-Year Bond Auction,3.228%,3.146%,,,3.0
2025-01-15 22:30:00+05:30,US,Fed Golsbee Speech,,,,,2.0
2025-01-16 00:30:00+05:30,US,Fed Beige Book,,,,,3.0
2025-01-16 05:20:00+05:30,JP,PPI YoYDEC,3.8%,3.8%,3.8%,3.6%,3.0
2025-01-16 05:20:00+05:30,JP,PPI MoMDEC,0.3%,0.3%,0.4%,0.3%,3.0
2025-01-16 05:30:00+05:30,AU,Consumer Inflation ExpectationsJAN,4%,4.2%,,,3.0
2025-01-16 05:31:00+05:30,GB,RICS House Price BalanceDEC,28%,24%,27%,26.0%,2.0
2025-01-16 06:00:00+05:30,AU,Participation RateDEC,67.1%,67%,67%,66.8%,3.0
2025-01-16 06:00:00+05:30,AU,Employment ChangeDEC,56.3K,28.2K,15K,25.1K,2.0
2025-01-16 06:00:00+05:30,AU,Unemployment RateDEC,4%,3.9%,4%,3.9%,1.0
2025-01-16 06:00:00+05:30,AU,Full Time Employment ChgDEC,-23.7K,49.5K,,,2.0
2025-01-16 06:00:00+05:30,AU,Part Time Employment ChgDEC,80K,-21.2K,,,3.0
2025-01-16 06:30:00+05:30,KR,Interest Rate Decision,3%,3%,2.75%,2.75%,2.0
2025-01-16 09:05:00+05:30,JP,20-Year JGB Auction,1.983%,1.879%,,,3.0
2025-01-16 09:05:00+05:30,JP,52-Week Bill Auction,0.5429%,0.4796%,,,3.0
2025-01-16 10:30:00+05:30,SG,6-Month T-Bill Auction,2.99%,3.02%,,,3.0
2025-01-16 12:30:00+05:30,GB,GDP 3-Month AvgNOV,0%,0%,0%,0.1%,2.0
2025-01-16 12:30:00+05:30,DE,Harmonised Inflation Rate YoY FinalDEC,2.8%,2.8%,2.8%,2.8%,3.0
2025-01-16 12:30:00+05:30,GB,Goods Trade Balance Non-EUNOV,£-7.72B,£-7.65B,,£-6.8B,2.0
2025-01-16 12:30:00+05:30,GB,Industrial Production YoYNOV,-1.8%,-1.1%,-1%,-0.5%,3.0
2025-01-16 12:30:00+05:30,GB,Manufacturing Production MoMNOV,-0.3%,-0.6%,0%,0.1%,2.0
2025-01-16 12:30:00+05:30,GB,Balance of TradeNOV,£-4.76B,£-5.01B,,£-3.9B,3.0
2025-01-16 12:30:00+05:30,GB,Goods Trade BalanceNOV,£-19.31B,£-19.33B,£-17.9B,£-17.0B,2.0
2025-01-16 12:30:00+05:30,GB,Manufacturing Production YoYNOV,-1.2%,-0.4%,-0.4%,-0.4%,3.0
2025-01-16 12:30:00+05:30,GB,Industrial Production MoMNOV,-0.4%,-0.6%,0.1%,0.2%,2.0
2025-01-16 12:30:00+05:30,DE,Inflation Rate MoM FinalDEC,0.5%,-0.2%,0.4%,0.4%,2.0
2025-01-16 12:30:00+05:30,DE,Inflation Rate YoY FinalDEC,2.6%,2.2%,2.6%,2.6%,2.0
2025-01-16 12:30:00+05:30,GB,GDP MoMNOV,0.1%,-0.1%,0.2%,0.1%,1.0
2025-01-16 12:30:00+05:30,DE,Harmonised Inflation Rate MoM FinalDEC,0.7%,-0.7%,0.7%,0.7%,3.0
2025-01-16 12:30:00+05:30,GB,GDP YoYNOV,1%,1.1%,1.3%,1.5%,1.0
2025-01-16 12:30:00+05:30,GB,Construction Output YoYNOV,0.2%,-0.5%,0.1%,0.3%,3.0
2025-01-16 14:30:00+05:30,IT,Inflation Rate YoY FinalDEC,1.3%,1.3%,1.3%,1.3%,2.0
2025-01-16 14:30:00+05:30,IT,Harmonised Inflation Rate MoM FinalDEC,0.1%,-0.1%,0.1%,0.1%,3.0
2025-01-16 14:30:00+05:30,IT,Inflation Rate MoM FinalDEC,0.1%,-0.1%,0.1%,0.1%,2.0
2025-01-16 14:30:00+05:30,IT,Harmonised Inflation Rate YoY FinalDEC,1.4%,1.5%,1.4%,1.4%,3.0
2025-01-16 15:00:00+05:30,GB,BoE Credit Conditions Survey,,,,,3.0
2025-01-16 15:10:00+05:30,ES,5-Year Bonos Auction,2.763%,2.365%,,,3.0
2025-01-16 15:10:00+05:30,ES,25-Year Obligacion Auction,3.727%,3.755%,,,3.0
2025-01-16 15:10:00+05:30,ES,12-Year Obligacion Auction,3.452%,3.394%,,,3.0
2025-01-16 15:30:00+05:30,EA,Balance of TradeNOV,€16.4B,€8.6B,€8.5B,€7.8B,2.0
2025-01-16 15:30:00+05:30,IT,Balance of TradeNOV,€4.218B,€5.153B,€4.5B,€3.2B,2.0
2025-01-16 17:00:00+05:30,TR,Foreign Exchange ReservesJAN/10,$94.43B,$92.59B,,,3.0
2025-01-16 17:30:00+05:30,BR,IBC-BR Economic ActivityNOV,0.1%,0.1%,0%,-0.1%,3.0
2025-01-16 18:00:00+05:30,EA,ECB Monetary Policy Meeting Accounts,,,,,2.0
2025-01-16 18:30:00+05:30,GB,NIESR Monthly GDP TrackerDEC,0%,0%,,0.1%,3.0
2025-01-16 18:45:00+05:30,CA,Housing StartsDEC,231.5K,267.1K,245K,240.0K,2.0
2025-01-16 19:00:00+05:30,US,Retail Sales Ex Autos MoMDEC,0.4%,0.2%,0.4%,0.4%,2.0
2025-01-16 19:00:00+05:30,US,Philly Fed Business ConditionsJAN,46.3,33.8,,,3.0
2025-01-16 19:00:00+05:30,US,Philly Fed Prices PaidJAN,31.90,26.60,,,3.0
2025-01-16 19:00:00+05:30,US,Philadelphia Fed Manufacturing IndexJAN,44.3,-10.9,-5,-10,2.0
2025-01-16 19:00:00+05:30,US,Import Prices MoMDEC,0.1%,0.1%,0.1%,0.1%,2.0
2025-01-16 19:00:00+05:30,US,Philly Fed EmploymentJAN,11.9,4.8,,,3.0
2025-01-16 19:00:00+05:30,US,Import Prices YoYDEC,2.2%,1.4%,2.1%,1.6%,3.0
2025-01-16 19:00:00+05:30,US,Philly Fed New OrdersJAN,42.9,-3.6,,,3.0
2025-01-16 19:00:00+05:30,US,Export Prices MoMDEC,0.3%,0%,0.2%,0.5%,2.0
2025-01-16 19:00:00+05:30,US,Initial Jobless ClaimsJAN/11,217K,203K,210K,209.0K,2.0
2025-01-16 19:00:00+05:30,US,Philly Fed CAPEX IndexJAN,39.00,22.20,,,3.0
2025-01-16 19:00:00+05:30,US,Retail Sales YoYDEC,3.9%,4.1%,,4.0%,3.0
2025-01-16 19:00:00+05:30,US,Continuing Jobless ClaimsJAN/04,1859K,1867K,1870K,1870.0K,3.0
2025-01-16 19:00:00+05:30,US,Retail Sales Ex Gas/Autos MoMDEC,0.3%,0.2%,0.4%,0.4%,3.0
2025-01-16 19:00:00+05:30,US,Retail Sales MoMDEC,0.4%,0.8%,0.6%,0.5%,1.0
2025-01-16 19:00:00+05:30,US,Export Prices YoYDEC,1.8%,0.9%,,1.9%,3.0
2025-01-16 19:00:00+05:30,US,Jobless Claims 4-week AverageJAN/11,212.75K,213.5K,,215.0K,3.0
2025-01-16 20:30:00+05:30,US,Business Inventories MoMNOV,0.1%,0%,0.1%,0.4%,2.0
2025-01-16 20:30:00+05:30,US,Retail Inventories Ex Autos MoMNOV,0.5%,0.3%,0.6%,0.4%,3.0
2025-01-16 20:30:00+05:30,US,NAHB Housing Market IndexJAN,47,46,45,45,2.0
2025-01-16 21:00:00+05:30,US,EIA Natural Gas Stocks ChangeJAN/10,-258Bcf,-40Bcf,-255Bcf,,3.0
2025-01-16 22:00:00+05:30,US,4-Week Bill Auction,4.240%,4.245%,,,3.0
2025-01-16 22:00:00+05:30,US,8-Week Bill Auction,4.235%,4.240%,,,3.0
2025-01-16 22:30:00+05:30,US,30-Year Mortgage RateJAN/16,7.04%,6.93%,,,3.0
2025-01-16 22:30:00+05:30,FR,New Car Registrations YoYDEC,1.5%,-12.7%,,-11.5%,3.0
2025-01-16 22:30:00+05:30,BR,Business ConfidenceJAN,49.1,50.1,,49.8,2.0
2025-01-16 22:30:00+05:30,US,15-Year Mortgage RateJAN/16,6.27%,6.14%,,,3.0
2025-01-16 23:15:00+05:30,CA,BoC Gravelle Speech,,,,,2.0
2025-01-17 03:00:00+05:30,US,Fed Balance SheetJAN/15,$6.83T,$6.85T,,,3.0
2025-01-17 05:20:00+05:30,JP,Stock Investment by ForeignersJAN/11,¥313.3B,¥-74B,,,3.0
2025-01-17 05:20:00+05:30,JP,Foreign Bond InvestmentJAN/11,¥756.7B,¥-332.3B,,,3.0
2025-01-17 06:00:00+05:30,SG,Non-Oil Exports MoMDEC,1.7%,14.7%,,1.2%,3.0
2025-01-17 06:00:00+05:30,SG,Non-Oil Exports YoYDEC,9%,3.4%,7.4%,7.5%,3.0
2025-01-17 06:30:00+05:30,SG,Balance of TradeDEC,$3.85B,$6.49B,,$ 3.6B,3.0
2025-01-17 07:00:00+05:30,CN,House Price Index YoYDEC,-5.3%,-5.7%,,-5.8%,2.0
2025-01-17 07:30:00+05:30,CN,Industrial Production YoYDEC,6.2%,5.4%,5.4%,5.5%,1.0
2025-01-17 07:30:00+05:30,CN,Retail Sales YoYDEC,3.7%,3%,3.5%,3.2%,1.0
2025-01-17 07:30:00+05:30,CN,Industrial Capacity UtilizationQ4,76.2%,75.1%,,75.3%,3.0
2025-01-17 07:30:00+05:30,CN,Fixed Asset Investment (YTD) YoYDEC,3.2%,3.3%,3.3%,3.2%,2.0
2025-01-17 07:30:00+05:30,CN,GDP Growth Rate QoQQ4,1.6%,1.3%,1.6%,1.6%,2.0
2025-01-17 07:30:00+05:30,CN,Unemployment RateDEC,5.1%,5%,5%,5.00%,3.0
2025-01-17 07:30:00+05:30,CN,GDP Growth Rate YoYQ4,5.4%,4.6%,5%,5%,1.0
2025-01-17 09:05:00+05:30,JP,3-Month Bill Auction,0.3544%,0.2402%,,,3.0
2025-01-17 10:30:00+05:30,KR,50-Year KTB Auction,2.570%,2.40%,,,3.0
2025-01-17 12:30:00+05:30,GB,Retail Sales ex Fuel MoMDEC,-0.6%,0.1%,0.1%,0.2%,3.0
2025-01-17 12:30:00+05:30,GB,Retail Sales MoMDEC,-0.3%,0.1%,0.4%,0.2%,1.0
2025-01-17 12:30:00+05:30,GB,Retail Sales YoYDEC,3.6%,0%,4.2%,4.1%,2.0
2025-01-17 12:30:00+05:30,GB,Retail Sales ex Fuel YoYDEC,2.9%,-0.5%,3.6%,3.7%,3.0
2025-01-17 14:30:00+05:30,EA,Current Account s.aNOV,€27B,€30.2B,€28B,,3.0
2025-01-17 14:30:00+05:30,EA,Current AccountNOV,€34.6B,€32B,,€33.0B,3.0
2025-01-17 14:45:00+05:30,CN,FDI (YTD) YoYDEC,-27.1%,-27.9%,,-27.2%,2.0
2025-01-17 15:30:00+05:30,EA,Inflation Rate YoY FinalDEC,2.4%,2.2%,2.4%,2.4%,2.0
2025-01-17 15:30:00+05:30,IT,Current AccountNOV,€-332M,€5511M,,€2900.0M,3.0
2025-01-17 15:30:00+05:30,DE,Bundesbank Nagel Speech,,,,,3.0
2025-01-17 15:30:00+05:30,EA,Inflation Rate MoM FinalDEC,0.4%,-0.3%,0.4%,0.4%,3.0
2025-01-17 15:30:00+05:30,EA,CPI FinalDEC,127.07,126.62,127.08,127.08,3.0
2025-01-17 15:30:00+05:30,EA,Core Inflation Rate YoY FinalDEC,2.7%,2.7%,2.7%,2.8%,3.0
2025-01-17 16:30:00+05:30,EA,ECB Cipollone Speech,,,,,3.0
2025-01-17 17:00:00+05:30,IN,Deposit Growth YoYJAN/03,9.8%,11.5%,,,3.0
2025-01-17 17:00:00+05:30,IN,Foreign Exchange ReservesJAN/10,$625.87B,$634.59B,,,3.0
2025-01-17 17:00:00+05:30,IN,Bank Loan Growth YoYJAN/03,11.2%,11.5%,,,3.0
2025-01-17 19:00:00+05:30,US,Housing Starts MoMDEC,15.8%,-3.7%,,2%,2.0
2025-01-17 19:00:00+05:30,US,Building Permits PrelDEC,1.483M,1.493M,1.46M,1.48M,1.0
2025-01-17 19:00:00+05:30,US,Building Permits MoM PrelDEC,-0.7%,5.2%,,-0.9%,2.0
2025-01-17 19:00:00+05:30,CA,Foreign Securities Purchases by CanadiansNOV,C$17.85B,C$-2.65B,,,3.0
2025-01-17 19:00:00+05:30,CA,Foreign Securities PurchasesNOV,C$16.4B,C$21.55B,C$14.5B,,3.0
2025-01-17 19:00:00+05:30,US,Housing StartsDEC,1.499M,1.294M,1.32M,1.32M,1.0
2025-01-17 19:30:00+05:30,IF,IMF/World Economic Outlook,,,,,2.0
2025-01-17 19:45:00+05:30,US,Manufacturing Production YoYDEC,0%,-0.6%,,-0.7%,3.0
2025-01-17 19:45:00+05:30,US,Capacity UtilizationDEC,77.6%,77%,77%,76.9%,3.0
2025-01-17 19:45:00+05:30,US,Industrial Production MoMDEC,0.9%,0.2%,0.3%,0.1%,2.0
2025-01-17 19:45:00+05:30,US,Industrial Production YoYDEC,0.5%,-0.6%,,-0.5%,3.0
2025-01-17 19:45:00+05:30,US,Manufacturing Production MoMDEC,0.6%,0.4%,0.2%,0.4%,3.0
2025-01-17 23:30:00+05:30,US,Baker Hughes Oil Rig CountJAN/17,478,480,,,3.0
2025-01-17 23:30:00+05:30,US,Baker Hughes Total Rigs CountJAN/17,580,584,,,3.0
2025-01-18 02:30:00+05:30,US,Overall Net Capital FlowsNOV,$159.9B,$201.8B,,,3.0
2025-01-18 02:30:00+05:30,US,Net Long-term TIC FlowsNOV,$79B,$159.1B,$159.9B,,2.0
2025-01-18 02:30:00+05:30,US,Foreign Bond InvestmentNOV,$-15.8B,$92B,,,3.0
2025-01-20 05:20:00+05:30,JP,Machinery Orders YoYNOV,10.3%,5.6%,5.6%,5%,2.0
2025-01-20 05:20:00+05:30,JP,Machinery Orders MoMNOV,3.4%,2.1%,-0.4%,0.3%,2.0
2025-01-20 06:45:00+05:30,CN,Loan Prime Rate 5YJAN,3.6%,3.6%,3.6%,3.6%,2.0
2025-01-20 06:45:00+05:30,CN,Loan Prime Rate 1Y,3.1%,3.1%,3.1%,3.1%,2.0
2025-01-20 10:00:00+05:30,JP,Tertiary Industry Index MoMNOV,-0.3%,0.1%,0.1%,0.1%,3.0
2025-01-20 10:00:00+05:30,JP,Capacity Utilization MoMNOV,-1.9%,2.6%,,0.2%,3.0
2025-01-20 10:00:00+05:30,JP,Industrial Production YoY FinalNOV,-2.7%,1.4%,,-2.8%,3.0
2025-01-20 10:00:00+05:30,JP,Industrial Production MoM FinalNOV,-2.2%,2.8%,-2.3%,-2.3%,3.0
2025-01-20 10:30:00+05:30,KR,10-Year KTB Auction,2.840%,2.665%,,,3.0
2025-01-20 12:30:00+05:30,DE,PPI MoMDEC,-0.1%,0.5%,0.3%,0.4%,2.0
2025-01-20 12:30:00+05:30,DE,PPI YoYDEC,0.8%,0.1%,1.1%,1%,3.0
2025-01-20 14:30:00+05:30,ES,Balance of TradeNOV,€-5.13B,€-3.93B,,€-4.2B,2.0
2025-01-20 14:45:00+05:30,IT,Construction Output YoYNOV,3.6%,1.9%,,3.3%,3.0
2025-01-20 15:30:00+05:30,EA,Construction Output YoYNOV,1.4%,0%,,0.6%,3.0
2025-01-20 18:30:00+05:30,RU,Balance of TradeNOV,$6.02B,$8.83B,,$9.5B,3.0
2025-01-20 19:30:00+05:30,FR,6-Month BTF Auction,2.532%,2.593%,,,3.0
2025-01-20 19:30:00+05:30,FR,3-Month BTF Auction,2.633%,2.691%,,,3.0
2025-01-20 19:30:00+05:30,FR,12-Month BTF Auction,2.408%,2.489%,,,3.0
2025-01-20 20:00:00+05:30,TR,Central Government DebtDEC,TRY9.251T,TRY9.005T,,TRY 9.0T,3.0
2025-01-20 21:00:00+05:30,CA,BoC Business Outlook Survey,,,,,2.0
2025-01-20 21:00:00+05:30,EA,Eurogroup Meeting,,,,,2.0
2025-01-20 21:00:00+05:30,US,Inauguration Day,,,,,2.0
2025-01-21 00:30:00+05:30,AR,Balance of TradeDEC,$1666M,$1234M,$900M,$ 1463M,3.0
2025-01-21 02:30:00+05:30,KR,PPI MoMDEC,0.3%,0.1%,,0.2%,3.0
2025-01-21 02:30:00+05:30,KR,PPI YoYDEC,1.7%,1.4%,,1.5%,3.0
2025-01-21 09:05:00+05:30,JP,40-Year JGB Auction,2.570%,2.550%,,,3.0
2025-01-21 10:30:00+05:30,SG,MAS 12-Week Bill Auction,3.07%,3.18%,,,3.0
2025-01-21 10:30:00+05:30,SG,MAS 4-Week Bill Auction,3.1%,3.2%,,,3.0
2025-01-21 10:45:00+05:30,EU,New Car Registrations YoYDEC,5.1%,-1.9%,,-2.2%,2.0
2025-01-21 12:30:00+05:30,GB,HMRC Payrolls ChangeDEC,-47K,-32K,,-20.0K,3.0
2025-01-21 12:30:00+05:30,GB,Claimant Count ChangeDEC,0.7K,-25.1K,10.3K,15.0K,3.0
2025-01-21 12:30:00+05:30,GB,Employment ChangeNOV,36K,173K,35K,40.0K,2.0
2025-01-21 12:30:00+05:30,GB,Average Earnings excl. Bonus (3Mo/Yr)NOV,5.6%,5.2%,5.5%,5.4%,3.0
2025-01-21 12:30:00+05:30,GB,Unemployment RateNOV,4.4%,4.3%,4.3%,4.3%,1.0
2025-01-21 12:30:00+05:30,GB,Average Earnings incl. Bonus (3Mo/Yr)NOV,5.6%,5.2%,5.6%,5.5%,2.0
2025-01-21 15:00:00+05:30,ZA,Gold Production YoYNOV,-11.5%,-3.4%,,-3.0%,3.0
2025-01-21 15:00:00+05:30,ZA,Mining Production YoYNOV,-0.9%,1.1%,,-3.5%,3.0
2025-01-21 15:00:00+05:30,ZA,Mining Production MoMNOV,-0.2%,-2.8%,,2.0%,3.0
2025-01-21 15:30:00+05:30,DE,ZEW Current ConditionsJAN,-90.4,-93.1,-93,-94,3.0
2025-01-21 15:30:00+05:30,DE,ZEW Economic Sentiment IndexJAN,10.3,15.7,15.3,14,1.0
2025-01-21 15:30:00+05:30,EA,ZEW Economic Sentiment IndexJAN,18.0,17.0,16.9,16,2.0
2025-01-21 16:00:00+05:30,DE,5-Year Bund/g Auction,2.02%,2.02%,,,3.0
2025-01-21 16:00:00+05:30,DE,10-Year Bund/g Auction,2.16%,2.16%,,,3.0
2025-01-21 17:30:00+05:30,MX,Retail Sales YoYNOV,-1.9%,-1.2%,-1.2%,-0.4%,3.0
2025-01-21 17:30:00+05:30,MX,Retail Sales MoMNOV,-0.1%,-0.3%,0.3%,0.2%,3.0
2025-01-21 18:30:00+05:30,RU,Current AccountQ4,$4.8B,$7.8B,,$ 10B,3.0
2025-01-21 19:00:00+05:30,CA,Core Inflation Rate YoYDEC,1.8%,1.6%,,1.5%,2.0
2025-01-21 19:00:00+05:30,CA,CPI Trimmed-Mean YoYDEC,2.5%,2.6%,2.5%,2.6%,3.0
2025-01-21 19:00:00+05:30,CA,Inflation Rate MoMDEC,-0.4%,0%,-0.4%,-0.4%,2.0
2025-01-21 19:00:00+05:30,CA,Core Inflation Rate MoMDEC,-0.3%,-0.1%,,-0.1%,3.0
2025-01-21 19:00:00+05:30,CA,CPI Median YoYDEC,2.4%,2.6%,2.4%,2.5%,3.0
2025-01-21 19:00:00+05:30,CA,Inflation Rate YoYDEC,1.8%,1.9%,1.9%,1.8%,1.0
2025-01-21 22:00:00+05:30,US,3-Month Bill Auction,4.215%,4.225%,,,3.0
2025-01-21 22:00:00+05:30,US,6-Month Bill Auction,4.165%,4.180%,,,3.0
2025-01-21 23:30:00+05:30,EA,ECOFIN Meeting,,,,,3.0
2025-01-21 23:30:00+05:30,US,42-Day Bill Auction,4.250%,4.210%,,,3.0
2025-01-21 23:30:00+05:30,US,52-Week Bill Auction,4.025%,4.070%,,,3.0
2025-01-22 02:30:00+05:30,KR,Consumer ConfidenceJAN,91.2,88.4,,90,2.0
2025-01-22 05:30:00+05:30,AU,Westpac Leading Index MoMDEC,0%,0.1%,,0.4%,3.0
2025-01-22 12:30:00+05:30,GB,Public Sector Net Borrowing Ex BanksDEC,£-17.81B,£-11.80B,£ -14.1B,£ -11.3B,3.0
2025-01-22 13:30:00+05:30,ZA,Core Inflation Rate MoMDEC,0%,0%,,0.2%,3.0
2025-01-22 13:30:00+05:30,ZA,Core Inflation Rate YoYDEC,3.6%,3.7%,,4.3%,3.0
2025-01-22 13:30:00+05:30,ZA,Inflation Rate MoMDEC,0.1%,0%,,0.4%,2.0
2025-01-22 13:30:00+05:30,ZA,Inflation Rate YoYDEC,3%,2.9%,3.2%,3.1%,2.0
2025-01-22 16:00:00+05:30,DE,15-Year Bund Auction,2.74%,2.64%,,,3.0
2025-01-22 16:30:00+05:30,ZA,Retail Sales MoMNOV,0.8%,1.6%,,0.8%,3.0
2025-01-22 16:30:00+05:30,ZA,Retail Sales YoYNOV,7.7%,6.2%,5.5%,4.0%,3.0
2025-01-22 16:40:00+05:30,EU,6-Month Bill Auction,2.505%,2.541%,,,3.0
2025-01-22 16:40:00+05:30,EU,3-Month Bill Auction,2.615%,2.639%,,,3.0
2025-01-22 17:00:00+05:30,IN,M3 Money Supply YoYJAN/10,10.1%,9.3%,,,3.0
2025-01-22 17:30:00+05:30,US,MBA Mortgage ApplicationsJAN/17,0.1%,33.3%,,,3.0
2025-01-22 17:30:00+05:30,US,MBA Mortgage Market IndexJAN/17,224.6,224.4,,,3.0
2025-01-22 17:30:00+05:30,US,MBA Mortgage Refinance IndexJAN/17,558.8,575.6,,,3.0
2025-01-22 17:30:00+05:30,US,MBA 30-Year Mortgage RateJAN/17,7.02%,7.09%,,,2.0
2025-01-22 17:30:00+05:30,US,MBA Purchase IndexJAN/17,163.0,162.0,,,3.0
2025-01-22 19:00:00+05:30,CA,PPI YoYDEC,4.1%,2.2%,,2.4%,3.0
2025-01-22 19:00:00+05:30,CA,Raw Materials Prices YoYDEC,9.1%,2.4%,,3.8%,3.0
2025-01-22 19:00:00+05:30,CA,Raw Materials Prices MoMDEC,1.3%,-0.1%,0.4%,0.4%,3.0
2025-01-22 19:00:00+05:30,CA,PPI MoMDEC,0.2%,0.6%,0.6%,0.2%,3.0
2025-01-22 19:25:00+05:30,US,Redbook YoYJAN/18,4.5%,4%,,,3.0
2025-01-22 20:30:00+05:30,US,CB Leading Index MoMDEC,-0.1%,0.4%,0%,0%,3.0
2025-01-22 20:45:00+05:30,EA,ECB President Lagarde Speech,,,,,2.0
2025-01-22 22:00:00+05:30,US,17-Week Bill Auction,4.205%,4.210%,,,3.0
2025-01-22 23:00:00+05:30,AR,Leading Indicator MoMDEC,2.45%,1.44%,,-0.5%,3.0
2025-01-22 23:30:00+05:30,US,20-Year Bond Auction,4.900%,4.686%,,,3.0
2025-01-23 00:30:00+05:30,AR,Retail Sales YoYNOV,134.8%,127.1%,,115.0%,3.0
2025-01-23 02:30:00+05:30,KR,Business ConfidenceJAN,63,62,,60,2.0
2025-01-23 03:00:00+05:30,US,API Crude Oil Stock ChangeJAN/17,1M,-2.6M,,,2.0
2025-01-23 04:30:00+05:30,KR,GDP Growth Rate QoQ AdvQ4,0.1%,0.1%,0.2%,0.2%,2.0
2025-01-23 04:30:00+05:30,KR,GDP Growth Rate YoY AdvQ4,1.2%,1.5%,1.4%,1.3%,3.0
2025-01-23 05:20:00+05:30,JP,Stock Investment by ForeignersJAN/18,¥-66.1B,¥259.1B,,,3.0
2025-01-23 05:20:00+05:30,JP,Imports YoYDEC,1.8%,-3.8%,2.6%,-3.8%,3.0
2025-01-23 05:20:00+05:30,JP,Exports YoYDEC,2.8%,3.8%,2.3%,4%,2.0
2025-01-23 05:20:00+05:30,JP,Foreign Bond InvestmentJAN/18,¥819.3B,¥758.7B,,,3.0
2025-01-23 05:20:00+05:30,JP,Balance of TradeDEC,¥130.9B,¥-110.3B,¥-55B,¥ 100B,1.0
2025-01-23 08:30:00+05:30,ID,M2 Money Supply YoYDEC,4.4%,6.5%,,,3.0
2025-01-23 09:05:00+05:30,JP,3-Month Bill Auction,0.3657%,0.3544%,,,3.0
2025-01-23 10:30:00+05:30,KR,20-Year KTB Auction,2.770%,2.750%,,,3.0
2025-01-23 10:30:00+05:30,SG,1-Year T-Bill Auction,2.95%,2.71%,,,3.0
2025-01-23 10:30:00+05:30,SG,Core Inflation Rate YoYDEC,1.8%,1.9%,1.7%,1.8%,3.0
2025-01-23 10:30:00+05:30,SG,Inflation Rate MoMDEC,0.30%,0.00%,,0.3%,3.0
2025-01-23 10:30:00+05:30,SG,Inflation Rate YoYDEC,1.6%,1.6%,1.5%,1.5%,3.0
2025-01-23 11:30:00+05:30,SA,Balance of TradeNOV,SAR16.9B,SAR16.2B,,SAR21.8B,3.0
2025-01-23 11:30:00+05:30,SA,ExportsNOV,SAR90.5B,SAR92.9B,,,3.0
2025-01-23 11:30:00+05:30,SA,ImportsNOV,SAR73.7B,SAR76.7B,,,3.0
2025-01-23 12:30:00+05:30,TR,Consumer ConfidenceJAN,81,81.3,,81.5,2.0
2025-01-23 13:15:00+05:30,FR,Business ConfidenceJAN,95,97,96,96,2.0
2025-01-23 13:15:00+05:30,FR,Business Climate IndicatorJAN,95,95,,93,3.0
2025-01-23 15:30:00+05:30,FR,3-Year OAT Auction,2.51%,2.45%,,,3.0
2025-01-23 15:30:00+05:30,FR,4-Year OAT Auction,2.74%,2.6%,,,3.0
2025-01-23 15:30:00+05:30,GB,4-Year Treasury Gilt Auction,4.384%,4.499%,,,3.0
2025-01-23 15:30:00+05:30,FR,5-Year OAT Auction,2.84%,2.74%,,,3.0
2025-01-23 16:30:00+05:30,GB,CBI Industrial Trends OrdersJAN,-34,-40,-34,-25,2.0
2025-01-23 16:30:00+05:30,TR,Overnight Lending RateJAN,46.5%,49%,,46.5%,3.0
2025-01-23 16:30:00+05:30,TR,TCMB Interest Rate Decision,45%,47.5%,45%,45%,2.0
2025-01-23 16:30:00+05:30,ZA,Building Permits YoYNOV,-2%,21.6%,,23.0%,3.0
2025-01-23 16:30:00+05:30,FR,28-Year Index-Linked OAT Auction,1.35%,1.10%,,,3.0
2025-01-23 16:30:00+05:30,TR,Overnight Borrowing RateJAN,43.5%,46%,,43.5%,2.0
2025-01-23 16:30:00+05:30,FR,14-Year OATi Auction,1.41%,1.13%,,,3.0
2025-01-23 16:30:00+05:30,GB,CBI Business Optimism IndexQ1,-47,-24,,-30,2.0
2025-01-23 16:30:00+05:30,FR,10-Year Index-Linked OAT Auction,1.14%,1.03%,,,3.0
2025-01-23 16:30:00+05:30,FR,15-Year Index-Linked OAT Auction,1.38%,1.19%,,,3.0
2025-01-23 17:00:00+05:30,TR,Foreign Exchange ReservesJAN/17,$96.79B,$94.43B,,,3.0
2025-01-23 17:30:00+05:30,MX,Mid-month Core Inflation Rate YoYJAN,3.72%,3.62%,3.68%,3.6%,3.0
2025-01-23 17:30:00+05:30,MX,Mid-month Core Inflation Rate MoMJAN,0.28%,0.5%,0.23%,0.2%,3.0
2025-01-23 17:30:00+05:30,MX,Mid-month Inflation Rate MoMJAN,0.2%,0.42%,0.29%,0.3%,3.0
2025-01-23 17:30:00+05:30,MX,Mid-month Inflation Rate YoYJAN,3.69%,4.44%,3.78%,4%,3.0
2025-01-23 19:00:00+05:30,US,Initial Jobless ClaimsJAN/18,223K,217K,220K,219K,2.0
2025-01-23 19:00:00+05:30,CA,Retail Sales Ex Autos MoMNOV,-0.7%,0.1%,0.1%,-0.1%,2.0
2025-01-23 19:00:00+05:30,CA,Retail Sales YoYNOV,1.6%,1.5%,,1.6%,3.0
2025-01-23 19:00:00+05:30,US,Continuing Jobless ClaimsJAN/11,1899K,1853K,1860K,1861K,3.0
2025-01-23 19:00:00+05:30,CA,Retail Sales MoM PrelDEC,1.6%,0%,,0.2%,2.0
2025-01-23 19:00:00+05:30,CA,Retail Sales MoM FinalNOV,0%,0.6%,0.2%,0.1%,2.0
2025-01-23 19:00:00+05:30,US,Jobless Claims 4-week AverageJAN/18,213.5K,212.75K,,213.0K,3.0
2025-01-23 20:00:00+05:30,AR,Consumer ConfidenceJAN,47.4,46,,46.2,3.0
2025-01-23 20:30:00+05:30,EA,Consumer Confidence FlashJAN,-14.2,-14.5,-14.2,-14.7,2.0
2025-01-23 21:00:00+05:30,US,EIA Natural Gas Stocks ChangeJAN/17,-223Bcf,-258Bcf,-244Bcf,,3.0
2025-01-23 21:30:00+05:30,US,Kansas Fed Manufacturing IndexJAN,-9,-6,,-9,3.0
2025-01-23 21:30:00+05:30,US,Kansas Fed Composite IndexJAN,-5,-5,,-7,3.0
2025-01-23 22:00:00+05:30,US,4-Week Bill Auction,4.265%,4.240%,,,3.0
2025-01-23 22:00:00+05:30,US,8-Week Bill Auction,4.250%,4.235%,,,3.0
2025-01-23 22:30:00+05:30,US,15-Year Mortgage RateJAN/23,6.16%,6.27%,,,3.0
2025-01-23 22:30:00+05:30,CA,30-Year Bond Auction,3.503%,3.25%,,,3.0
2025-01-23 22:30:00+05:30,US,EIA Crude Oil Stocks ChangeJAN/17,-1.017M,-1.962M,-2.1M,,2.0
2025-01-23 22:30:00+05:30,US,EIA Distillate Stocks ChangeJAN/17,-3.07M,3.077M,0.6M,,3.0
2025-01-23 22:30:00+05:30,US,EIA Gasoline Stocks ChangeJAN/17,2.332M,5.852M,2.5M,,2.0
2025-01-23 22:30:00+05:30,US,EIA Cushing Crude Oil Stocks ChangeJAN/17,-0.148M,0.765M,,,3.0
2025-01-23 22:30:00+05:30,US,EIA Heating Oil Stocks ChangeJAN/17,0.068M,0.646M,,,3.0
2025-01-23 22:30:00+05:30,US,EIA Crude Oil Imports ChangeJAN/17,0.184M,-1.304M,,,3.0
2025-01-23 22:30:00+05:30,US,EIA Refinery Crude Runs ChangeJAN/17,-1.125M,-0.255M,,,3.0
2025-01-23 22:30:00+05:30,US,EIA Gasoline Production ChangeJAN/17,-0.043M,0.397M,,,3.0
2025-01-23 22:30:00+05:30,US,30-Year Mortgage RateJAN/23,6.96%,7.04%,,,3.0
2025-01-23 22:30:00+05:30,US,EIA Distillate Fuel Production ChangeJAN/17,-0.473M,-0.021M,,,3.0
2025-01-23 23:30:00+05:30,US,10-Year TIPS Auction,2.243%,2.071%,,,3.0
2025-01-24 00:30:00+05:30,AR,Economic Activity YoYNOV,0.1%,-0.7%,-0.6%,-0.5%,3.0
2025-01-24 03:00:00+05:30,US,Fed Balance SheetJAN/22,$6.83T,$6.83T,,,3.0
2025-01-24 03:30:00+05:30,AU,S&P Global Australia Composite PMI FlashJAN,50.3,50.2,,50.4,3.0
2025-01-24 03:30:00+05:30,AU,S&P Global Australia Manufacturing PMI FlashJAN,49.8,47.8,,48.3,2.0
2025-01-24 03:30:00+05:30,AU,S&P Global Australia Services PMI FlashJAN,50.4,50.8,,50.6,2.0
2025-01-24 05:00:00+05:30,JP,Inflation Rate MoMDEC,0.6%,0.4%,,0.4%,3.0
2025-01-24 05:00:00+05:30,JP,Core Inflation Rate YoYDEC,3%,2.7%,3%,2.9%,2.0
2025-01-24 05:00:00+05:30,JP,Inflation Rate YoYDEC,3.6%,2.9%,,3.2%,1.0
2025-01-24 05:00:00+05:30,JP,Inflation Rate Ex-Food and Energy YoYDEC,2.4%,2.4%,,2.6%,3.0
2025-01-24 05:31:00+05:30,GB,Gfk Consumer ConfidenceJAN,-22,-17,-18,-23,1.0
2025-01-24 06:00:00+05:30,JP,Jibun Bank Services PMI FlashJAN,52.7,50.9,,51.1,2.0
2025-01-24 06:00:00+05:30,JP,Jibun Bank Manufacturing PMI FlashJAN,48.8,49.6,49.7,49.9,2.0
2025-01-24 06:00:00+05:30,SG,URA Property Index QoQ FinalQ4,2.3%,-0.7%,,0.2%,3.0
2025-01-24 06:00:00+05:30,JP,Jibun Bank Composite PMI FlashJAN,51.1,50.5,,51,3.0
2025-01-24 09:00:00+05:30,JP,BoJ Quarterly Outlook Report,,,,,2.0
2025-01-24 09:00:00+05:30,JP,BoJ Interest Rate Decision,0.5%,0.25%,0.5%,0.5%,1.0
2025-01-24 10:30:00+05:30,SG,Industrial Production MoMDEC,-0.7%,1.7%,-1.2%,-1.3%,3.0
2025-01-24 10:30:00+05:30,IN,HSBC Services PMI FlashJAN,56.8,59.3,59.5,59.1,2.0
2025-01-24 10:30:00+05:30,SG,Industrial Production YoYDEC,10.6%,10.8%,6.4%,7%,3.0
2025-01-24 10:30:00+05:30,IN,HSBC Manufacturing PMI FlashJAN,58,56.4,56.7,56.1,2.0
2025-01-24 10:30:00+05:30,IN,HSBC Composite PMI FlashJAN,57.9,59.2,59.6,58.8,2.0
2025-01-24 13:30:00+05:30,ES,PPI YoYDEC,2.3%,1.2%,,1.5%,3.0
2025-01-24 13:45:00+05:30,FR,HCOB Manufacturing PMI FlashJAN,45.3,41.9,42.3,42.2,2.0
2025-01-24 13:45:00+05:30,FR,HCOB Composite PMI FlashJAN,48.3,47.5,47.7,48,3.0
2025-01-24 13:45:00+05:30,FR,HCOB Services PMI FlashJAN,48.9,49.3,49.3,49.5,2.0
2025-01-24 14:00:00+05:30,DE,HCOB Composite PMI FlashJAN,50.1,48,48.2,47.8,2.0
2025-01-24 14:00:00+05:30,DE,HCOB Manufacturing PMI FlashJAN,44.1,42.5,42.7,42.3,1.0
2025-01-24 14:00:00+05:30,DE,HCOB Services PMI FlashJAN,52.5,51.2,51,51,2.0
2025-01-24 14:30:00+05:30,EA,HCOB Composite PMI FlashJAN,50.2,49.6,49.7,49.4,2.0
2025-01-24 14:30:00+05:30,EA,HCOB Services PMI FlashJAN,51.4,51.6,51.5,51.4,2.0
2025-01-24 14:30:00+05:30,EA,HCOB Manufacturing PMI FlashJAN,46.1,45.1,45.3,45,2.0
2025-01-24 15:00:00+05:30,GB,S&P Global Manufacturing PMI FlashJAN,48.2,47,47,47.2,1.0
2025-01-24 15:00:00+05:30,GB,S&P Global Composite PMI FlashJAN,50.9,50.4,50,50.3,3.0
2025-01-24 15:00:00+05:30,GB,S&P Global Services PMI FlashJAN,51.2,51.1,50.9,51,1.0
2025-01-24 15:30:00+05:30,EA,ECB President Lagarde Speech,,,,,2.0
2025-01-24 16:30:00+05:30,GB,CBI Distributive TradesJAN,-24,-15,-5,-11,2.0
2025-01-24 17:00:00+05:30,IN,Foreign Exchange ReservesJAN/17,$623.98B,$625.87B,,,3.0
2025-01-24 17:10:00+05:30,BR,Current AccountDEC,$-9B,$-3.2B,,$ -6.7B,3.0
2025-01-24 17:10:00+05:30,BR,Foreign Direct InvestmentDEC,$2.8B,$7B,,$ 6B,3.0
2025-01-24 17:30:00+05:30,MX,Economic Activity YoYNOV,0.5%,0.8%,0.6%,1.0%,3.0
2025-01-24 17:30:00+05:30,BR,IPCA mid-month CPI YoYJAN,4.5%,4.71%,4.36%,4.4%,3.0
2025-01-24 17:30:00+05:30,MX,Economic Activity MoMNOV,0.4%,-0.7%,0.3%,0.4%,3.0
2025-01-24 17:30:00+05:30,BR,IPCA mid-month CPI MoMJAN,0.11%,0.34%,-0.03%,0%,3.0
2025-01-24 19:00:00+05:30,CA,New Housing Price Index MoMDEC,-0.1%,0.1%,0.2%,0.2%,2.0
2025-01-24 19:00:00+05:30,CA,Manufacturing Sales MoM PrelDEC,0.6%,0.8%,,0.3%,3.0
2025-01-24 19:00:00+05:30,CA,New Housing Price Index YoYDEC,0.1%,0.2%,,0.5%,2.0
2025-01-24 20:15:00+05:30,US,S&P Global Manufacturing PMI FlashJAN,50.1,49.4,49.7,49.6,2.0
2025-01-24 20:15:00+05:30,US,S&P Global Services PMI FlashJAN,52.8,56.8,56.5,56.6,2.0
2025-01-24 20:15:00+05:30,US,S&P Global Composite PMI FlashJAN,52.4,55.4,,55.3,2.0
2025-01-24 20:30:00+05:30,US,Michigan Current Conditions FinalJAN,74.0,75.1,77.9,77.9,3.0
2025-01-24 20:30:00+05:30,US,Existing Home SalesDEC,4.24M,4.15M,4.19M,4.1M,1.0
2025-01-24 20:30:00+05:30,US,Michigan 5 Year Inflation Expectations FinalJAN,3.2%,3%,3.3%,3.3%,3.0
2025-01-24 20:30:00+05:30,US,Michigan Consumer Sentiment FinalJAN,71.1,74.0,73.2,73.2,2.0
2025-01-24 20:30:00+05:30,US,Existing Home Sales MoMDEC,2.2%,4.8%,,0.3%,2.0
2025-01-24 20:30:00+05:30,US,Michigan Consumer Expectations FinalJAN,69.3,73.3,70.2,70.2,3.0
2025-01-24 20:30:00+05:30,US,Michigan Inflation Expectations FinalJAN,3.3%,2.8%,3.3%,3.3%,3.0
2025-01-24 23:30:00+05:30,US,Baker Hughes Total Rigs CountJAN/24,576,580,,,3.0
2025-01-24 23:30:00+05:30,US,Baker Hughes Oil Rig CountJAN/24,472,478,,,3.0
2025-01-27 07:00:00+05:30,CN,NBS Manufacturing PMIJAN,49.1,50.1,50.1,50.3,1.0
2025-01-27 07:00:00+05:30,CN,Industrial Profits (YTD) YoYDEC,-3.3%,-4.7%,,-5.0%,3.0
2025-01-27 07:00:00+05:30,CN,NBS General PMIJAN,50.1,52.2,52,51.7,3.0
2025-01-27 07:00:00+05:30,CN,NBS Non Manufacturing PMIJAN,50.2,52.2,,51.8,2.0
2025-01-27 10:30:00+05:30,JP,Leading Economic Index FinalNOV,107.5,109.1,107.0,107,3.0
2025-01-27 10:30:00+05:30,SG,MAS 12-Week Bill Auction,3.08%,3.07%,,,3.0
2025-01-27 10:30:00+05:30,JP,Coincident Index FinalNOV,115.4,116.8,,115.3,3.0
2025-01-27 10:30:00+05:30,SG,MAS 4-Week Bill Auction,3.1%,3.1%,,,3.0
2025-01-27 10:30:00+05:30,SG,2-Year Bond Yield,2.82%,3.46%,,,3.0
2025-01-27 12:30:00+05:30,TR,Business ConfidenceJAN,100.9,99.1,,99,2.0
2025-01-27 12:30:00+05:30,TR,Capacity UtilizationJAN,74.6%,75.8%,,75.8%,3.0
2025-01-27 13:00:00+05:30,SG,Unemployment Rate PrelQ4,1.9%,1.9%,,2.00%,3.0
2025-01-27 14:30:00+05:30,DE,Ifo Business ClimateJAN,85.1,84.7,84.7,84.5,1.0
2025-01-27 14:30:00+05:30,DE,Ifo ExpectationsJAN,84.2,84.4,84.2,84,3.0
2025-01-27 14:30:00+05:30,DE,Ifo Current ConditionsJAN,86.1,85.1,85.4,85.2,3.0
2025-01-27 16:15:00+05:30,EU,10-Year Bond Auction,2.982%,2.821%,,,3.0
2025-01-27 16:15:00+05:30,EU,5-Year Bond Auction,2.627%,2.710%,,,3.0
2025-01-27 16:30:00+05:30,BR,FGV Consumer ConfidenceJAN,86.2,91.3,,91.4,3.0
2025-01-27 16:30:00+05:30,FR,Unemployment Benefit ClaimsDEC,21.8K,43.5K,,10K,2.0
2025-01-27 16:30:00+05:30,FR,Jobseekers TotalDEC,2957K,2935K,,2875K,3.0
2025-01-27 17:00:00+05:30,BR,Bank Lending MoMDEC,1.4%,1%,,1.4%,3.0
2025-01-27 17:30:00+05:30,MX,Balance of TradeDEC,$2.567B,$-0.133B,$1.5B,$ 0.4B,2.0
2025-01-27 18:00:00+05:30,US,Building Permits FinalDEC,1.482M,1.493M,1.483M,1.6M,3.0
2025-01-27 18:00:00+05:30,US,Building Permits MoM FinalDEC,-0.7%,5.2%,-0.7%,-0.7%,3.0
2025-01-27 19:00:00+05:30,CA,Wholesale Sales MoM PrelDEC,0.1%,-0.2%,,0.5%,3.0
2025-01-27 19:00:00+05:30,US,Chicago Fed National Activity IndexDEC,0.15,-0.01,,0.1,2.0
2025-01-27 19:30:00+05:30,FR,6-Month BTF Auction,2.508%,2.532%,,,3.0
2025-01-27 19:30:00+05:30,FR,3-Month BTF Auction,2.608%,2.633%,,,3.0
2025-01-27 19:30:00+05:30,FR,12-Month BTF Auction,2.407%,2.408%,,,3.0
2025-01-27 20:30:00+05:30,US,New Home SalesDEC,0.698M,0.674M,0.67M,0.64M,2.0
2025-01-27 20:30:00+05:30,US,New Home Sales MoMDEC,3.6%,9.6%,,-3.5%,2.0
2025-01-27 21:00:00+05:30,US,Dallas Fed Manufacturing IndexJAN,14.1,3.4,,4,2.0
2025-01-27 21:05:00+05:30,EA,ECB President Lagarde Speech,,,,,2.0
2025-01-27 22:00:00+05:30,US,2-Year Note Auction,4.211%,4.335%,,,3.0
2025-01-27 22:00:00+05:30,US,6-Month Bill Auction,4.140%,4.165%,,,3.0
2025-01-27 23:30:00+05:30,BR,BCB Focus Market Readout,,,,,3.0
2025-01-27 23:30:00+05:30,US,5-Year Note Auction,4.33%,4.478%,,,3.0
2025-01-27 23:30:00+05:30,US,3-Month Bill Auction,4.195%,4.215%,,,3.0
2025-01-28 06:00:00+05:30,AU,NAB Business ConfidenceDEC,-2,-3,,3,1.0
2025-01-28 10:30:00+05:30,SG,Import Prices YoYDEC,-3.6%,-6.0%,,-4.1%,3.0
2025-01-28 10:30:00+05:30,SG,Export Prices YoYDEC,-3.1%,-5.2%,,-4.6%,3.0
2025-01-28 10:30:00+05:30,SG,PPI YoYDEC,1.5%,-3.9%,,-4.6%,3.0
2025-01-28 10:30:00+05:30,SG,6-Month T-Bill Auction,3.04%,2.99%,,,3.0
2025-01-28 11:30:00+05:30,ZA,Leading Business Cycle Indicator MoMNOV,0.6%,1.1%,,-0.7%,3.0
2025-01-28 13:15:00+05:30,FR,Consumer ConfidenceJAN,92,89,90,89,2.0
2025-01-28 13:30:00+05:30,ES,Unemployment RateQ4,10.61%,11.21%,11.1%,11.0%,2.0
2025-01-28 15:30:00+05:30,GB,10-Year Index-Linked Treasury Gilt Auction,1.128%,0.745%,,,3.0
2025-01-28 15:40:00+05:30,IT,10-Year BTP€i Auction,1.90%,1.51%,,,3.0
2025-01-28 15:40:00+05:30,IT,2-Year BTP Short Term Auction,2.61%,2.47%,,,3.0
2025-01-28 15:40:00+05:30,IT,5-Year BTP€i Auction,1.17%,1.16%,,,3.0
2025-01-28 16:00:00+05:30,DE,2-Year Schatz Auction,2.26%,2.18%,,,3.0
2025-01-28 19:00:00+05:30,US,Non Defense Goods Orders Ex AirDEC,0.5%,0.9%,0.3%,0.3%,3.0
2025-01-28 19:00:00+05:30,US,Durable Goods Orders Ex Transp MoMDEC,0.3%,-0.2%,0.4%,0.4%,2.0
2025-01-28 19:00:00+05:30,US,Durable Goods Orders MoMDEC,-2.2%,-2%,0.6%,0.5%,1.0
2025-01-28 19:00:00+05:30,US,Durable Goods Orders ex Defense MoMDEC,-2.4%,-1.3%,,0.4%,3.0
2025-01-28 19:25:00+05:30,US,Redbook YoYJAN/25,4.9%,4.5%,,,3.0
2025-01-28 19:30:00+05:30,US,S&P/Case-Shiller Home Price MoMNOV,-0.1%,-0.2%,,-0.1%,3.0
2025-01-28 19:30:00+05:30,US,S&P/Case-Shiller Home Price YoYNOV,4.3%,4.2%,4.3%,4%,2.0
2025-01-28 19:30:00+05:30,US,House Price Index MoMNOV,0.3%,0.5%,0.2%,0.3%,3.0
2025-01-28 19:30:00+05:30,US,House Price IndexNOV,433.4,432.3,,433,3.0
2025-01-28 19:30:00+05:30,US,House Price Index YoYNOV,4.2%,4.5%,,4.3%,3.0
2025-01-28 20:00:00+05:30,EA,ECB Cipollone Speech,,,,,3.0
2025-01-28 20:00:00+05:30,BR,Federal Tax RevenuesDEC,BRL 261.3B,BRL209.2B,,BRL 255.1B,3.0
2025-01-28 20:30:00+05:30,US,CB Consumer ConfidenceJAN,104.1,109.5,105.6,104,2.0
2025-01-28 20:30:00+05:30,US,Richmond Fed Manufacturing Shipments IndexJAN,-9,-11,,-9,3.0
2025-01-28 20:30:00+05:30,US,Richmond Fed Services Revenues IndexJAN,4,23,,21,3.0
2025-01-28 20:30:00+05:30,US,Richmond Fed Manufacturing IndexJAN,-4,-10,-8,-8,3.0
2025-01-28 21:00:00+05:30,US,Dallas Fed Services IndexJAN,7.4,10.8,,9.5,3.0
2025-01-28 21:00:00+05:30,US,Dallas Fed Services Revenues IndexJAN,5.7,13.9,,13,3.0
2025-01-28 22:00:00+05:30,US,2-Year FRN Auction,0.098%,0.140%,,,3.0
2025-01-28 22:00:00+05:30,US,42-Day Bill Auction,4.260%,4.250%,,,3.0
2025-01-28 22:30:00+05:30,EA,ECB President Lagarde Speech,,,,,2.0
2025-01-28 23:30:00+05:30,US,7-Year Note Auction,4.457%,4.532%,,,3.0
2025-01-28 23:30:00+05:30,US,Money SupplyDEC,$21.53T,$21.45T,,,3.0
2025-01-29 03:00:00+05:30,US,API Crude Oil Stock ChangeJAN/24,2.86M,1M,3.7M,,2.0
2025-01-29 05:20:00+05:30,JP,BoJ Monetary Policy Meeting Minutes,,,,,2.0
2025-01-29 06:00:00+05:30,AU,CPIQ4,139.4,139.1,,139.1,3.0
2025-01-29 06:00:00+05:30,AU,RBA Trimmed Mean CPI QoQQ4,0.5%,0.8%,0.6%,0.7%,2.0
2025-01-29 06:00:00+05:30,AU,Inflation Rate QoQQ4,0.2%,0.2%,0.3%,0.5%,2.0
2025-01-29 06:00:00+05:30,AU,Monthly CPI IndicatorDEC,2.5%,2.3%,2.5%,2.3%,2.0
2025-01-29 06:00:00+05:30,AU,RBA Weighted Median CPI YoYQ4,3.4%,3.7%,3.5%,3.7%,3.0
2025-01-29 06:00:00+05:30,AU,RBA Trimmed Mean CPI YoYQ4,3.2%,3.6%,3.3%,3.4%,2.0
2025-01-29 06:00:00+05:30,AU,RBA Weighted Median CPI QoQQ4,0.5%,0.9%,0.6%,0.7%,3.0
2025-01-29 06:00:00+05:30,AU,Inflation Rate YoYQ4,2.4%,2.8%,2.5%,2.2%,2.0
2025-01-29 09:05:00+05:30,JP,5-Year Climate Transition JGB Auction,0.888%,0.595%,,,3.0
2025-01-29 10:30:00+05:30,JP,Consumer ConfidenceJAN,35.2,36.2,36.6,36.3,1.0
2025-01-29 12:30:00+05:30,DE,GfK Consumer ConfidenceFEB,-22.4,-21.4,-20,-21,1.0
2025-01-29 13:30:00+05:30,ES,GDP Growth Rate YoY FlashQ4,3.5%,3.5%,3.2%,3.2%,1.0
2025-01-29 13:30:00+05:30,ES,GDP Growth Rate QoQ FlashQ4,0.8%,0.8%,0.6%,0.5%,1.0
2025-01-29 14:30:00+05:30,IT,Consumer ConfidenceJAN,98.2,96.3,96,96,2.0
2025-01-29 14:30:00+05:30,EA,Loans to Households YoYDEC,1.1%,0.9%,1%,1.0%,3.0
2025-01-29 14:30:00+05:30,EA,M3 Money Supply YoYDEC,3.5%,4.3%,3.8%,4.0%,3.0
2025-01-29 14:30:00+05:30,IT,Business ConfidenceJAN,86.8,85.9,85.5,85.5,2.0
2025-01-29 14:30:00+05:30,EA,Loans to Companies YoYDEC,1.5%,1%,,0.9%,3.0
2025-01-29 15:30:00+05:30,GB,10-Year Green Gilt Auction,4.473%,3.731%,,,3.0
2025-01-29 15:40:00+05:30,IT,6-Month BOT Auction,2.536%,2.724%,,,3.0
2025-01-29 16:00:00+05:30,DE,10-Year Bund Auction,2.54%,2.51%,,,3.0
2025-01-29 17:30:00+05:30,US,MBA Mortgage ApplicationsJAN/24,-2%,0.1%,,,3.0
2025-01-29 17:30:00+05:30,US,MBA Mortgage Refinance IndexJAN/24,520.9,558.8,,,3.0
2025-01-29 17:30:00+05:30,US,MBA Mortgage Market IndexJAN/24,220.0,224.6,,,3.0
2025-01-29 17:30:00+05:30,US,MBA 30-Year Mortgage RateJAN/24,7.02%,7.02%,,,2.0
2025-01-29 17:30:00+05:30,MX,Unemployment RateDEC,2.4%,2.6%,2.6%,2.70%,2.0
2025-01-29 17:30:00+05:30,US,MBA Purchase IndexJAN/24,162.4,163,,,3.0
2025-01-29 19:00:00+05:30,US,Retail Inventories Ex Autos MoM AdvDEC,0.2%,0.4%,,0.4%,2.0
2025-01-29 19:00:00+05:30,US,Wholesale Inventories MoM AdvDEC,-0.5%,-0.1%,0.2%,0.2%,2.0
2025-01-29 19:00:00+05:30,US,Goods Trade Balance AdvDEC,$-122.11B,$-103.5B,$-105.4B,$ -106B,2.0
2025-01-29 19:45:00+05:30,GB,BoE Bailey Speech,,,,,2.0
2025-01-29 20:15:00+05:30,CA,BoC Interest Rate Decision,3%,3.25%,3%,3%,1.0
2025-01-29 20:15:00+05:30,CA,BoC Monetary Policy Report,,,,,1.0
2025-01-29 21:00:00+05:30,US,EIA Heating Oil Stocks ChangeJAN/24,0.128M,0.068M,,,3.0
2025-01-29 21:00:00+05:30,CA,BoC Press Conference,,,,,2.0
2025-01-29 21:00:00+05:30,US,EIA Distillate Fuel Production ChangeJAN/24,0.028M,-0.473M,,,3.0
2025-01-29 21:00:00+05:30,US,EIA Gasoline Stocks ChangeJAN/24,2.957M,2.332M,1.5M,,2.0
2025-01-29 21:00:00+05:30,US,EIA Distillate Stocks ChangeJAN/24,-4.994M,-3.07M,-2.1M,,3.0
2025-01-29 21:00:00+05:30,US,EIA Crude Oil Imports ChangeJAN/24,0.532M,0.184M,,,3.0
2025-01-29 21:00:00+05:30,US,EIA Gasoline Production ChangeJAN/24,-0.044M,-0.043M,,,3.0
2025-01-29 21:00:00+05:30,US,EIA Cushing Crude Oil Stocks ChangeJAN/24,0.326M,-0.148M,,,3.0
2025-01-29 21:00:00+05:30,US,EIA Refinery Crude Runs ChangeJAN/24,-0.333M,-1.125M,,,3.0
2025-01-29 21:00:00+05:30,US,EIA Crude Oil Stocks ChangeJAN/24,3.463M,-1.017M,3.2M,,2.0
2025-01-29 21:30:00+05:30,RU,PPI MoMDEC,0.4%,1%,,0.8%,3.0
2025-01-29 21:30:00+05:30,RU,PPI YoYDEC,7.9%,3.9%,,4.4%,3.0
2025-01-29 22:00:00+05:30,US,17-Week Bill Auction,4.190%,4.205%,,,3.0
2025-01-30 00:30:00+05:30,US,Fed Interest Rate Decision,4.5%,4.5%,4.5%,4.5%,1.0
2025-01-30 01:00:00+05:30,US,Fed Press Conference,,,,,1.0
2025-01-30 03:00:00+05:30,BR,Interest Rate Decision,13.25%,12.25%,13.25%,13.25%,2.0
2025-01-30 05:20:00+05:30,JP,Stock Investment by ForeignersJAN/25,¥753B,¥-69B,,,3.0
2025-01-30 05:20:00+05:30,JP,Foreign Bond InvestmentJAN/25,¥178B,¥818.4B,,,3.0
2025-01-30 05:31:00+05:30,GB,Car Production YoYDEC,-27.1%,-30%,,-20.0%,3.0
2025-01-30 06:00:00+05:30,AU,RBA Bulletin,,,,,2.0
2025-01-30 06:00:00+05:30,AU,Export Prices QoQQ4,3.6%,-4.3%,,-6.6%,3.0
2025-01-30 06:00:00+05:30,AU,Import Prices QoQQ4,0.2%,-1.4%,-1.5%,0.6%,3.0
2025-01-30 08:50:00+05:30,AU,RBA Jones Speech,,,,,2.0
2025-01-30 11:30:00+05:30,SA,GDP Growth Rate YoY PrelQ4,4.4%,2.8%,,3.0%,2.0
2025-01-30 11:30:00+05:30,ZA,M3 Money Supply YoYDEC,6.71%,7.77%,,,3.0
2025-01-30 11:30:00+05:30,ZA,Private Sector Credit YoYDEC,3.83%,4.16%,,3.8%,3.0
2025-01-30 11:40:00+05:30,JP,BoJ Himino Speech,,,,,2.0
2025-01-30 12:00:00+05:30,FR,Household Consumption MoMDEC,0.7%,0.2%,0.2%,0.2%,3.0
2025-01-30 12:00:00+05:30,FR,GDP Growth Rate YoY PrelQ4,0.7%,1.2%,,1.1%,2.0
2025-01-30 12:00:00+05:30,FR,GDP Growth Rate QoQ PrelQ4,-0.1%,0.4%,0%,0.1%,1.0
2025-01-30 12:30:00+05:30,DE,Import Prices YoYDEC,2%,0.6%,1.9%,3.6%,3.0
2025-01-30 12:30:00+05:30,TR,Economic Confidence IndexJAN,99.7,98.9,,98.3,3.0
2025-01-30 12:30:00+05:30,DE,Import Prices MoMDEC,0.4%,0.9%,0.3%,0.5%,3.0
2025-01-30 13:30:00+05:30,ES,Harmonised Inflation Rate MoM PrelJAN,-0.1%,0.4%,-0.3%,-0.2%,3.0
2025-01-30 13:30:00+05:30,ES,Inflation Rate YoY PrelJAN,3%,2.8%,2.9%,2.8%,2.0
2025-01-30 13:30:00+05:30,ES,Inflation Rate MoM PrelJAN,0.2%,0.5%,0%,0.1%,2.0
2025-01-30 13:30:00+05:30,ES,Core Inflation Rate YoY PrelJAN,2.4%,2.6%,,2.7%,3.0
2025-01-30 13:30:00+05:30,ES,Harmonised Inflation Rate YoY PrelJAN,2.9%,2.8%,2.8%,2.9%,3.0
2025-01-30 14:30:00+05:30,DE,GDP Growth Rate QoQ FlashQ4,-0.2%,0.1%,-0.1%,-0.1%,1.0
2025-01-30 14:30:00+05:30,IT,GDP Growth Rate YoY AdvQ4,0.5%,0.4%,0.6%,0.6%,1.0
2025-01-30 14:30:00+05:30,IT,GDP Growth Rate QoQ AdvQ4,0%,0%,0.1%,0.2%,1.0
2025-01-30 14:30:00+05:30,DE,GDP Growth Rate YoY FlashQ4,-0.2%,-0.3%,0%,0.1%,1.0
2025-01-30 15:00:00+05:30,ZA,PPI YoYDEC,0.7%,-0.1%,0.7%,0.2%,3.0
2025-01-30 15:00:00+05:30,GB,M4 Money Supply MoMDEC,0.1%,0%,0.2%,0.1%,3.0
2025-01-30 15:00:00+05:30,GB,Mortgage LendingDEC,£3.57B,£2.55B,£2.60B,£ 2.2B,2.0
2025-01-30 15:00:00+05:30,GB,BoE Consumer CreditDEC,£1.045B,£0.905B,£0.95B,£ 1.0B,2.0
2025-01-30 15:00:00+05:30,GB,Net Lending to Individuals MoMDEC,£4.6B,£3.5B,£3.6B,£3.5B,3.0
2025-01-30 15:00:00+05:30,ZA,PPI MoMDEC,0.2%,0%,,0.1%,3.0
2025-01-30 15:00:00+05:30,GB,Mortgage ApprovalsDEC,66.53K,66.06K,65.4K,65.1K,2.0
2025-01-30 15:30:00+05:30,EA,Industrial SentimentJAN,-12.9,-14.1,-13.8,-14.5,3.0
2025-01-30 15:30:00+05:30,EA,Selling Price ExpectationsJAN,8.7,7.5,,8,3.0
2025-01-30 15:30:00+05:30,EA,Consumer Confidence FinalJAN,-14.2,-14.5,-14.2,,2.0
2025-01-30 15:30:00+05:30,IT,Unemployment RateDEC,6.2%,5.7%,5.7%,5.6%,1.0
2025-01-30 15:30:00+05:30,GB,1-Year Gilt Tender,3.888%,,,,3.0
2025-01-30 15:30:00+05:30,EA,Economic SentimentJAN,95.2,93.7,94.1,93.5,2.0
2025-01-30 15:30:00+05:30,EA,GDP Growth Rate YoY FlashQ4,0.9%,0.9%,1%,1.2%,2.0
2025-01-30 15:30:00+05:30,EA,Services SentimentJAN,6.9,6,6,6,3.0
2025-01-30 15:30:00+05:30,EA,Consumer Inflation ExpectationsJAN,20.2,21.2,,22,3.0
2025-01-30 15:30:00+05:30,EA,GDP Growth Rate QoQ FlashQ4,0%,0.4%,0.1%,0.3%,1.0
2025-01-30 15:30:00+05:30,EA,Unemployment RateDEC,6.3%,6.2%,6.3%,6.4%,1.0
2025-01-30 15:40:00+05:30,IT,10-Year BTP Auction,3.60%,3.39%,,,3.0
2025-01-30 15:40:00+05:30,IT,5-Year BTP Auction,2.95%,2.79%,,,3.0
2025-01-30 15:40:00+05:30,IT,15-Year BTP Auction,3.57%,3.19%,,,3.0
2025-01-30 16:30:00+05:30,IT,Industrial Sales MoMNOV,1.5%,0.5%,,-0.2%,3.0
2025-01-30 16:30:00+05:30,TR,MPC Meeting Summary,,,,,2.0
2025-01-30 16:30:00+05:30,IT,Industrial Sales YoYNOV,-2.6%,-5.3%,,-5.1%,3.0
2025-01-30 16:30:00+05:30,BR,IGP-M Inflation MoMJAN,0.27%,0.94%,0.21%,0.3%,3.0
2025-01-30 17:00:00+05:30,TR,Foreign Exchange ReservesJAN/24,$99.33B,$96.79B,,,3.0
2025-01-30 17:30:00+05:30,MX,GDP Growth Rate QoQ PrelQ4,-0.6%,1.1%,-0.2%,0.2%,2.0
2025-01-30 17:30:00+05:30,MX,GDP Growth Rate YoY PrelQ4,0.6%,1.6%,1.2%,1.2%,2.0
2025-01-30 17:30:00+05:30,ZA,Budget BalanceDEC,ZAR21.38B,ZAR-4.46B,,ZAR14.0B,3.0
2025-01-30 17:30:00+05:30,CA,CFIB Business BarometerJAN,54.6,56.4,,56.2,3.0
2025-01-30 17:45:00+05:30,ES,Business ConfidenceJAN,-5.1,-4.5,,-5,2.0
2025-01-30 18:30:00+05:30,BR,Net PayrollsDEC,-535.547K,106.625K,-402.5K,-425.0K,3.0
2025-01-30 18:30:00+05:30,ZA,Interest Rate Decision,7.5%,7.75%,7.50%,7.50%,3.0
2025-01-30 18:30:00+05:30,ZA,Prime Overdraft Rate,11%,11.25%,,11.0%,3.0
2025-01-30 18:45:00+05:30,EA,Marginal Lending Rate,3.15%,3.4%,,3.15%,3.0
2025-01-30 18:45:00+05:30,EA,ECB Interest Rate Decision,2.9%,3.15%,2.9%,2.9%,1.0
2025-01-30 18:45:00+05:30,EA,Deposit Facility Rate,2.75%,3%,2.75%,2.75%,1.0
2025-01-30 19:00:00+05:30,US,Continuing Jobless ClaimsJAN/18,1858K,1900K,1890K,1885.0K,3.0
2025-01-30 19:00:00+05:30,US,Core PCE Prices QoQ AdvQ4,2.5%,2.2%,2.5%,2.3%,3.0
2025-01-30 19:00:00+05:30,US,GDP Growth Rate QoQ AdvQ4,2.3%,3.1%,2.6%,3%,1.0
2025-01-30 19:00:00+05:30,US,Real Consumer Spending QoQ AdvQ4,4.2%,3.7%,,2.9%,3.0
2025-01-30 19:00:00+05:30,US,GDP Sales QoQ AdvQ4,3.2%,3.3%,,2.9%,3.0
2025-01-30 19:00:00+05:30,US,Initial Jobless ClaimsJAN/25,207K,223K,220K,228.0K,2.0
2025-01-30 19:00:00+05:30,CA,Average Weekly Earnings YoYNOV,5%,5.3%,,5.0%,3.0
2025-01-30 19:00:00+05:30,US,PCE Prices QoQ AdvQ4,2.3%,1.5%,,1.1%,3.0
2025-01-30 19:00:00+05:30,US,GDP Price Index QoQ AdvQ4,2.2%,1.9%,2.5%,2.3%,2.0
2025-01-30 19:00:00+05:30,US,Jobless Claims 4-week AverageJAN/25,212.5K,213.5K,,214.0K,3.0
2025-01-30 19:15:00+05:30,EA,ECB Press Conference,,,,,1.0
2025-01-30 20:20:00+05:30,SA,Private Bank Lending YoYDEC,13.4%,12.7%,,12.8%,3.0
2025-01-30 20:20:00+05:30,SA,M3 Money Supply YoYDEC,8.8%,10.3%,,10.6%,3.0
2025-01-30 20:30:00+05:30,US,Pending Home Sales YoYDEC,-5.0%,6.9%,,4.0%,2.0
2025-01-30 20:30:00+05:30,US,Pending Home Sales MoMDEC,-5.5%,1.6%,0%,-0.3%,2.0
2025-01-30 21:00:00+05:30,US,EIA Natural Gas Stocks ChangeJAN/24,-321Bcf,-223Bcf,-313Bcf,,3.0
2025-01-30 21:15:00+05:30,BR,2-Year LTN Auction,15.152%,15.2840%,,,3.0
2025-01-30 21:15:00+05:30,BR,10-Year NTN-F Auction,15.194%,15.1819%,,,3.0
2025-01-30 22:00:00+05:30,US,8-Week Bill Auction,4.240%,4.250%,,,3.0
2025-01-30 22:00:00+05:30,US,4-Week Bill Auction,4.250%,4.265%,,,3.0
2025-01-30 22:30:00+05:30,US,30-Year Mortgage RateJAN/30,6.95%,6.96%,,,3.0
2025-01-30 22:30:00+05:30,US,15-Year Mortgage RateJAN/30,6.12%,6.16%,,,3.0
2025-01-31 03:00:00+05:30,US,Fed Balance SheetJAN/29,$6.82T,$6.83T,,,3.0
2025-01-31 05:00:00+05:30,JP,Jobs/applications ratioDEC,1.25,1.25,1.25,1.25,3.0
2025-01-31 05:00:00+05:30,JP,Unemployment RateDEC,2.4%,2.5%,2.5%,2.50%,2.0
2025-01-31 05:00:00+05:30,JP,Tokyo Core CPI YoYJAN,2.5%,2.4%,2.5%,2.5%,3.0
2025-01-31 05:00:00+05:30,JP,Tokyo CPI Ex Food and Energy YoYJAN,1%,1.1%,,1.2%,3.0
2025-01-31 05:00:00+05:30,JP,Tokyo CPI YoYJAN,3.4%,3%,,3.1%,3.0
2025-01-31 05:20:00+05:30,JP,Industrial Production MoM PrelDEC,0.3%,-2.2%,0.3%,0.5%,2.0
2025-01-31 05:20:00+05:30,JP,Industrial Production YoY PrelDEC,-1.1%,-2.7%,,-1.6%,3.0
2025-01-31 05:20:00+05:30,JP,Retail Sales YoYDEC,3.7%,2.8%,3.2%,3%,2.0
2025-01-31 05:20:00+05:30,JP,Retail Sales MoMDEC,-0.7%,1.9%,,0.1%,3.0
2025-01-31 06:00:00+05:30,AU,Housing Credit MoMDEC,0.5%,0.5%,0.5%,0.4%,3.0
2025-01-31 06:00:00+05:30,AU,PPI YoYQ4,3.7%,3.9%,,3.6%,3.0
2025-01-31 06:00:00+05:30,AU,Private Sector Credit YoYDEC,6.5%,6.2%,,5.7%,3.0
2025-01-31 06:00:00+05:30,AU,Private Sector Credit MoMDEC,0.6%,0.6%,0.5%,0.1%,3.0
2025-01-31 06:00:00+05:30,AU,PPI QoQQ4,0.8%,1.0%,1%,0.6%,2.0
2025-01-31 07:30:00+05:30,SG,Bank LendingDEC,S$835B,S$819.4B,,S$ 818.2B,3.0
2025-01-31 09:05:00+05:30,JP,2-Year JGB Auction,0.727%,0.602%,,,3.0
2025-01-31 09:05:00+05:30,JP,3-Month Bill Auction,0.3248%,0.3657%,,,3.0
2025-01-31 10:00:00+05:30,ID,Foreign Direct Investment YoYQ4,33.3%,18.6%,,,3.0
2025-01-31 10:30:00+05:30,JP,Construction Orders YoYDEC,8.1%,-10.2%,,5.5%,3.0
2025-01-31 10:30:00+05:30,JP,Housing Starts YoYDEC,-2.5%,-1.8%,-3.9%,-3.3%,2.0
2025-01-31 10:30:00+05:30,SG,Business ConfidenceQ4,16,10.00,,12,3.0
2025-01-31 12:30:00+05:30,TR,Exports FinalDEC,$23.44B,$22.25B,$23.46B,$ 23.46B,3.0
2025-01-31 12:30:00+05:30,TR,Balance of Trade FinalDEC,$-8.78B,$-7.49B,,$-8.82B,2.0
2025-01-31 12:30:00+05:30,TR,Tourism RevenuesQ4,$13.79B,$23.22B,,$ 23.5B,3.0
2025-01-31 12:30:00+05:30,DE,Retail Sales MoMDEC,-1.6%,-0.1%,0.2%,0.2%,2.0
2025-01-31 12:30:00+05:30,TR,Imports FinalDEC,$32.22B,$29.75B,,$32.29B,3.0
2025-01-31 12:30:00+05:30,GB,Nationwide Housing Prices MoMJAN,0.1%,0.7%,0.3%,0.9%,2.0
2025-01-31 12:30:00+05:30,DE,Retail Sales YoYDEC,1.8%,2.9%,2.5%,1.9%,2.0
2025-01-31 12:30:00+05:30,GB,Nationwide Housing Prices YoYJAN,4.1%,4.7%,4.3%,3.3%,2.0
2025-01-31 13:15:00+05:30,FR,Harmonised Inflation Rate YoY PrelJAN,1.8%,1.8%,1.9%,2.0%,3.0
2025-01-31 13:15:00+05:30,FR,Harmonised Inflation Rate MoM PrelJAN,-0.2%,0.2%,0%,0.2%,3.0
2025-01-31 13:15:00+05:30,FR,PPI YoYDEC,-3.8%,-4.7%,,-4.3%,3.0
2025-01-31 13:15:00+05:30,FR,PPI MoMDEC,1%,3.7%,,0.5%,3.0
2025-01-31 13:15:00+05:30,FR,Inflation Rate YoY PrelJAN,1.4%,1.3%,1.5%,1.5%,1.0
2025-01-31 13:15:00+05:30,FR,Inflation Rate MoM PrelJAN,-0.1%,0.2%,0%,0.2%,2.0
2025-01-31 13:30:00+05:30,ES,Retail Sales MoMDEC,1.5%,-0.7%,,0.6%,3.0
2025-01-31 13:30:00+05:30,ES,Retail Sales YoYDEC,4%,0.9%,0.5%,0.5%,3.0
2025-01-31 14:25:00+05:30,DE,Unemployment ChangeJAN,11K,10K,14K,7.0K,1.0
2025-01-31 14:25:00+05:30,DE,Unemployment RateJAN,6.2%,6.1%,6.2%,6.2%,2.0
2025-01-31 14:25:00+05:30,DE,Unemployed PersonsJAN,2.88M,2.869M,,2.876M,2.0
2025-01-31 14:30:00+05:30,EA,ECB Survey of Professional Forecasters,,,,,2.0
2025-01-31 14:30:00+05:30,DE,Bavaria CPI YoYJAN,2.5%,3%,,,3.0
2025-01-31 14:30:00+05:30,DE,Baden Wuerttemberg CPI YoYJAN,2.3%,2.6%,,,3.0
2025-01-31 14:30:00+05:30,DE,Baden Wuerttemberg CPI MoMJAN,-0.2%,0.5%,,,3.0
2025-01-31 14:30:00+05:30,DE,Saxony CPI MoMJAN,-0.4%,0.5%,,,3.0
2025-01-31 14:30:00+05:30,DE,North Rhine Westphalia CPI YoYJAN,2%,2.5%,,,3.0
2025-01-31 14:30:00+05:30,DE,Brandenburg CPI YoYJAN,2.3%,2.4%,,,3.0
2025-01-31 14:30:00+05:30,DE,Saxony CPI YoYJAN,2.4%,3.2%,,,3.0
2025-01-31 14:30:00+05:30,DE,Hesse CPI YoYJAN,2.5%,2.4%,,,3.0
2025-01-31 14:30:00+05:30,DE,Bavaria CPI MoMJAN,-0.3%,0.5%,,,3.0
2025-01-31 14:30:00+05:30,DE,Hesse CPI MoMJAN,0.1%,0.4%,,,3.0
2025-01-31 14:30:00+05:30,ES,Current AccountNOV,€1.26B,€4.93B,,€5.0B,3.0
2025-01-31 14:30:00+05:30,DE,North Rhine Westphalia CPI MoMJAN,-0.1%,0.5%,,,3.0
2025-01-31 14:30:00+05:30,DE,Brandenburg CPI MoMJAN,0%,0.4%,,,3.0
2025-01-31 14:30:00+05:30,EA,ECB Consumer Inflation ExpectationsDEC,2.8%,2.6%,,2.2%,3.0
2025-01-31 15:30:00+05:30,IT,PPI MoMDEC,0.6%,1.2%,,0.6%,3.0
2025-01-31 15:30:00+05:30,IT,PPI YoYDEC,1.1%,-0.5%,,0.5%,3.0
2025-01-31 16:00:00+05:30,IN,Government Budget ValueDEC,INR -9140.9B,INR-8465.9B,,INR-9700.0B,3.0
2025-01-31 17:00:00+05:30,BR,Gross Debt to GDPDEC,76.1%,77.7%,77%,77.9%,3.0
2025-01-31 17:00:00+05:30,IN,Foreign Exchange ReservesJAN/24,$629.56B,$623.98B,,,3.0
2025-01-31 17:00:00+05:30,BR,Nominal Budget BalanceDEC,BRL-80.372B,BRL-99.1B,BRL -60.3B,BRL-75.0B,3.0
2025-01-31 17:00:00+05:30,IN,Deposit Growth YoYJAN/17,10.8%,9.8%,,,3.0
2025-01-31 17:00:00+05:30,IN,Bank Loan Growth YoYJAN/17,11.5%,11.2%,,,3.0
2025-01-31 17:00:00+05:30,IN,Infrastructure Output YoYDEC,4%,4.3%,,4.8%,3.0
2025-01-31 17:30:00+05:30,BR,Unemployment RateDEC,6.2%,6.1%,6.1%,6.1%,2.0
2025-01-31 17:30:00+05:30,TR,Tourist Arrivals YoYDEC,4.23%,8.25%,,,3.0
2025-01-31 17:30:00+05:30,ZA,Balance of TradeDEC,ZAR15.46B,ZAR34.03B,,ZAR 27.0B,2.0
2025-01-31 18:30:00+05:30,DE,Harmonised Inflation Rate MoM PrelJAN,-0.2%,0.7%,-0.2%,-0.1%,3.0
2025-01-31 18:30:00+05:30,DE,Inflation Rate MoM PrelJAN,-0.2%,0.5%,0.1%,0.2%,2.0
2025-01-31 18:30:00+05:30,DE,Inflation Rate YoY PrelJAN,2.3%,2.6%,2.6%,2.6%,1.0
2025-01-31 18:30:00+05:30,DE,Harmonised Inflation Rate YoY PrelJAN,2.8%,2.8%,2.8%,2.9%,3.0
2025-01-31 19:00:00+05:30,US,Core PCE Price Index MoMDEC,0.2%,0.1%,0.2%,0.2%,1.0
2025-01-31 19:00:00+05:30,US,Core PCE Price Index YoYDEC,2.8%,2.8%,2.8%,2.8%,3.0
2025-01-31 19:00:00+05:30,CA,GDP MoM PrelDEC,0.2%,-0.1%,,0.2%,2.0
2025-01-31 19:00:00+05:30,US,Personal Income MoMDEC,0.4%,0.3%,0.4%,0.3%,1.0
2025-01-31 19:00:00+05:30,US,Employment Cost Index QoQQ4,0.9%,0.8%,0.9%,0.7%,2.0
2025-01-31 19:00:00+05:30,US,PCE Price Index YoYDEC,2.6%,2.4%,2.6%,2.6%,2.0
2025-01-31 19:00:00+05:30,CA,GDP MoMNOV,-0.2%,0.3%,-0.1%,-0.1%,2.0
2025-01-31 19:00:00+05:30,US,Personal Spending MoMDEC,0.7%,0.6%,0.5%,0.5%,1.0
2025-01-31 19:00:00+05:30,US,Employment Cost - Benefits QoQQ4,0.8%,0.8%,,0.7%,2.0
2025-01-31 19:00:00+05:30,US,Fed Bowman Speech,,,,,2.0
2025-01-31 19:00:00+05:30,US,Employment Cost - Wages QoQQ4,0.9%,0.8%,,0.7%,2.0
2025-01-31 19:00:00+05:30,US,PCE Price Index MoMDEC,0.3%,0.1%,0.3%,0.3%,2.0
2025-01-31 20:15:00+05:30,US,Chicago PMIJAN,39.5,36.9,40,37.2,2.0
2025-01-31 21:30:00+05:30,CA,Budget BalanceNOV,C$-8.21B,C$-1.49B,,C$-1.9B,3.0
2025-01-31 22:30:00+05:30,RU,M2 Money Supply YoYDEC,19.2%,20%,,20.7%,3.0
2025-01-31 23:30:00+05:30,US,Baker Hughes Oil Rig CountJAN/31,479,472,468,,3.0
2025-01-31 23:30:00+05:30,US,Baker Hughes Total Rigs CountJAN/31,582,576,,,3.0
2025-02-01 00:30:00+05:30,MX,Fiscal BalanceDEC,MXN-1661.84B,MXN-1064.93B,,MXN-1120.0B,3.0
2025-02-01 05:30:00+05:30,KR,Imports YoYJAN,-6.4%,3.3%,-9.9%,-8.0%,3.0
2025-02-01 05:30:00+05:30,KR,Balance of TradeJAN,$-1.89B,$6.49B,$-1.28B,$-1B,3.0
2025-02-01 05:30:00+05:30,KR,Exports YoYJAN,-10.3%,6.6%,-13.5%,-10%,2.0
2025-02-01 11:00:00+05:30,IN,India Union Budget 2025,,,,,1.0
2025-02-03 03:30:00+05:30,AU,S&P Global Australia Manufacturing PMI FinalJAN,50.2,47.8,,49.8,2.0
2025-02-03 04:30:00+05:30,KR,Retail Sales MoMDEC,-0.6%,0.4%,,0.4%,3.0
2025-02-03 04:30:00+05:30,KR,Industrial Production MoMDEC,4.6%,-0.7%,0.4%,0.5%,3.0
2025-02-03 04:30:00+05:30,KR,Industrial Production YoYDEC,5.3%,0.1%,0.7%,0.8%,3.0
2025-02-03 05:20:00+05:30,JP,BoJ Summary of Opinions,,,,,2.0
2025-02-03 05:31:00+05:30,AU,CoreLogic Dwelling Prices MoMJAN,0.0%,-0.1%,,0.0%,3.0
2025-02-03 06:00:00+05:30,AU,Retail Sales MoMDEC,-0.1%,0.8%,-0.7%,-0.4%,2.0
2025-02-03 06:00:00+05:30,JP,Jibun Bank Manufacturing PMI FinalJAN,48.7,49.6,48.8,48.8,2.0
2025-02-03 06:00:00+05:30,ID,S&P Global Manufacturing PMIJAN,51.9,51.2,,51.6,3.0
2025-02-03 06:00:00+05:30,AU,TD-MI Inflation Gauge MoMJAN,0.1%,0.6%,,0.3%,3.0
2025-02-03 06:00:00+05:30,AU,Private House Approvals MoM PrelDEC,-3.0%,-1.7%,,0.4%,3.0
2025-02-03 06:00:00+05:30,AU,Building Permits MoM PrelDEC,0.7%,-3.4%,1%,1.5%,2.0
2025-02-03 06:00:00+05:30,AU,ANZ-Indeed Job Ads MoMJAN,0.2%,0.3%,,0.2%,3.0
2025-02-03 06:00:00+05:30,KR,S&P Global Manufacturing PMIJAN,50.3,49,,48.5,2.0
2025-02-03 07:15:00+05:30,CN,Caixin Manufacturing PMIJAN,50.1,50.5,50.5,49.7,1.0
2025-02-03 09:30:00+05:30,ID,Inflation Rate MoMJAN,-0.76%,0.44%,0.32%,0.2%,3.0
2025-02-03 09:30:00+05:30,ID,Inflation Rate YoYJAN,0.76%,1.57%,1.88%,1.7%,2.0
2025-02-03 09:30:00+05:30,ID,Core Inflation Rate YoYJAN,2.36%,2.26%,2.30%,2.3%,3.0
2025-02-03 10:15:00+05:30,ID,Tourist Arrivals YoYDEC,8.72%,17.27%,,18.0%,3.0
2025-02-03 10:30:00+05:30,IN,HSBC Manufacturing PMI FinalJAN,57.7,56.4,57.8,58,3.0
2025-02-03 10:40:00+05:30,KR,2-Year KTB Auction,2.635%,2.670%,,,3.0
2025-02-03 11:00:00+05:30,AU,Commodity Prices YoYJAN,-11.9%,-10.7%,,-11.0%,3.0
2025-02-03 11:30:00+05:30,RU,S&P Global Manufacturing PMIJAN,53.1,50.8,,50.6,2.0
2025-02-03 12:30:00+05:30,TR,Inflation Rate MoMJAN,5.03%,1.03%,4.35%,4.2%,2.0
2025-02-03 12:30:00+05:30,TR,PPI MoMJAN,3.06%,0.4%,,2.9%,3.0
2025-02-03 12:30:00+05:30,TR,Istanbul Chamber of Industry Manufacturing PMIJAN,48,49.1,,49.3,3.0
2025-02-03 12:30:00+05:30,TR,Inflation Rate YoYJAN,42.12%,44.38%,41.25%,41.0%,2.0
2025-02-03 12:30:00+05:30,TR,PPI YoYJAN,27.2%,28.52%,,27.0%,3.0
2025-02-03 13:30:00+05:30,ES,Tourist Arrivals YoYDEC,1.1%,10.3%,,9.8%,3.0
2025-02-03 13:45:00+05:30,ES,HCOB Manufacturing PMIJAN,50.9,53.3,53.3,53,2.0
2025-02-03 14:05:00+05:30,TR,Imports PrelJAN,$28.8B,$32.22B,,$33.7B,3.0
2025-02-03 14:05:00+05:30,TR,Exports PrelJAN,$21.2B,$23.44B,,$24.3B,3.0
2025-02-03 14:05:00+05:30,TR,Balance of Trade PrelJAN,$-7.7B,$-8.78B,,$-9.4B,2.0
2025-02-03 14:15:00+05:30,IT,HCOB Manufacturing PMIJAN,46.3,46.2,46.8,47,2.0
2025-02-03 14:20:00+05:30,FR,HCOB Manufacturing PMI FinalJAN,45.0,41.9,45.3,45.3,2.0
2025-02-03 14:25:00+05:30,DE,HCOB Manufacturing PMI FinalJAN,45.0,42.5,44.1,44.1,2.0
2025-02-03 14:30:00+05:30,ZA,ABSA Manufacturing PMIJAN,45.3,46.2,,47,3.0
2025-02-03 14:30:00+05:30,EA,HCOB Manufacturing PMI FinalJAN,46.6,45.1,46.1,46.1,2.0
2025-02-03 15:00:00+05:30,GB,S&P Global Manufacturing PMI FinalJAN,48.3,47,48.2,48.2,2.0
2025-02-03 15:30:00+05:30,IT,Harmonised Inflation Rate MoM PrelJAN,-0.7%,0.1%,-1.1%,-0.9%,3.0
2025-02-03 15:30:00+05:30,EA,Core Inflation Rate YoY FlashJAN,2.7%,2.7%,2.6%,2.7%,2.0
2025-02-03 15:30:00+05:30,IT,Inflation Rate MoM PrelJAN,0.6%,0.1%,0.4%,0.1%,2.0
2025-02-03 15:30:00+05:30,IT,Harmonised Inflation Rate YoY PrelJAN,1.7%,1.4%,1.4%,1.5%,3.0
2025-02-03 15:30:00+05:30,EA,CPI FlashJAN,126.71,127.07,,126.8,3.0
2025-02-03 15:30:00+05:30,MX,Foreign Exchange ReservesDEC,$232.1B,$232.2B,,$ 230B,3.0
2025-02-03 15:30:00+05:30,EA,Inflation Rate YoY FlashJAN,2.5%,2.4%,2.4%,2.5%,1.0
2025-02-03 15:30:00+05:30,EA,Inflation Rate MoM FlashJAN,-0.3%,0.4%,,-0.2%,2.0
2025-02-03 15:30:00+05:30,IT,Inflation Rate YoY PrelJAN,1.5%,1.3%,,1%,1.0
2025-02-03 17:15:00+05:30,ES,New Car Sales YoYJAN,5.3%,28.8%,,2.5%,3.0
2025-02-03 18:00:00+05:30,ZA,Total New Vehicle SalesJAN,46.4K,41.09K,,43.0K,3.0
2025-02-03 18:30:00+05:30,BR,S&P Global Manufacturing PMIJAN,50.7,50.4,,49.8,3.0
2025-02-03 18:30:00+05:30,SG,SIPMM Manufacturing PMIJAN,50.9,51.1,,51.4,3.0
2025-02-03 19:30:00+05:30,FR,3-Month BTF Auction,2.496%,2.608%,,,3.0
2025-02-03 19:30:00+05:30,FR,6-Month BTF Auction,2.395%,2.508%,,,3.0
2025-02-03 19:30:00+05:30,FR,12-Month BTF Auction,2.218%,2.407%,,,3.0
2025-02-03 20:00:00+05:30,CA,S&P Global Manufacturing PMIJAN,51.6,52.2,,52.3,2.0
2025-02-03 20:15:00+05:30,US,S&P Global Manufacturing PMI FinalJAN,51.2,49.4,50.1,50.1,2.0
2025-02-03 20:30:00+05:30,US,ISM Manufacturing EmploymentJAN,50.3,45.4,,47,2.0
2025-02-03 20:30:00+05:30,US,ISM Manufacturing PMIJAN,50.9,49.2,49.8,49.8,1.0
2025-02-03 20:30:00+05:30,US,ISM Manufacturing PricesJAN,54.9,52.5,52.6,53,3.0
2025-02-03 20:30:00+05:30,US,ISM Manufacturing New OrdersJAN,55.1,52.1,,52.8,3.0
2025-02-03 20:30:00+05:30,US,Construction Spending MoMDEC,0.5%,0.2%,0.2%,0.3%,3.0
2025-02-03 22:00:00+05:30,US,6-Month Bill Auction,4.155%,4.14%,,,3.0
2025-02-03 22:00:00+05:30,US,3-Month Bill Auction,4.22%,4.195%,,,3.0
2025-02-03 22:30:00+05:30,IT,New Car Registrations YoYJAN,-5.9%,-4.9%,,-4.0%,3.0
2025-02-03 23:00:00+05:30,US,Fed Bostic Speech,,,,,2.0
2025-02-03 23:00:00+05:30,EA,ECB Donnery Speech,,,,,3.0
2025-02-03 23:00:00+05:30,OP,OPEC and non-OPEC Ministerial Meeting,,,,,2.0
2025-02-04 00:30:00+05:30,US,Loan Officer Survey,,,,,3.0
2025-02-04 01:30:00+05:30,US,Treasury Refunding Financing Estimates,,,,,3.0
2025-02-04 02:30:00+05:30,AR,Tax RevenueJAN,ARS15032B,ARS13015B,,,3.0
2025-02-04 05:00:00+05:30,US,Fed Musalem Speech,,,,,2.0
2025-02-04 09:05:00+05:30,JP,10-Year JGB Auction,1.260%,1.140%,,,3.0
2025-02-04 09:45:00+05:30,SA,Riyad Bank PMIJAN,60.5,58.4,,58,3.0
2025-02-04 10:30:00+05:30,SG,MAS 4-Week Bill Auction,3.05%,3.1%,,,3.0
2025-02-04 10:30:00+05:30,KR,30-Year KTB Auction,2.730%,2.705%,,,3.0
2025-02-04 10:30:00+05:30,SG,MAS 12-Week Bill Auction,3.05%,3.08%,,,3.0
2025-02-04 13:15:00+05:30,FR,Budget BalanceDEC,€-156.3B,€-172.5B,,€-175.0B,3.0
2025-02-04 13:30:00+05:30,BR,IPC-Fipe Inflation MoMJAN,0.24%,0.34%,,0.4%,3.0
2025-02-04 13:30:00+05:30,ES,Unemployment ChangeJAN,38.7K,-25.3K,45.4K,50.0K,2.0
2025-02-04 15:10:00+05:30,ES,6-Month Letras Auction,2.355%,2.535%,,,3.0
2025-02-04 15:10:00+05:30,ES,12-Month Letras Auction,2.221%,2.367%,,,3.0
2025-02-04 15:30:00+05:30,GB,5-Year Treasury Gilt Auction,4.276%,4.490%,,,3.0
2025-02-04 15:30:00+05:30,FR,New Car Registrations YoYJAN,-6.2%,1.5%,,2.2%,3.0
2025-02-04 16:20:00+05:30,US,LMI Logistics Managers IndexJAN,62.0,57.3,,,3.0
2025-02-04 16:30:00+05:30,BR,BCB Copom Meeting Minutes,,,,,2.0
2025-02-04 17:30:00+05:30,BR,PPI MoMDEC,1.48%,1.25%,,0.4%,3.0
2025-02-04 17:30:00+05:30,BR,PPI YoYDEC,9.42%,7.62%,,8.2%,3.0
2025-02-04 17:30:00+05:30,MX,Business ConfidenceJAN,51.7,51.3,,50.8,2.0
2025-02-04 19:25:00+05:30,US,Redbook YoYFEB/01,5.7%,4.9%,,,3.0
2025-02-04 20:30:00+05:30,MX,S&P Global Manufacturing PMIJAN,49.1,49.8,,49.7,3.0
2025-02-04 20:30:00+05:30,US,JOLTs Job QuitsDEC,3.197M,3.130M,,3.1M,3.0
2025-02-04 20:30:00+05:30,US,Factory Orders ex TransportationDEC,0.3%,0.2%,,0.6%,3.0
2025-02-04 20:30:00+05:30,US,JOLTs Job OpeningsDEC,7.6M,8.156M,8M,7.8M,1.0
2025-02-04 20:30:00+05:30,US,Factory Orders MoMDEC,-0.9%,-0.8%,-0.7%,-0.7%,2.0
2025-02-04 20:40:00+05:30,US,RCM/TIPP Economic Optimism IndexFEB,52,51.9,53.0,52.3,3.0
2025-02-04 21:30:00+05:30,US,Fed Bostic Speech,,,,,2.0
2025-02-04 22:00:00+05:30,US,42-Day Bill Auction,4.250%,4.260%,,,3.0
2025-02-05 00:30:00+05:30,US,Fed Daly Speech,,,,,2.0
2025-02-05 02:30:00+05:30,KR,Foreign Exchange ReservesJAN,$411B,$415.6B,,,3.0
2025-02-05 03:00:00+05:30,US,API Crude Oil Stock ChangeJAN/31,5.025M,2.86M,3.17M,,2.0
2025-02-05 03:30:00+05:30,AU,S&P Global Australia Services PMI FinalJAN,51.2,50.8,50.4,50.4,2.0
2025-02-05 03:30:00+05:30,AU,S&P Global Australia Composite PMI FinalJAN,51.1,50.2,,50.3,3.0
2025-02-05 04:30:00+05:30,KR,Inflation Rate YoYJAN,2.2%,1.9%,1.97%,2%,2.0
2025-02-05 04:30:00+05:30,KR,Inflation Rate MoMJAN,0.7%,0.4%,0.44%,0.5%,3.0
2025-02-05 05:00:00+05:30,AU,Ai Group Manufacturing IndexJAN,-22.7,-17.9,,-16,3.0
2025-02-05 05:00:00+05:30,JP,Average Cash Earnings YoYDEC,4.8%,3.9%,3.8%,2.1%,3.0
2025-02-05 05:00:00+05:30,JP,Overtime Pay YoYDEC,1.3%,1.4%,,1.7%,3.0
2025-02-05 05:00:00+05:30,AU,Ai Group Construction IndexJAN,-20.0,-19.0,,-25,3.0
2025-02-05 05:00:00+05:30,AU,Ai Group Industry IndexJAN,-17.4,-10.8,,-15,2.0
2025-02-05 06:00:00+05:30,JP,Jibun Bank Services PMI FinalJAN,53.0,50.9,52.7,52.7,2.0
2025-02-05 06:00:00+05:30,US,Fed Jefferson Speech,,,,,2.0
2025-02-05 06:00:00+05:30,SG,S&P Global PMIJAN,49.9,51.5,,51.8,3.0
2025-02-05 06:00:00+05:30,JP,Jibun Bank Composite PMI FinalJAN,51.1,50.5,,51.1,3.0
2025-02-05 07:15:00+05:30,CN,Caixin Services PMIJAN,51.0,52.2,52.3,50.5,2.0
2025-02-05 07:15:00+05:30,CN,Caixin Composite PMIJAN,51.1,51.4,,50.1,3.0
2025-02-05 09:30:00+05:30,ID,Full Year GDP Growth2024,5.03%,5.05%,,5.2%,3.0
2025-02-05 09:30:00+05:30,ID,GDP Growth Rate YoYQ4,5.02%,4.95%,4.98%,5.2%,2.0
2025-02-05 09:30:00+05:30,ID,GDP Growth Rate QoQQ4,0.53%,1.5%,0.56%,0.5%,3.0
2025-02-05 10:30:00+05:30,IN,HSBC Services PMI FinalJAN,56.5,59.3,57.6,56.8,3.0
2025-02-05 10:30:00+05:30,SG,Retail Sales MoMDEC,-1.5%,-2.8%,,0.5%,3.0
2025-02-05 10:30:00+05:30,SG,Retail Sales YoYDEC,-2.9%,-0.5%,,1.4%,3.0
2025-02-05 10:30:00+05:30,IN,HSBC Composite PMI FinalJAN,57.7,59.2,57.9,57.9,3.0
2025-02-05 11:30:00+05:30,RU,S&P Global Services PMIJAN,54.6,51.2,,51,3.0
2025-02-05 11:30:00+05:30,RU,S&P Global Composite PMIJAN,54.7,51.1,,50.9,3.0
2025-02-05 12:45:00+05:30,ZA,S&P Global PMIJAN,47.4,49.9,,49.7,3.0
2025-02-05 13:15:00+05:30,FR,Industrial Production MoMDEC,-0.4%,0.1%,-0.1%,0.1%,2.0
2025-02-05 13:45:00+05:30,ES,HCOB Services PMIJAN,54.9,57.3,56.8,56.8,2.0
2025-02-05 13:45:00+05:30,ES,HCOB Composite PMIJAN,54,56.8,,56.5,3.0
2025-02-05 14:15:00+05:30,IT,HCOB Composite PMIJAN,49.7,49.7,,50,2.0
2025-02-05 14:15:00+05:30,IT,HCOB Services PMIJAN,50.4,50.7,50.5,50.6,2.0
2025-02-05 14:20:00+05:30,FR,HCOB Composite PMI FinalJAN,47.6,47.5,48.3,48.3,3.0
2025-02-05 14:20:00+05:30,FR,HCOB Services PMI FinalJAN,48.2,49.3,48.9,48.9,2.0
2025-02-05 14:25:00+05:30,DE,HCOB Services PMI FinalJAN,52.5,51.2,52.5,52.5,2.0
2025-02-05 14:25:00+05:30,DE,HCOB Composite PMI FinalJAN,50.5,48,50.1,50.1,2.0
2025-02-05 14:30:00+05:30,IT,Retail Sales YoYDEC,0.6%,1.1%,,1.4%,3.0
2025-02-05 14:30:00+05:30,GB,New Car Sales YoYJAN,-2.5%,-0.2%,,4.0%,3.0
2025-02-05 14:30:00+05:30,EA,HCOB Composite PMI FinalJAN,50.2,49.6,50.2,50.2,2.0
2025-02-05 14:30:00+05:30,IT,Retail Sales MoMDEC,0.6%,-0.4%,0.1%,0.4%,2.0
2025-02-05 14:30:00+05:30,EA,HCOB Services PMI FinalJAN,51.3,51.6,51.4,51.4,2.0
2025-02-05 15:00:00+05:30,GB,S&P Global Composite PMI FinalJAN,50.6,50.4,50.9,50.9,3.0
2025-02-05 15:00:00+05:30,GB,S&P Global Services PMI FinalJAN,50.8,51.1,51.2,51.2,2.0
2025-02-05 15:30:00+05:30,GB,30-Year Green Gilt Auction,4.976%,4.831%,,,3.0
2025-02-05 15:30:00+05:30,EA,PPI YoYDEC,0%,-1.2%,-0.1%,0.1%,3.0
2025-02-05 15:30:00+05:30,EA,PPI MoMDEC,0.4%,1.7%,0.4%,0.2%,3.0
2025-02-05 16:40:00+05:30,EU,6-Month Bill Auction,2.350%,2.505%,,,3.0
2025-02-05 16:40:00+05:30,EU,3-Month Bill Auction,2.487%,2.615%,,,3.0
2025-02-05 16:40:00+05:30,EU,12-Month Bill Auction,2.190%,2.378%,,,3.0
2025-02-05 17:00:00+05:30,IN,M3 Money Supply YoYJAN/24,9.6%,10.1%,,,3.0
2025-02-05 17:30:00+05:30,MX,Gross Fixed Investment YoYNOV,-0.7%,-2.6%,,-1.4%,3.0
2025-02-05 17:30:00+05:30,US,MBA 30-Year Mortgage RateJAN/31,6.97%,7.02%,,,2.0
2025-02-05 17:30:00+05:30,US,MBA Mortgage Market IndexJAN/31,224.8,220.0,,,3.0
2025-02-05 17:30:00+05:30,US,MBA Purchase IndexJAN/31,156.7,162.4,,,3.0
2025-02-05 17:30:00+05:30,US,MBA Mortgage Refinance IndexJAN/31,584.3,520.9,,,3.0
2025-02-05 17:30:00+05:30,MX,Gross Fixed Investment MoMNOV,0.1%,0.3%,-0.1%,-0.2%,3.0
2025-02-05 17:30:00+05:30,US,MBA Mortgage ApplicationsJAN/31,2.2%,-2%,,,3.0
2025-02-05 17:30:00+05:30,BR,Industrial Production YoYDEC,1.6%,1.7%,1.1%,1.5%,3.0
2025-02-05 17:30:00+05:30,BR,Industrial Production MoMDEC,-0.3%,-0.7%,-0.5%,-0.3%,2.0
2025-02-05 18:10:00+05:30,DE,Bundesbank Balz Speech,,,,,3.0
2025-02-05 18:30:00+05:30,ES,Consumer ConfidenceDEC,85,80.6,,80,2.0
2025-02-05 18:30:00+05:30,BR,S&P Global Composite PMIJAN,48.2,51.5,,51,3.0
2025-02-05 18:30:00+05:30,BR,S&P Global Services PMIJAN,47.6,51.6,,50.2,2.0
2025-02-05 18:45:00+05:30,US,ADP Employment ChangeJAN,183K,176K,150K,120.0K,2.0
2025-02-05 19:00:00+05:30,US,Treasury Refunding Announcement,,,,,3.0
2025-02-05 19:00:00+05:30,US,Balance of TradeDEC,$-98.4B,$-78.9B,$-96.6B,$ -93.0B,2.0
2025-02-05 19:00:00+05:30,CA,Balance of TradeDEC,C$0.71B,C$-0.99B,C$0.75B,C$ -1.3B,1.0
2025-02-05 19:00:00+05:30,CA,ImportsDEC,C$68.76B,C$67.18B,,C$ 64.5B,3.0
2025-02-05 19:00:00+05:30,CA,ExportsDEC,C$69.46B,C$66.2B,,C$ 65.8B,3.0
2025-02-05 19:00:00+05:30,US,ExportsDEC,$266.5B,$273.6B,,$ 262B,2.0
2025-02-05 19:00:00+05:30,US,ImportsDEC,$364.9B,$352.5B,,$ 355.0B,2.0
2025-02-05 19:30:00+05:30,US,Fed Barkin Speech,,,,,2.0
2025-02-05 19:30:00+05:30,RU,Vehicle Sales YoYJAN,9%,3.7%,,,3.0
2025-02-05 19:30:00+05:30,EA,ECB Lane Speech,,,,,3.0
2025-02-05 20:00:00+05:30,CA,S&P Global Composite PMIJAN,49.5,49.0,,49.5,3.0
2025-02-05 20:00:00+05:30,CA,S&P Global Services PMIJAN,49,48.2,,49,3.0
2025-02-05 20:15:00+05:30,US,S&P Global Composite PMI FinalJAN,52.7,55.4,52.4,52.4,2.0
2025-02-05 20:15:00+05:30,US,S&P Global Services PMI FinalJAN,52.9,56.8,52.8,52.8,2.0
2025-02-05 20:30:00+05:30,US,ISM Services EmploymentJAN,52.3,51.3,,51.3,3.0
2025-02-05 20:30:00+05:30,US,ISM Services New OrdersJAN,51.3,54.4,,54.1,3.0
2025-02-05 20:30:00+05:30,US,ISM Services PMIJAN,52.8,54.0,54.3,54,1.0
2025-02-05 20:30:00+05:30,US,ISM Services Business ActivityJAN,54.5,58.0,,58.1,3.0
2025-02-05 20:30:00+05:30,US,ISM Services PricesJAN,60.4,64.4,,64.8,3.0
2025-02-05 21:00:00+05:30,US,EIA Distillate Stocks ChangeJAN/31,-5.471M,-4.994M,-1.5M,,3.0
2025-02-05 21:00:00+05:30,US,EIA Distillate Fuel Production ChangeJAN/31,-0.186M,0.028M,,,3.0
2025-02-05 21:00:00+05:30,US,EIA Gasoline Stocks ChangeJAN/31,2.233M,2.957M,1.2M,,2.0
2025-02-05 21:00:00+05:30,US,EIA Crude Oil Stocks ChangeJAN/31,8.664M,3.463M,2.6M,,2.0
2025-02-05 21:00:00+05:30,US,EIA Crude Oil Imports ChangeJAN/31,-0.178M,0.532M,,,3.0
2025-02-05 21:00:00+05:30,US,EIA Cushing Crude Oil Stocks ChangeJAN/31,-0.034M,0.326M,,,3.0
2025-02-05 21:00:00+05:30,US,EIA Gasoline Production ChangeJAN/31,-0.027M,-0.044M,,,3.0
2025-02-05 21:00:00+05:30,US,EIA Heating Oil Stocks ChangeJAN/31,0.373M,0.128M,,,3.0
2025-02-05 21:00:00+05:30,US,EIA Refinery Crude Runs ChangeJAN/31,0.16M,-0.333M,,,3.0
2025-02-05 21:30:00+05:30,RU,Corporate ProfitsNOV,RUB 27.22T,RUB24.25T,,RUB 26.0T,3.0
2025-02-05 21:30:00+05:30,RU,Business ConfidenceJAN,4.2,6.7,,6.8,3.0
2025-02-05 21:30:00+05:30,RU,Industrial Production YoYDEC,8.2%,3.5%,,3.8%,3.0
2025-02-05 22:00:00+05:30,US,17-Week Bill Auction,4.205%,4.190%,,,3.0
2025-02-05 22:30:00+05:30,CA,2-Year Bond Auction,2.589%,2.947%,,,3.0
2025-02-05 23:30:00+05:30,US,Fed Goolsbee Speech,,,,,2.0
2025-02-06 01:30:00+05:30,US,Fed Bowman Speech,,,,,2.0
2025-02-06 04:30:00+05:30,KR,Current AccountDEC,$12.37B,$10.05B,,$10.0B,3.0
2025-02-06 05:20:00+05:30,JP,Stock Investment by ForeignersFEB/01,¥-315.2B,¥753B,,,3.0
2025-02-06 05:20:00+05:30,JP,Foreign Bond InvestmentFEB/01,¥-1458.4B,¥178B,,,3.0
2025-02-06 06:00:00+05:30,AU,Imports MoMDEC,5.9%,1.4%,,,3.0
2025-02-06 06:00:00+05:30,AU,Exports MoMDEC,1.1%,4.2%,,,3.0
2025-02-06 06:00:00+05:30,AU,Balance of TradeDEC,A$5.085B,A$6.792B,A$7B,A$6.2B,1.0
2025-02-06 07:00:00+05:30,JP,BOJ Tamura Speech,,,,,2.0
2025-02-06 09:05:00+05:30,JP,6-Month Bill Auction,0.3716%,0.3535%,,,3.0
2025-02-06 09:05:00+05:30,JP,30-Year JGB Auction,2.290%,2.304%,,,3.0
2025-02-06 12:30:00+05:30,DE,Factory Orders MoMDEC,6.9%,-5.2%,2%,1.5%,2.0
2025-02-06 14:00:00+05:30,EA,HCOB Construction PMIJAN,45.4,42.9,,43,3.0
2025-02-06 14:00:00+05:30,IT,HCOB Construction PMIJAN,50.9,51.2,,51,3.0
2025-02-06 14:00:00+05:30,DE,HCOB Construction PMIJAN,42.5,37.8,,38,2.0
2025-02-06 14:00:00+05:30,FR,HCOB Construction PMIJAN,44.5,42.6,,43,3.0
2025-02-06 15:00:00+05:30,GB,S&P Global Construction PMIJAN,48.1,53.3,53.4,53.5,2.0
2025-02-06 15:10:00+05:30,ES,7-Year Obligacion Auction,2.705%,2.768%,,,3.0
2025-02-06 15:10:00+05:30,ES,3-Year Bonos Auction,2.388%,2.586%,,,3.0
2025-02-06 15:10:00+05:30,ES,10-Year Index-Linked Obligacion Auction,2.230%,1.212%,,,3.0
2025-02-06 15:10:00+05:30,ES,30-Year Obligacion Auction,3.691%,3.877%,,,3.0
2025-02-06 15:30:00+05:30,EA,Retail Sales YoYDEC,1.9%,1.6%,1.9%,1.7%,2.0
2025-02-06 15:30:00+05:30,FR,10-Year OAT Auction,3.15%,3.40%,,,3.0
2025-02-06 15:30:00+05:30,FR,11-Year OAT Auction,3.20%,3.49%,,,3.0
2025-02-06 15:30:00+05:30,FR,30-Year OAT Auction,3.66%,3.93%,,,3.0
2025-02-06 15:30:00+05:30,EA,Retail Sales MoMDEC,-0.2%,0%,-0.1%,0.3%,2.0
2025-02-06 15:30:00+05:30,FR,13-Year OAT Auction,3.33%,3.10%,,,3.0
2025-02-06 16:00:00+05:30,DE,New Car Registrations YoYJAN,-2.8%,-7.1%,,-5.0%,3.0
2025-02-06 17:00:00+05:30,TR,Foreign Exchange ReservesJAN/31,$97.31B,$99.33B,,,3.0
2025-02-06 17:30:00+05:30,GB,BoE MPC Meeting Minutes,,,,,2.0
2025-02-06 17:30:00+05:30,GB,BoE MPC Vote Unchanged,0/9,6/9,1/9,,2.0
2025-02-06 17:30:00+05:30,GB,BoE MPC Vote Cut,9/9,3/9,8/9,,2.0
2025-02-06 17:30:00+05:30,MX,Consumer ConfidenceJAN,46.7,47,,46.5,2.0
2025-02-06 17:30:00+05:30,GB,BoE Interest Rate Decision,4.5%,4.75%,4.5%,4.5%,1.0
2025-02-06 17:30:00+05:30,GB,BoE Monetary Policy Report,,,,,2.0
2025-02-06 17:30:00+05:30,GB,BoE MPC Vote Hike,0/9,0/9,0/9,,2.0
2025-02-06 18:00:00+05:30,US,Challenger Job CutsJAN,49.795K,38.792K,,45K,3.0
2025-02-06 19:00:00+05:30,US,Jobless Claims 4-week AverageFEB/01,216.75K,212.75K,,215.5K,3.0
2025-02-06 19:00:00+05:30,US,Nonfarm Productivity QoQ PrelQ4,1.2%,2.3%,1.4%,1.9%,2.0
2025-02-06 19:00:00+05:30,US,Continuing Jobless ClaimsJAN/25,1886K,1850K,1870K,1855.0K,3.0
2025-02-06 19:00:00+05:30,US,Initial Jobless ClaimsFEB/01,219K,208K,213K,215.0K,2.0
2025-02-06 19:00:00+05:30,US,Unit Labour Costs QoQ PrelQ4,3%,0.5%,3.4%,3%,2.0
2025-02-06 19:45:00+05:30,GB,BoE Gov Bailey Speech,,,,,2.0
2025-02-06 20:30:00+05:30,CA,Ivey PMI s.aJAN,47.1,54.7,53.0,54.2,1.0
2025-02-06 20:30:00+05:30,US,Total Vehicle SalesJAN,15.6M,16.9M,,,3.0
2025-02-06 20:30:00+05:30,WL,Global Supply Chain Pressure IndexJAN,-0.31,-0.24,,,3.0
2025-02-06 21:00:00+05:30,US,EIA Natural Gas Stocks ChangeJAN/31,-174Bcf,-321Bcf,-168Bcf,,3.0
2025-02-06 21:15:00+05:30,BR,2-Year LTN Auction,15.003%,15.152%,,,3.0
2025-02-06 21:15:00+05:30,BR,10-Year NTN-F Auction,14.7988%,15.194%,,,3.0
2025-02-06 21:15:00+05:30,BR,6-Month LTN Auction,14.62%,14.5579%,,,3.0
2025-02-06 21:45:00+05:30,DE,Bundesbank Nagel Speech,,,,,3.0
2025-02-06 22:00:00+05:30,US,8-Week Bill Auction,4.240%,4.240%,,,3.0
2025-02-06 22:00:00+05:30,US,4-Week Bill Auction,4.250%,4.250%,,,3.0
2025-02-06 22:30:00+05:30,US,30-Year Mortgage RateFEB/06,6.89%,6.95%,,,3.0
2025-02-06 22:30:00+05:30,DE,Bundesbank Balz Speech,,,,,3.0
2025-02-06 22:30:00+05:30,CA,10-Year Bond Auction,3.033%,3.358%,,,3.0
2025-02-06 22:30:00+05:30,US,15-Year Mortgage RateFEB/06,6.05%,6.12%,,,3.0
2025-02-06 22:30:00+05:30,ZA,State of the Nation Address (SONA),,,,,3.0
2025-02-07 00:30:00+05:30,MX,Interest Rate Decision,9.5%,10%,9.5%,9.5%,2.0
2025-02-07 01:00:00+05:30,US,Fed Waller Speech,,,,,2.0
2025-02-07 02:00:00+05:30,US,Fed Daly Speech,,,,,2.0
2025-02-07 03:00:00+05:30,US,Fed Balance SheetFEB/05,$6.81T,$6.82T,,,3.0
2025-02-07 05:00:00+05:30,JP,Household Spending MoMDEC,2.3%,0.4%,-0.5%,0.2%,2.0
2025-02-07 05:00:00+05:30,JP,Household Spending YoYDEC,2.7%,-0.4%,0.2%,1.5%,2.0
2025-02-07 08:30:00+05:30,ID,Foreign Exchange ReservesJAN,$156.1B,$155.7B,,,3.0
2025-02-07 09:05:00+05:30,JP,3-Month Bill Auction,0.3110%,0.3248%,,,3.0
2025-02-07 10:00:00+05:30,IN,RBI Interest Rate Decision,6.25%,6.5%,6.25%,6.25%,1.0
2025-02-07 10:00:00+05:30,IN,Cash Reserve Ratio,4%,4%,4%,4.0%,3.0
2025-02-07 10:30:00+05:30,JP,Leading Economic Index PrelDEC,108.9,107.8,108.1,108.2,3.0
2025-02-07 10:30:00+05:30,JP,Coincident Index PrelDEC,116.8,115.4,,115.9,3.0
2025-02-07 11:00:00+05:30,KR,KTBi Auction,0.410%,,,,3.0
2025-02-07 11:30:00+05:30,ZA,Foreign Exchange ReservesJAN,$65.88B,$65.46B,,$65.0B,3.0
2025-02-07 12:30:00+05:30,DE,Industrial Production MoMDEC,-2.4%,1.3%,-0.6%,-0.6%,2.0
2025-02-07 12:30:00+05:30,DE,Balance of TradeDEC,€20.7B,€19.2B,€17B,€ 18.0B,1.0
2025-02-07 12:30:00+05:30,DE,Exports MoMDEC,2.9%,2.3%,-0.6%,,2.0
2025-02-07 12:30:00+05:30,GB,Halifax House Price Index YoYJAN,3%,3.4%,,2.7%,2.0
2025-02-07 12:30:00+05:30,GB,Halifax House Price Index MoMJAN,0.7%,-0.2%,0.2%,0.1%,2.0
2025-02-07 12:30:00+05:30,DE,Imports MoMDEC,2.1%,-2.7%,1.8%,,3.0
2025-02-07 13:00:00+05:30,TR,Inflation Report,,,,,2.0
2025-02-07 13:15:00+05:30,FR,Balance of TradeDEC,€-3.9B,€-6.3B,€-5.3B,€ -7.2B,2.0
2025-02-07 13:15:00+05:30,FR,ExportsDEC,€52.255B,€50.256B,,€ 49.7B,3.0
2025-02-07 13:15:00+05:30,FR,Foreign Exchange ReservesJAN,€292.59B,€275.078B,,,3.0
2025-02-07 13:15:00+05:30,FR,ImportsDEC,€56.16B,€56.596B,,€ 56.9B,3.0
2025-02-07 13:15:00+05:30,FR,Current AccountDEC,€2.4B,€-1.2B,,€ -2.5B,3.0
2025-02-07 13:15:00+05:30,FR,Private Non Farm Payrolls QoQ PrelQ4,-0.2%,0.1%,-0.1%,0.1%,3.0
2025-02-07 13:30:00+05:30,CN,Foreign Exchange ReservesJAN,$3.209T,$3.202T,$3.2T,$3.3T,3.0
2025-02-07 13:30:00+05:30,ES,Industrial Production YoYDEC,2.1%,-0.1%,0.5%,1.3%,3.0
2025-02-07 14:15:00+05:30,EA,ECB Guindos Speech,,,,,3.0
2025-02-07 14:30:00+05:30,SG,Foreign Exchange ReservesJAN,S$510.6B,S$506.7B,,,3.0
2025-02-07 14:30:00+05:30,WL,FAO Food Price IndexJAN,124.9,127,,,3.0
2025-02-07 15:30:00+05:30,GB,BBA Mortgage RateJAN,7.49%,7.50%,,7.5%,3.0
2025-02-07 17:00:00+05:30,IN,Foreign Exchange ReservesJAN/31,$630.61B,$629.56B,,,3.0
2025-02-07 17:30:00+05:30,MX,Core Inflation Rate MoMJAN,0.41%,0.51%,0.45%,0.4%,3.0
2025-02-07 17:30:00+05:30,MX,Core Inflation Rate YoYJAN,3.66%,3.65%,3.70%,3.7%,3.0
2025-02-07 17:30:00+05:30,MX,Inflation Rate MoMJAN,0.29%,0.38%,0.31%,0.3%,2.0
2025-02-07 17:30:00+05:30,MX,Inflation Rate YoYJAN,3.59%,4.21%,3.61%,3.8%,2.0
2025-02-07 17:45:00+05:30,GB,BoE Pill Speech,,,,,2.0
2025-02-07 19:00:00+05:30,US,Participation RateJAN,62.6%,62.5%,,62.5%,2.0
2025-02-07 19:00:00+05:30,CA,Average Hourly Wages YoYJAN,3.7%,3.8%,,3.7%,3.0
2025-02-07 19:00:00+05:30,US,Government PayrollsJAN,32K,34K,,25K,3.0
2025-02-07 19:00:00+05:30,CA,Unemployment RateJAN,6.6%,6.7%,6.8%,6.8%,1.0
2025-02-07 19:00:00+05:30,US,Manufacturing PayrollsJAN,3K,-12K,-2K,-5K,3.0
2025-02-07 19:00:00+05:30,US,Average Hourly Earnings YoYJAN,4.1%,4.1%,3.8%,3.9%,2.0
2025-02-07 19:00:00+05:30,US,U-6 Unemployment RateJAN,7.5%,7.5%,,7.5%,3.0
2025-02-07 19:00:00+05:30,CA,Participation RateJAN,65.5%,65.4%,,65.0%,2.0
2025-02-07 19:00:00+05:30,US,Average Hourly Earnings MoMJAN,0.5%,0.3%,0.3%,0.3%,2.0
2025-02-07 19:00:00+05:30,US,Non Farm PayrollsJAN,143K,307K,170K,205K,1.0
2025-02-07 19:00:00+05:30,US,Unemployment RateJAN,4%,4.1%,4.1%,4.1%,1.0
2025-02-07 19:00:00+05:30,US,Average Weekly HoursJAN,34.1,34.2,34.3,34.3,3.0
2025-02-07 19:00:00+05:30,CA,Part Time Employment ChgJAN,40.9K,7.1K,,40K,2.0
2025-02-07 19:00:00+05:30,CA,Employment ChangeJAN,76K,90.9K,25K,50K,2.0
2025-02-07 19:00:00+05:30,CA,Full Time Employment ChgJAN,35.2K,171.8K,,-10K,2.0
2025-02-07 19:00:00+05:30,US,Nonfarm Payrolls PrivateJAN,111K,273K,141K,180K,3.0
2025-02-07 19:10:00+05:30,US,Fed Kashkari Speech,,,,,2.0
2025-02-07 19:30:00+05:30,RU,Foreign Exchange ReservesJAN,$620.8B,$609.1B,,$607.0B,3.0
2025-02-07 19:30:00+05:30,US,Used Car Prices MoMJAN,0.4%,-0.3%,,,3.0
2025-02-07 19:30:00+05:30,US,Used Car Prices YoYJAN,0.8%,0.4%,,,3.0
2025-02-07 19:55:00+05:30,US,Fed Bowman Speech,,,,,2.0
2025-02-07 20:00:00+05:30,TR,Treasury Cash BalanceJAN,TRY-204.9B,TRY-324.4B,,,3.0
2025-02-07 20:30:00+05:30,US,Wholesale Inventories MoMDEC,-0.5%,-0.1%,-0.5%,-0.5%,3.0
2025-02-07 20:30:00+05:30,US,Michigan Consumer Sentiment PrelFEB,67.8,71.1,71.1,72,1.0
2025-02-07 20:30:00+05:30,US,Michigan Inflation Expectations PrelFEB,4.3%,3.3%,,3.4%,3.0
2025-02-07 20:30:00+05:30,US,Michigan Consumer Expectations PrelFEB,67.3,69.3,70,69.5,3.0
2025-02-07 20:30:00+05:30,US,Michigan Current Conditions PrelFEB,68.7,74,73,74.3,3.0
2025-02-07 20:30:00+05:30,US,Michigan 5 Year Inflation Expectations PrelFEB,3.3%,3.2%,,3.3%,3.0
2025-02-07 21:00:00+05:30,US,Fed Goolsbee Speech,,,,,2.0
2025-02-07 21:30:00+05:30,RU,Retail Sales YoYDEC,5.2%,6%,,4.5%,3.0
2025-02-07 21:30:00+05:30,RU,Real Wage Growth YoYNOV,7.3%,7.2%,,7.0%,3.0
2025-02-07 21:30:00+05:30,RU,Unemployment RateDEC,2.3%,2.3%,,2.40%,2.0
2025-02-07 21:30:00+05:30,RU,Full Year GDP Growth2024,4.1%,4.1%,,4.1%,3.0
2025-02-07 21:30:00+05:30,RU,GDP YoYDEC,4.5%,3.6%,,4.3%,3.0
2025-02-07 22:30:00+05:30,US,Fed Kugler Speech,,,,,2.0
2025-02-07 23:30:00+05:30,US,Baker Hughes Oil Rig CountFEB/07,480,479,,,3.0
2025-02-07 23:30:00+05:30,US,Baker Hughes Total Rigs CountFEB/07,586,582,,,3.0
2025-02-07 23:30:00+05:30,JP,Foreign Exchange ReservesJAN,$1240.6B,$1230.7B,,,3.0
2025-02-07 23:30:00+05:30,CA,Canada-US Economic Summit,,,,,3.0
2025-02-07 23:30:00+05:30,BR,Balance of TradeJAN,$2.16B,$4.8B,$3B,$4.1B,2.0
2025-02-08 00:30:00+05:30,AR,Industrial Production YoYDEC,8.4%,-1.7%,,1.2%,3.0
2025-02-08 01:30:00+05:30,US,Consumer Credit ChangeDEC,$40.85B,$-5.37B,$12.35B,$ 18B,3.0
2025-02-09 07:00:00+05:30,CN,Inflation Rate MoMJAN,0.7%,0%,0.8%,0.6%,2.0
2025-02-09 07:00:00+05:30,CN,Inflation Rate YoYJAN,0.5%,0.1%,0.4%,0.2%,1.0
2025-02-09 07:00:00+05:30,CN,PPI YoYJAN,-2.3%,-2.3%,-2.1%,-2.2%,2.0
2025-02-09 08:00:00+05:30,ID,Motorbike Sales YoYJAN,-6.0%,-5.5%,,,3.0
2025-02-10 05:20:00+05:30,JP,Current AccountDEC,¥1077.3B,¥3352.5B,¥1362B,¥ 1840B,2.0
2025-02-10 05:20:00+05:30,JP,Bank Lending YoYJAN,3%,3%,3.1%,3.0%,3.0
2025-02-10 06:00:00+05:30,AU,Private House Approvals MoM FinalDEC,-3.0%,-1.7%,-3%,-3.0%,3.0
2025-02-10 06:00:00+05:30,AU,Building Permits MoM FinalDEC,0.7%,-3.4%,0.7%,1.5%,3.0
2025-02-10 10:30:00+05:30,JP,Eco Watchers Survey CurrentJAN,48.6,49.0,49.7,50.2,3.0
2025-02-10 10:30:00+05:30,JP,Eco Watchers Survey OutlookJAN,48.0,49.4,,49.7,3.0
2025-02-10 11:30:00+05:30,SA,Industrial Production YoYDEC,2.1%,2.5%,,3.3%,3.0
2025-02-10 12:30:00+05:30,TR,Industrial Production YoYDEC,7%,1.5%,,1.8%,2.0
2025-02-10 12:30:00+05:30,TR,Unemployment RateDEC,8.5%,8.6%,,8.6%,2.0
2025-02-10 12:30:00+05:30,KR,3-Year KTB Auction,2.615%,2.625%,,,3.0
2025-02-10 12:30:00+05:30,TR,Participation RateDEC,54.1%,54.2%,,54.3%,3.0
2025-02-10 12:30:00+05:30,TR,Industrial Production MoMDEC,5%,2.9%,,1.4%,3.0
2025-02-10 17:30:00+05:30,MX,Auto Exports YoYJAN,-13.7%,-5.8%,,-3.8%,3.0
2025-02-10 17:30:00+05:30,MX,Auto Production YoYJAN,1.7%,4.2%,,5.0%,3.0
2025-02-10 19:30:00+05:30,FR,3-Month BTF Auction,2.450%,2.496%,,,3.0
2025-02-10 19:30:00+05:30,BR,New Car Registrations MoMJAN,-33.5%,1.6%,,-1.5%,3.0
2025-02-10 19:30:00+05:30,FR,12-Month BTF Auction,2.224%,2.218%,,,3.0
2025-02-10 19:30:00+05:30,BR,Car Production MoMJAN,-7.7%,-19.5%,,-5.0%,3.0
2025-02-10 19:30:00+05:30,FR,6-Month BTF Auction,2.358%,2.395%,,,3.0
2025-02-10 19:30:00+05:30,EA,ECB President Lagarde Speech,,,,,2.0
2025-02-10 21:00:00+05:30,CA,BoC Market Participants Survey,,,,,2.0
2025-02-10 21:30:00+05:30,US,Consumer Inflation ExpectationsJAN,3%,3%,,3.1%,3.0
2025-02-10 21:30:00+05:30,DE,Bundesbank Balz Speech,,,,,3.0
2025-02-10 22:00:00+05:30,US,3-Month Bill Auction,4.225%,4.22%,,,3.0
2025-02-10 22:00:00+05:30,US,6-Month Bill Auction,4.185%,4.155%,,,3.0
2025-02-11 05:00:00+05:30,AU,Westpac Consumer Confidence ChangeFEB,0.1%,-0.7%,,0.4%,1.0
2025-02-11 05:00:00+05:30,AU,Westpac Consumer Confidence IndexFEB,92.2,92.1,,92.6,2.0
2025-02-11 05:31:00+05:30,GB,BRC Retail Sales Monitor YoYJAN,2.5%,3.1%,0.2%,0.3%,2.0
2025-02-11 06:00:00+05:30,AU,NAB Business ConfidenceJAN,4,-2,,0,1.0
2025-02-11 08:30:00+05:30,ID,Consumer ConfidenceJAN,127.2,127.7,,128,3.0
2025-02-11 10:30:00+05:30,SG,MAS 12-Week Bill Auction,2.99%,3.05%,,,3.0
2025-02-11 10:30:00+05:30,SG,MAS 4-Week Bill Auction,2.98%,3.05%,,,3.0
2025-02-11 11:30:00+05:30,ID,Car Sales YoYJAN,-11.3%,-6.4%,,,3.0
2025-02-11 12:00:00+05:30,FR,Unemployment RateQ4,7.3%,7.4%,7.5%,7.60%,2.0
2025-02-11 12:30:00+05:30,TR,Retail Sales YoYDEC,13.5%,16.6%,,15.6%,3.0
2025-02-11 12:30:00+05:30,TR,Retail Sales MoMDEC,0.4%,1.9%,,1%,3.0
2025-02-11 14:15:00+05:30,GB,BoE Mann Speech,,,,,2.0
2025-02-11 15:10:00+05:30,ES,3-Month Letras Auction,2.431%,2.493%,,,3.0
2025-02-11 15:10:00+05:30,ES,9-Month Letras Auction,2.248%,2.485%,,,3.0
2025-02-11 16:00:00+05:30,DE,5-Year Bobl Auction,2.17%,2.42%,,,3.0
2025-02-11 16:30:00+05:30,ZA,Manufacturing Production YoYDEC,-1.2%,-1.9%,-1.7%,-1.9%,3.0
2025-02-11 16:30:00+05:30,ZA,Manufacturing Production MoMDEC,-2.4%,-1.3%,,0.9%,3.0
2025-02-11 16:30:00+05:30,US,NFIB Business Optimism IndexJAN,102.8,105.1,104.6,104,3.0
2025-02-11 17:30:00+05:30,MX,Industrial Production MoMDEC,-1.4%,0%,-0.5%,0.5%,3.0
2025-02-11 17:30:00+05:30,MX,Industrial Production YoYDEC,-2.7%,-1.4%,,1%,3.0
2025-02-11 17:30:00+05:30,BR,Inflation Rate YoYJAN,4.56%,4.83%,4.57%,4.7%,2.0
2025-02-11 17:30:00+05:30,BR,Inflation Rate MoMJAN,0.16%,0.52%,0.16%,0.3%,2.0
2025-02-11 17:45:00+05:30,GB,BoE Gov Bailey Speech,,,,,2.0
2025-02-11 18:30:00+05:30,RU,Balance of TradeDEC,$5.58B,$6.02B,$7B,$6.1B,3.0
2025-02-11 19:00:00+05:30,CA,Building Permits MoMDEC,11%,-5.6%,1.7%,2.2%,3.0
2025-02-11 19:20:00+05:30,US,Fed Hammack Speech,,,,,2.0
2025-02-11 19:25:00+05:30,US,Redbook YoYFEB/08,5.3%,5.7%,,,3.0
2025-02-11 20:30:00+05:30,US,Fed Chair Powell Testimony,,,,,1.0
2025-02-11 22:30:00+05:30,US,WASDE Report,,,,,3.0
2025-02-11 22:30:00+05:30,EA,ECB Schnabel Speech,,,,,3.0
2025-02-11 23:30:00+05:30,US,3-Year Note Auction,4.300%,4.332%,,,3.0
2025-02-12 02:00:00+05:30,US,Fed Bowman Speech,,,,,2.0
2025-02-12 02:00:00+05:30,US,Fed Williams Speech,,,,,2.0
2025-02-12 03:00:00+05:30,US,API Crude Oil Stock ChangeFEB/07,9.043M,5.025M,2.8M,,2.0
2025-02-12 06:00:00+05:30,AU,Investment Lending for HomesQ4,-2.9%,5.1%,,0.5%,2.0
2025-02-12 06:00:00+05:30,AU,Home Loans QoQQ4,4.2%,3.5%,,0.6%,2.0
2025-02-12 08:30:00+05:30,ID,Retail Sales YoYDEC,1.8%,0.9%,,3.7%,3.0
2025-02-12 09:05:00+05:30,JP,10-Year Index-Linked JGB Auction,-0.269%,-0.362%,,,3.0
2025-02-12 11:30:00+05:30,JP,Machine Tool Orders YoYJAN,4.7%,11.2%,,1.6%,3.0
2025-02-12 14:30:00+05:30,IT,Industrial Production YoYDEC,-7.1%,-1.6%,,-1.2%,3.0
2025-02-12 14:30:00+05:30,IT,Industrial Production MoMDEC,-3.1%,0.3%,-0.2%,-0.1%,2.0
2025-02-12 15:00:00+05:30,ZA,SACCI Business ConfidenceDEC,121,118.1,,120,3.0
2025-02-12 15:00:00+05:30,ZA,SACCI Business ConfidenceJAN,120,121,,116,3.0
2025-02-12 15:30:00+05:30,EA,ECB Elderson Speech,,,,,3.0
2025-02-12 15:30:00+05:30,GB,20-Year Index-Linked Treasury Gilt Auction,1.732%,1.328%,,,3.0
2025-02-12 15:40:00+05:30,IT,12-Month BOT Auction,2.323%,2.517%,,,3.0
2025-02-12 16:00:00+05:30,DE,30-Year Bund Auction,2.65%,2.84%,,,3.0
2025-02-12 16:00:00+05:30,IN,Manufacturing Production YoYDEC,3%,5.5%,,3.7%,2.0
2025-02-12 16:00:00+05:30,IN,Inflation Rate YoYJAN,4.31%,5.22%,4.60%,4.9%,2.0
2025-02-12 16:00:00+05:30,IN,Industrial Production YoYDEC,3.2%,5%,3.9%,3.1%,2.0
2025-02-12 16:00:00+05:30,IN,Inflation Rate MoMJAN,-0.97%,-0.56%,,0.1%,3.0
2025-02-12 16:30:00+05:30,DE,Bundesbank Mauderer Speech,,,,,3.0
2025-02-12 17:30:00+05:30,US,MBA Mortgage ApplicationsFEB/07,2.3%,2.2%,,,3.0
2025-02-12 17:30:00+05:30,US,MBA 30-Year Mortgage RateFEB/07,6.95%,6.97%,,,2.0
2025-02-12 17:30:00+05:30,US,MBA Mortgage Refinance IndexFEB/07,640.6,584.3,,,3.0
2025-02-12 17:30:00+05:30,US,MBA Mortgage Market IndexFEB/07,230.0,224.8,,,3.0
2025-02-12 17:30:00+05:30,US,MBA Purchase IndexFEB/07,153.1,156.7,,,3.0
2025-02-12 19:00:00+05:30,US,Core Inflation Rate YoYJAN,3.3%,3.2%,3.1%,3.1%,1.0
2025-02-12 19:00:00+05:30,US,Inflation Rate MoMJAN,0.5%,0.4%,0.3%,0.2%,1.0
2025-02-12 19:00:00+05:30,US,Core Inflation Rate MoMJAN,0.4%,0.2%,0.3%,0.3%,1.0
2025-02-12 19:00:00+05:30,US,CPIJAN,317.67,315.61,317.46,317.3,2.0
2025-02-12 19:00:00+05:30,US,CPI s.aJAN,319.086,317.603,,318.2,2.0
2025-02-12 19:00:00+05:30,US,Inflation Rate YoYJAN,3%,2.9%,2.9%,2.9%,1.0
2025-02-12 20:00:00+05:30,DE,Current AccountDEC,€24.0B,€21.9B,,€ 30.4B,3.0
2025-02-12 20:30:00+05:30,GB,BoE Green Speech,,,,,3.0
2025-02-12 21:00:00+05:30,US,EIA Cushing Crude Oil Stocks ChangeFEB/07,0.872M,-0.034M,,,3.0
2025-02-12 21:00:00+05:30,US,EIA Gasoline Production ChangeFEB/07,0.18M,-0.027M,,,3.0
2025-02-12 21:00:00+05:30,US,EIA Distillate Fuel Production ChangeFEB/07,-0.009M,-0.186M,,,3.0
2025-02-12 21:00:00+05:30,US,EIA Refinery Crude Runs ChangeFEB/07,0.082M,0.16M,,,3.0
2025-02-12 21:00:00+05:30,US,EIA Heating Oil Stocks ChangeFEB/07,0.159M,0.373M,,,3.0
2025-02-12 21:00:00+05:30,US,EIA Gasoline Stocks ChangeFEB/07,-3.035M,2.233M,1.5M,,2.0
2025-02-12 21:00:00+05:30,US,EIA Distillate Stocks ChangeFEB/07,0.135M,-5.471M,-2M,,3.0
2025-02-12 21:00:00+05:30,US,EIA Crude Oil Stocks ChangeFEB/07,4.07M,8.664M,3M,,2.0
2025-02-12 21:00:00+05:30,US,EIA Crude Oil Imports ChangeFEB/07,-0.184M,-0.178M,,,3.0
2025-02-12 22:00:00+05:30,US,17-Week Bill Auction,4.230%,4.205%,,,3.0
2025-02-12 22:30:00+05:30,US,Fed Bostic Speech,,,,,2.0
2025-02-12 23:00:00+05:30,DE,Bundesbank Nagel Speech,,,,,3.0
2025-02-12 23:30:00+05:30,US,10-Year Note Auction,4.632%,4.68%,,,3.0
2025-02-12 23:30:00+05:30,OP,OPEC Monthly Report,,,,,3.0
2025-02-13 00:00:00+05:30,CA,BoC Summary of Deliberations,,,,,2.0
2025-02-13 00:30:00+05:30,US,Monthly Budget StatementJAN,$-129B,$-87B,$-88.1B,$-93.0B,2.0
2025-02-13 03:35:00+05:30,US,Fed Waller Speech,,,,,2.0
2025-02-13 05:20:00+05:30,JP,PPI MoMJAN,0.3%,0.4%,0.3%,0.4%,3.0
2025-02-13 05:20:00+05:30,JP,PPI YoYJAN,4.2%,3.9%,4%,4.1%,3.0
2025-02-13 05:31:00+05:30,GB,RICS House Price BalanceJAN,22%,26%,27%,29.0%,2.0
2025-02-13 07:00:00+05:30,AU,Consumer Inflation ExpectationsFEB,4.6%,4%,,3.8%,3.0
2025-02-13 10:30:00+05:30,SG,6-Month T-Bill Auction,2.9%,3.04%,,,3.0
2025-02-13 12:30:00+05:30,GB,Industrial Production YoYDEC,-1.9%,-2%,-2.1%,0.9%,3.0
2025-02-13 12:30:00+05:30,DE,Harmonised Inflation Rate YoY FinalJAN,2.8%,2.8%,2.8%,2.8%,3.0
2025-02-13 12:30:00+05:30,GB,Construction Output YoYDEC,1.5%,1%,1.1%,1.0%,3.0
2025-02-13 12:30:00+05:30,GB,Industrial Production MoMDEC,0.5%,-0.5%,0.2%,0.2%,2.0
2025-02-13 12:30:00+05:30,GB,Goods Trade BalanceDEC,£-17.45B,£-18.9B,£-18.4B,£ -18.9B,2.0
2025-02-13 12:30:00+05:30,DE,Harmonised Inflation Rate MoM FinalJAN,-0.2%,0.7%,-0.2%,-0.2%,3.0
2025-02-13 12:30:00+05:30,GB,Manufacturing Production MoMDEC,0.7%,-0.3%,-0.1%,0.2%,2.0
2025-02-13 12:30:00+05:30,GB,GDP YoYDEC,1.5%,1.1%,1%,1.1%,1.0
2025-02-13 12:30:00+05:30,DE,Inflation Rate YoY FinalJAN,2.3%,2.6%,2.3%,2.3%,2.0
2025-02-13 12:30:00+05:30,GB,Manufacturing Production YoYDEC,-1.4%,-1.1%,-1.9%,0.5%,3.0
2025-02-13 12:30:00+05:30,GB,Construction Orders YoYQ4,-0.1%,-9.7%,,15%,3.0
2025-02-13 12:30:00+05:30,GB,GDP Growth Rate QoQ PrelQ4,0.1%,0%,-0.1%,-0.1%,1.0
2025-02-13 12:30:00+05:30,DE,Inflation Rate MoM FinalJAN,-0.2%,0.5%,-0.2%,-0.2%,2.0
2025-02-13 12:30:00+05:30,GB,Balance of TradeDEC,£-2.82B,£-4.35B,,£ -1.7B,3.0
2025-02-13 12:30:00+05:30,GB,Goods Trade Balance Non-EUDEC,£-6.1B,£-7.19B,,£ -7.6B,2.0
2025-02-13 12:30:00+05:30,GB,GDP MoMDEC,0.4%,0.1%,0.1%,0.1%,1.0
2025-02-13 12:30:00+05:30,GB,GDP 3-Month AvgDEC,0.1%,-0.1%,-0.1%,0.0%,2.0
2025-02-13 12:30:00+05:30,GB,GDP Growth Rate YoY PrelQ4,1.4%,1%,1.1%,1%,1.0
2025-02-13 12:30:00+05:30,TR,Current AccountDEC,$-4.65B,$-2.73B,$-4B,$-3B,3.0
2025-02-13 12:30:00+05:30,GB,Business Investment YoY PrelQ4,-0.7%,4.4%,,3.0%,3.0
2025-02-13 12:30:00+05:30,GB,Business Investment QoQ PrelQ4,-3.2%,1.9%,1.1%,1.7%,2.0
2025-02-13 14:10:00+05:30,EA,ECB Cipollone Speech,,,,,3.0
2025-02-13 14:30:00+05:30,EA,ECB Economic Bulletin,,,,,2.0
2025-02-13 14:30:00+05:30,FR,IEA Oil Market Report,,,,,2.0
2025-02-13 15:00:00+05:30,ZA,Mining Production MoMDEC,-3.9%,0%,,0.9%,3.0
2025-02-13 15:00:00+05:30,ZA,Gold Production YoYDEC,-8.4%,-11.5%,,-1.7%,3.0
2025-02-13 15:00:00+05:30,ZA,Mining Production YoYDEC,-2.4%,-0.9%,,0.9%,3.0
2025-02-13 15:30:00+05:30,EA,Industrial Production YoYDEC,-2%,-1.8%,-3.1%,-2.5%,3.0
2025-02-13 15:30:00+05:30,EA,Industrial Production MoMDEC,-1.1%,0.4%,-0.6%,-0.3%,2.0
2025-02-13 15:40:00+05:30,IT,7-Year BTP Auction,3.18%,3.49%,,,3.0
2025-02-13 15:40:00+05:30,IT,3-Year BTP Auction,2.52%,2.85%,,,3.0
2025-02-13 17:00:00+05:30,TR,Foreign Exchange ReservesFEB/07,$96.93B,$97.31B,,,3.0
2025-02-13 17:30:00+05:30,BR,Retail Sales MoMDEC,-0.1%,-0.2%,0%,0.1%,2.0
2025-02-13 17:30:00+05:30,BR,Retail Sales YoYDEC,2%,5.2%,3.5%,3.0%,3.0
2025-02-13 18:15:00+05:30,GB,NIESR Monthly GDP TrackerJAN,0.3%,0.1%,,0.1%,3.0
2025-02-13 19:00:00+05:30,US,"PPI Ex Food, Energy and Trade YoYJAN",3.4%,3.5%,3.2%,3.3%,3.0
2025-02-13 19:00:00+05:30,US,PPI MoMJAN,0.4%,0.5%,0.3%,0.3%,1.0
2025-02-13 19:00:00+05:30,US,Initial Jobless ClaimsFEB/08,213K,220K,215K,215.0K,2.0
2025-02-13 19:00:00+05:30,US,PPIJAN,147.716,147.127,,147.2,3.0
2025-02-13 19:00:00+05:30,US,PPI YoYJAN,3.5%,3.5%,3.2%,3.4%,3.0
2025-02-13 19:00:00+05:30,US,Core PPI YoYJAN,3.6%,3.7%,3.3%,3.5%,3.0
2025-02-13 19:00:00+05:30,US,Jobless Claims 4-week AverageFEB/08,216K,217K,,216.0K,3.0
2025-02-13 19:00:00+05:30,US,Core PPI MoMJAN,0.3%,0.4%,0.3%,0.1%,2.0
2025-02-13 19:00:00+05:30,US,Continuing Jobless ClaimsFEB/01,1850K,1886K,1880K,1875.0K,3.0
2025-02-13 19:00:00+05:30,US,"PPI Ex Food, Energy and Trade MoMJAN",0.3%,0.4%,,0.2%,3.0
2025-02-13 21:00:00+05:30,US,EIA Natural Gas Stocks ChangeFEB/07,-100Bcf,-174Bcf,-92Bcf,,3.0
2025-02-13 21:15:00+05:30,BR,2-Year LTN Auction,15.031%,15.003%,,,3.0
2025-02-13 21:15:00+05:30,BR,10-Year NTN-F Auction,15.035%,14.7988%,,,3.0
2025-02-13 21:30:00+05:30,US,Total Household DebtQ4,$18.04T,$17.9T,,,3.0
2025-02-13 22:30:00+05:30,CA,5-Year Bond Auction,2.849%,3.228%,,,3.0
2025-02-13 22:30:00+05:30,US,30-Year Mortgage RateFEB/13,6.87%,6.89%,,,3.0
2025-02-13 22:30:00+05:30,US,15-Year Mortgage RateFEB/13,6.09%,6.05%,,,3.0
2025-02-13 22:30:00+05:30,DE,Bundesbank Nagel Speech,,,,,3.0
2025-02-13 23:30:00+05:30,US,30-Year Bond Auction,4.748%,4.913%,,,3.0
2025-02-14 00:30:00+05:30,AR,Inflation Rate MoMJAN,2.2%,2.7%,2.3%,2.4%,3.0
2025-02-14 00:30:00+05:30,AR,Inflation Rate YoYJAN,84.5%,117.8%,84.7%,85.0%,3.0
2025-02-14 02:30:00+05:30,KR,Export Prices YoYJAN,8.5%,10.5%,,6.4%,3.0
2025-02-14 02:30:00+05:30,KR,Import Prices YoYJAN,6.6%,6.8%,,5.5%,3.0
2025-02-14 03:00:00+05:30,US,Fed Balance SheetFEB/12,$6.81T,$6.81T,,,3.0
2025-02-14 04:30:00+05:30,KR,Unemployment RateJAN,2.9%,3.7%,,3.7%,2.0
2025-02-14 05:20:00+05:30,IN,Passenger Vehicles Sales YoYJAN,3.5%,11.4%,,,3.0
2025-02-14 05:20:00+05:30,JP,Foreign Bond InvestmentFEB/08,¥1752.9B,¥-1458.4B,,,3.0
2025-02-14 05:20:00+05:30,JP,Stock Investment by ForeignersFEB/08,¥-384.4B,¥-315.2B,,,3.0
2025-02-14 05:30:00+05:30,SG,GDP Growth Rate YoY FinalQ4,5.0%,5.7%,,3.1%,2.0
2025-02-14 05:30:00+05:30,SG,GDP Growth Rate QoQ FinalQ4,0.5%,3%,,0.8%,2.0
2025-02-14 08:00:00+05:30,SG,Current AccountQ4,S$28.81B,S$33.89B,,S$ 36B,3.0
2025-02-14 09:00:00+05:30,ID,Property Price Index YoYQ4,1.39%,1.46%,,1.5%,3.0
2025-02-14 09:05:00+05:30,JP,3-Month Bill Auction,0.3098%,0.3110%,,,3.0
2025-02-14 09:05:00+05:30,JP,5-Year JGB Auction,0.982%,0.876%,,,3.0
2025-02-14 12:00:00+05:30,IN,WPI Fuel YoYJAN,-2.78%,-3.79%,,-3.5%,3.0
2025-02-14 12:00:00+05:30,IN,WPI Manufacturing YoYJAN,2.51%,2.14%,,2.5%,3.0
2025-02-14 12:00:00+05:30,IN,WPI Food Index YoYJAN,7.47%,8.89%,,9.4%,3.0
2025-02-14 12:00:00+05:30,IN,WPI Inflation YoYJAN,2.31%,2.37%,2.50%,2.5%,3.0
2025-02-14 12:30:00+05:30,DE,Wholesale Prices YoYJAN,0.9%,0.1%,,0.1%,2.0
2025-02-14 12:30:00+05:30,DE,Wholesale Prices MoMJAN,0.9%,0.1%,0.2%,0.1%,2.0
2025-02-14 13:00:00+05:30,KR,50-Year KTB Auction,2.570%,2.570%,,,3.0
2025-02-14 13:30:00+05:30,ES,Inflation Rate MoM FinalJAN,0.2%,0.5%,0.2%,0.2%,3.0
2025-02-14 13:30:00+05:30,ES,Inflation Rate YoY FinalJAN,2.9%,2.8%,3%,3.0%,3.0
2025-02-14 13:30:00+05:30,ES,Harmonised Inflation Rate MoM FinalJAN,-0.1%,0.4%,-0.1%,-0.1%,3.0
2025-02-14 13:30:00+05:30,ES,Harmonised Inflation Rate YoY FinalJAN,2.9%,2.8%,2.9%,2.9%,3.0
2025-02-14 13:30:00+05:30,ES,Core Inflation Rate YoY FinalJAN,2.4%,2.6%,2.4%,2.4%,3.0
2025-02-14 14:30:00+05:30,CN,M2 Money Supply YoYJAN,7%,7.3%,7.2%,7.5%,3.0
2025-02-14 14:30:00+05:30,CN,Outstanding Loan Growth YoYJAN,7.5%,7.6%,7.3%,7.4%,3.0
2025-02-14 14:30:00+05:30,CN,New Yuan LoansJAN,CNY5130B,CNY990B,CNY800B,CNY1000.0B,2.0
2025-02-14 14:30:00+05:30,CN,Total Social FinancingJAN,CNY7060B,CNY2860B,CNY6400B,CNY6200.0B,3.0
2025-02-14 15:20:00+05:30,CN,Current Account PrelQ4,$180.7B,$147.6B,,$ 100B,2.0
2025-02-14 15:30:00+05:30,EA,GDP Growth Rate YoY 2nd EstQ4,0.9%,0.9%,0.9%,0.9%,2.0
2025-02-14 15:30:00+05:30,EA,GDP Growth Rate QoQ 2nd EstQ4,0.1%,0.4%,0%,0.0%,2.0
2025-02-14 15:30:00+05:30,EA,Employment Change QoQ PrelQ4,0.1%,0.2%,0.1%,0.3%,2.0
2025-02-14 15:30:00+05:30,EA,Employment Change YoY PrelQ4,0.6%,1%,0.8%,1.1%,2.0
2025-02-14 16:00:00+05:30,RU,Interest Rate Decision,21%,21%,21%,21%,3.0
2025-02-14 17:00:00+05:30,IN,Deposit Growth YoYJAN/31,10.3%,10.8%,,,3.0
2025-02-14 17:00:00+05:30,IN,Bank Loan Growth YoYJAN/31,11.4%,11.5%,,,3.0
2025-02-14 17:00:00+05:30,IN,Foreign Exchange ReservesFEB/07,$638.26B,$630.61B,,,3.0
2025-02-14 17:30:00+05:30,RU,CBR Press Conference,,,,,3.0
2025-02-14 19:00:00+05:30,US,Retail Sales Ex Autos MoMJAN,-0.4%,0.7%,0.3%,0.3%,2.0
2025-02-14 19:00:00+05:30,US,Import Prices YoYJAN,1.9%,2.2%,,2.8%,3.0
2025-02-14 19:00:00+05:30,US,Retail Sales YoYJAN,4.2%,4.4%,,3.7%,3.0
2025-02-14 19:00:00+05:30,CA,New Motor Vehicle SalesDEC,135.5K,161.5K,,153K,3.0
2025-02-14 19:00:00+05:30,CA,Wholesale Sales MoM FinalDEC,-0.2%,0%,0.2%,0.2%,3.0
2025-02-14 19:00:00+05:30,CA,Manufacturing Sales MoM FinalDEC,0.3%,0.7%,0.7%,0.6%,3.0
2025-02-14 19:00:00+05:30,US,Retail Sales MoMJAN,-0.9%,0.7%,-0.1%,0%,1.0
2025-02-14 19:00:00+05:30,US,Export Prices MoMJAN,1.3%,0.5%,0.3%,0.3%,2.0
2025-02-14 19:00:00+05:30,US,Import Prices MoMJAN,0.3%,0.2%,0.4%,0.3%,2.0
2025-02-14 19:00:00+05:30,US,Export Prices YoYJAN,2.7%,2%,,2.3%,3.0
2025-02-14 19:00:00+05:30,US,Retail Sales Control Group MoMJAN,-0.8%,0.8%,0.3%,0.4%,2.0
2025-02-14 19:00:00+05:30,US,Retail Sales Ex Gas/Autos MoMJAN,-0.5%,0.5%,,0.2%,3.0
2025-02-14 19:45:00+05:30,US,Capacity UtilizationJAN,77.8%,77.5%,77.7%,77.4%,3.0
2025-02-14 19:45:00+05:30,US,Industrial Production YoYJAN,2%,0.3%,,0.9%,3.0
2025-02-14 19:45:00+05:30,US,Manufacturing Production MoMJAN,-0.1%,0.5%,0.1%,0.2%,3.0
2025-02-14 19:45:00+05:30,US,Manufacturing Production YoYJAN,1%,-0.1%,,0.8%,3.0
2025-02-14 19:45:00+05:30,US,Industrial Production MoMJAN,0.5%,1%,0.3%,0.3%,2.0
2025-02-14 20:30:00+05:30,US,Business Inventories MoMDEC,-0.2%,0.1%,0%,-0.1%,2.0
2025-02-14 20:30:00+05:30,US,Retail Inventories Ex Autos MoMDEC,-0.1%,0.4%,0.2%,0.2%,3.0
2025-02-14 21:00:00+05:30,CA,Senior Loan Officer Survey,,,,,2.0
2025-02-14 21:30:00+05:30,RU,Inflation Rate MoMJAN,1.2%,1.3%,1.3%,1.2%,2.0
2025-02-14 21:30:00+05:30,RU,Inflation Rate YoYJAN,9.9%,9.5%,10%,9.9%,2.0
2025-02-14 23:30:00+05:30,US,Baker Hughes Total Rigs CountFEB/14,588,586,,,3.0
2025-02-14 23:30:00+05:30,US,Baker Hughes Oil Rig CountFEB/14,481,480,,,3.0
2025-02-15 01:30:00+05:30,US,Fed Logan Speech,,,,,2.0
2025-02-16 11:30:00+05:30,SA,Wholesale Prices YoYJAN,0.9%,1.2%,,1.3%,3.0
2025-02-16 11:30:00+05:30,SA,Inflation Rate MoMJAN,0.3%,0%,0.2%,0.2%,3.0
2025-02-16 11:30:00+05:30,SA,Inflation Rate YoYJAN,2%,1.9%,1.9%,2.0%,3.0
2025-02-17 05:20:00+05:30,JP,GDP External Demand QoQ PrelQ4,0.7%,-0.1%,0.4%,0.3%,3.0
2025-02-17 05:20:00+05:30,JP,GDP Growth Rate QoQ PrelQ4,0.7%,0.4%,0.3%,0.5%,1.0
2025-02-17 05:20:00+05:30,JP,GDP Capital Expenditure QoQ PrelQ4,0.5%,-0.1%,1%,0.4%,3.0
2025-02-17 05:20:00+05:30,JP,GDP Private Consumption QoQ PrelQ4,0.1%,0.7%,-0.3%,0.3%,3.0
2025-02-17 05:20:00+05:30,JP,GDP Growth Annualized PrelQ4,2.8%,1.7%,1%,2.1%,2.0
2025-02-17 05:20:00+05:30,JP,GDP Price Index YoY PrelQ4,2.8%,2.4%,2.8%,2.6%,3.0
2025-02-17 06:00:00+05:30,SG,Non-Oil Exports MoMJAN,-3.3%,1.3%,-0.3%,1.1%,3.0
2025-02-17 06:00:00+05:30,SG,Non-Oil Exports YoYJAN,-2.1%,9%,-2.5%,4.8%,3.0
2025-02-17 07:00:00+05:30,SG,Balance of TradeJAN,$2.93B,$3.80B,,$4.5B,3.0
2025-02-17 09:30:00+05:30,ID,Balance of TradeJAN,$3.45B,$2.24B,$1.91B,$2.2B,2.0
2025-02-17 09:30:00+05:30,ID,Imports YoYJAN,-2.67%,11.07%,9.95%,,3.0
2025-02-17 09:30:00+05:30,ID,Exports YoYJAN,4.68%,4.78%,6.99%,,3.0
2025-02-17 10:00:00+05:30,JP,Tertiary Industry Index MoMDEC,0.1%,-0.3%,0.2%,0.1%,3.0
2025-02-17 10:00:00+05:30,JP,Capacity Utilization MoMDEC,-0.2%,-1.9%,,0.5%,3.0
2025-02-17 10:00:00+05:30,JP,Industrial Production YoY FinalDEC,-1.6%,-2.7%,,-1.6%,3.0
2025-02-17 10:00:00+05:30,JP,Industrial Production MoM FinalDEC,-0.2%,-2.2%,0.3%,0.3%,3.0
2025-02-17 10:30:00+05:30,KR,10-Year KTB Auction,2.840%,2.840%,,,3.0
2025-02-17 12:15:00+05:30,CN,Vehicle Sales YoYJAN,-0.6%,10.5%,,12.0%,3.0
2025-02-17 12:30:00+05:30,TR,Auto Production YoYJAN,-2.8%,3.6%,,4.0%,3.0
2025-02-17 12:30:00+05:30,TR,Auto Sales YoYJAN,-13.9%,7.3%,,6.0%,3.0
2025-02-17 13:30:00+05:30,TR,Budget BalanceJAN,TRY-139.26B,TRY-829.2B,,TRY-150.0B,3.0
2025-02-17 14:30:00+05:30,ES,Balance of TradeDEC,€-4.12B,€-5.13B,,€ -4.9B,2.0
2025-02-17 14:30:00+05:30,IT,Balance of TradeDEC,€5.98B,€4.218B,€4.35B,€4.5B,2.0
2025-02-17 14:30:00+05:30,IN,ImportsJAN,$59.42B,$59.95B,,,3.0
2025-02-17 14:30:00+05:30,IN,ExportsJAN,$36.43B,$38.01B,,,3.0
2025-02-17 14:30:00+05:30,IN,Balance of TradeJAN,$-22.99B,$-21.94B,,$-24.0B,2.0
2025-02-17 15:30:00+05:30,EA,Balance of TradeDEC,€15.5B,€16B,€14.4B,€ 33B,2.0
2025-02-17 16:00:00+05:30,DE,12-Month Bubill Auction,2.0958%,2.4019%,,,3.0
2025-02-17 16:30:00+05:30,DE,Bundesbank Nagel Speech,,,,,3.0
2025-02-17 17:30:00+05:30,BR,IBC-BR Economic ActivityDEC,-0.7%,0.1%,-0.4%,-0.2%,3.0
2025-02-17 18:45:00+05:30,CA,Housing StartsJAN,239.7K,232.5K,251K,220.0K,2.0
2025-02-17 19:00:00+05:30,CA,Foreign Securities PurchasesDEC,C$14.37B,C$13.84B,C$14.23B,,3.0
2025-02-17 19:00:00+05:30,CA,Foreign Securities Purchases by CanadiansDEC,C$3.77B,C$17.65B,,,3.0
2025-02-17 19:30:00+05:30,FR,3-Month BTF Auction,2.452%,2.450%,,,3.0
2025-02-17 19:30:00+05:30,FR,12-Month BTF Auction,2.276%,2.224%,,,3.0
2025-02-17 19:30:00+05:30,FR,6-Month BTF Auction,2.369%,2.358%,,,3.0
2025-02-17 20:00:00+05:30,US,Fed Harker Speech,,,,,2.0
2025-02-17 20:50:00+05:30,US,Fed Bowman Speech,,,,,2.0
2025-02-17 20:50:00+05:30,EA,Eurogroup Meeting,,,,,2.0
2025-02-17 20:50:00+05:30,BR,BCB Focus Market Readout,,,,,2.0
2025-02-18 04:30:00+05:30,US,Fed Waller Speech,,,,,2.0
2025-02-18 07:00:00+05:30,JP,BOJ Takada Speech,,,,,2.0
2025-02-18 09:00:00+05:30,AU,RBA Interest Rate Decision,4.1%,4.35%,4.1%,4.1%,1.0
2025-02-18 09:05:00+05:30,JP,20-Year JGB Auction,2.028%,1.983%,,,3.0
2025-02-18 10:00:00+05:30,AU,RBA Press Conference,,,,,2.0
2025-02-18 11:30:00+05:30,SG,MAS 12-Week Bill Auction,2.91%,2.99%,,,3.0
2025-02-18 11:30:00+05:30,SG,MAS 4-Week Bill Auction,2.93%,2.98%,,,3.0
2025-02-18 12:30:00+05:30,GB,Average Earnings incl. Bonus (3Mo/Yr)DEC,6%,5.5%,5.9%,5.9%,2.0
2025-02-18 12:30:00+05:30,GB,Claimant Count ChangeJAN,22K,-15.1K,10K,7.0K,3.0
2025-02-18 12:30:00+05:30,GB,Unemployment RateDEC,4.4%,4.4%,4.5%,4.4%,1.0
2025-02-18 12:30:00+05:30,GB,Average Earnings excl. Bonus (3Mo/Yr)DEC,5.9%,5.6%,5.9%,5.9%,3.0
2025-02-18 12:30:00+05:30,GB,Employment ChangeDEC,107K,36K,,-130K,2.0
2025-02-18 12:30:00+05:30,GB,HMRC Payrolls ChangeJAN,21K,-14K,,-55.0K,3.0
2025-02-18 13:15:00+05:30,FR,Inflation Rate YoY FinalJAN,1.7%,1.3%,1.4%,1.4%,2.0
2025-02-18 13:15:00+05:30,FR,Inflation Rate MoM FinalJAN,0.2%,0.2%,-0.1%,-0.1%,2.0
2025-02-18 13:15:00+05:30,FR,Harmonised Inflation Rate MoM FinalJAN,-0.2%,0.2%,-0.2%,-0.2%,3.0
2025-02-18 13:15:00+05:30,FR,Harmonised Inflation Rate YoY FinalJAN,1.8%,1.8%,1.8%,1.8%,3.0
2025-02-18 15:00:00+05:30,GB,Labour Productivity QoQ PrelQ4,0.7%,-1.1%,,-0.1%,3.0
2025-02-18 15:00:00+05:30,GB,Labour Productivity QoQ FinalQ3,-1.1%,-0.1%,-0.8%,-0.8%,3.0
2025-02-18 15:00:00+05:30,GB,BoE Gov Bailey Speech,,,,,2.0
2025-02-18 15:00:00+05:30,ZA,Unemployment RateQ4,31.9%,32.1%,,32.4%,2.0
2025-02-18 15:00:00+05:30,ZA,Unemployed PersonsQ4,7.991M,8.011M,,8.1M,3.0
2025-02-18 15:30:00+05:30,GB,40-Year Treasury Gilt Auction,5.076%,4.557%,,,3.0
2025-02-18 15:30:00+05:30,DE,ZEW Current ConditionsFEB,-88.5,-90.4,-90,-89,3.0
2025-02-18 15:30:00+05:30,DE,ZEW Economic Sentiment IndexFEB,26.0,10.3,20,15,1.0
2025-02-18 15:30:00+05:30,EA,ZEW Economic Sentiment IndexFEB,24.2,18,24.3,19,2.0
2025-02-18 16:00:00+05:30,DE,2-Year Schatz Auction,2.14%,2.26%,,,3.0
2025-02-18 19:00:00+05:30,US,NY Empire State Manufacturing IndexFEB,5.70,-12.60,-1,2,2.0
2025-02-18 19:00:00+05:30,CA,Inflation Rate MoMJAN,0.1%,-0.4%,0.1%,0.2%,2.0
2025-02-18 19:00:00+05:30,CA,Core Inflation Rate YoYJAN,2.1%,1.8%,,1.7%,2.0
2025-02-18 19:00:00+05:30,CA,CPI Trimmed-Mean YoYJAN,2.7%,2.5%,2.6%,2.5%,3.0
2025-02-18 19:00:00+05:30,CA,Inflation Rate YoYJAN,1.9%,1.8%,1.9%,1.8%,1.0
2025-02-18 19:00:00+05:30,CA,Core Inflation Rate MoMJAN,0.4%,-0.3%,,-0.1%,3.0
2025-02-18 19:00:00+05:30,CA,CPI Median YoYJAN,2.7%,2.6%,2.5%,2.4%,3.0
2025-02-18 19:30:00+05:30,EA,ECB Cipollone Speech,,,,,3.0
2025-02-18 20:30:00+05:30,US,NAHB Housing Market IndexFEB,42,47,47,46,2.0
2025-02-18 20:50:00+05:30,US,Fed Daly Speech,,,,,2.0
2025-02-18 20:50:00+05:30,DE,Bundesbank Balz Speech,,,,,3.0
2025-02-18 22:00:00+05:30,US,6-Month Bill Auction,4.220%,4.185%,,,3.0
2025-02-18 22:00:00+05:30,US,3-Month Bill Auction,4.225%,4.225%,,,3.0
2025-02-18 22:30:00+05:30,US,NOPA Crush Report,,,,,3.0
2025-02-18 23:30:00+05:30,US,42-Day Bill Auction,4.270%,4.260%,,,3.0
2025-02-18 23:30:00+05:30,EA,ECOFIN Meeting,,,,,3.0
2025-02-18 23:30:00+05:30,US,52-Week Bill Auction,4.05%,4.025%,,,3.0
2025-02-18 23:30:00+05:30,US,Fed Barr Speech,,,,,2.0
2025-02-19 00:30:00+05:30,AR,Balance of TradeJAN,$142M,$1666M,$800M,$1500.0M,3.0
2025-02-19 02:30:00+05:30,US,Net Long-term TIC FlowsDEC,$72B,$53.2B,$149.1B,,2.0
2025-02-19 02:30:00+05:30,US,Overall Net Capital FlowsDEC,$87.1B,$134.1B,,,3.0
2025-02-19 02:30:00+05:30,US,Foreign Bond InvestmentDEC,$-49.7B,$-34.4B,,,3.0
2025-02-19 05:20:00+05:30,JP,Machinery Orders MoMDEC,-1.2%,3.4%,0.1%,0.5%,2.0
2025-02-19 05:20:00+05:30,JP,Machinery Orders YoYDEC,4.3%,10.3%,6.9%,7.1%,2.0
2025-02-19 05:20:00+05:30,JP,Exports YoYJAN,7.2%,2.8%,7.9%,8.1%,2.0
2025-02-19 05:20:00+05:30,JP,Imports YoYJAN,16.7%,1.7%,9.7%,9.5%,3.0
2025-02-19 05:20:00+05:30,JP,Balance of TradeJAN,¥-2758.8B,¥132.5B,¥-2100B,¥-1850B,1.0
2025-02-19 05:30:00+05:30,AU,Westpac Leading Index MoMJAN,0.1%,0%,,0.2%,3.0
2025-02-19 05:30:00+05:30,JP,Reuters Tankan IndexFEB,3,2,,3,3.0
2025-02-19 06:00:00+05:30,AU,Wage Price Index YoYQ4,3.2%,3.6%,3.2%,3.3%,3.0
2025-02-19 06:00:00+05:30,AU,RBA Chart Pack,,,,,3.0
2025-02-19 06:00:00+05:30,AU,Wage Price Index QoQQ4,0.7%,0.9%,0.8%,09%,3.0
2025-02-19 07:00:00+05:30,CN,House Price Index YoYJAN,-5%,-5.3%,,-5.0%,2.0
2025-02-19 09:05:00+05:30,JP,52-Week Bill Auction,0.6107%,0.5429%,,,3.0
2025-02-19 12:30:00+05:30,GB,Retail Price Index YoYJAN,3.6%,3.5%,3.7%,3.6%,3.0
2025-02-19 12:30:00+05:30,GB,Core Inflation Rate YoYJAN,3.7%,3.2%,3.7%,3.6%,2.0
2025-02-19 12:30:00+05:30,GB,PPI Input MoMJAN,0.8%,0.2%,0.8%,0.7%,3.0
2025-02-19 12:30:00+05:30,GB,PPI Core Output YoYJAN,1.5%,1.6%,,1.3%,3.0
2025-02-19 12:30:00+05:30,GB,PPI Output YoYJAN,0.3%,-0.1%,0.1%,0.2%,3.0
2025-02-19 12:30:00+05:30,GB,Inflation Rate MoMJAN,-0.1%,0.3%,-0.3%,-0.3%,2.0
2025-02-19 12:30:00+05:30,GB,Retail Price Index MoMJAN,-0.1%,0.3%,-0.1%,-0.1%,3.0
2025-02-19 12:30:00+05:30,GB,PPI Output MoMJAN,0.5%,-0.2%,0.2%,0.3%,3.0
2025-02-19 12:30:00+05:30,GB,Inflation Rate YoYJAN,3%,2.5%,2.8%,2.7%,1.0
2025-02-19 12:30:00+05:30,GB,Core Inflation Rate MoMJAN,-0.4%,0.3%,-0.5%,-0.6%,3.0
2025-02-19 12:30:00+05:30,GB,PPI Core Output MoMJAN,0.3%,0%,,0.2%,3.0
2025-02-19 12:30:00+05:30,GB,PPI Input YoYJAN,-0.1%,-1.3%,-0.5%,-0.6%,3.0
2025-02-19 12:50:00+05:30,ID,Loan Growth YoYJAN,10.27%,10.39%,,10.5%,3.0
2025-02-19 13:00:00+05:30,ID,Deposit Facility RateFEB,5%,5%,5%,5%,3.0
2025-02-19 13:00:00+05:30,ID,Lending Facility RateFEB,6.5%,6.5%,6.5%,6.5%,3.0
2025-02-19 13:00:00+05:30,ID,Interest Rate Decision,5.75%,5.75%,5.75%,5.75%,2.0
2025-02-19 13:30:00+05:30,EA,ECB Non-Monetary Policy Meeting,,,,,3.0
2025-02-19 14:30:00+05:30,EA,Current Account s.aDEC,€38.4B,€25B,€30.2B,€30B,3.0
2025-02-19 14:30:00+05:30,EA,Current AccountDEC,€50.5B,€32.7B,,€32B,3.0
2025-02-19 15:30:00+05:30,GB,4-Year Treasury Gilt Auction,4.294%,4.384%,,,3.0
2025-02-19 15:30:00+05:30,CN,FDI (YTD) YoYJAN,-13.4%,-27.1%,,-18.0%,2.0
2025-02-19 15:30:00+05:30,IT,Current AccountDEC,€4228M,€-493M,,€ 3780M,3.0
2025-02-19 16:00:00+05:30,DE,10-Year Bund Auction,2.52%,2.54%,,,3.0
2025-02-19 16:30:00+05:30,ZA,Retail Sales YoYDEC,3.1%,7.6%,,2.6%,3.0
2025-02-19 16:30:00+05:30,ZA,Retail Sales MoMDEC,-0.1%,1%,,1.3%,3.0
2025-02-19 16:40:00+05:30,EU,3-Month Bill Auction,2.456%,2.487%,,,3.0
2025-02-19 16:40:00+05:30,EU,12-Month Bill Auction,2.245%,2.190%,,,3.0
2025-02-19 16:40:00+05:30,EU,6-Month Bill Auction,2.354%,2.350%,,,3.0
2025-02-19 17:30:00+05:30,US,MBA Mortgage Market IndexFEB/14,214.9,230.0,,,3.0
2025-02-19 17:30:00+05:30,US,MBA Purchase IndexFEB/14,144.0,153.1,,,3.0
2025-02-19 17:30:00+05:30,US,MBA Mortgage ApplicationsFEB/14,-6.6%,2.3%,,,3.0
2025-02-19 17:30:00+05:30,US,MBA Mortgage Refinance IndexFEB/14,593.6,640.6,,,3.0
2025-02-19 17:30:00+05:30,US,MBA 30-Year Mortgage RateFEB/14,6.93%,6.95%,,,2.0
2025-02-19 19:00:00+05:30,US,Housing StartsJAN,1.366M,1.515M,1.4M,1.35M,1.0
2025-02-19 19:00:00+05:30,US,Building Permits MoM PrelJAN,0.1%,-0.7%,,-0.8%,2.0
2025-02-19 19:00:00+05:30,US,Building Permits PrelJAN,1.483M,1.482M,1.46M,1.47M,1.0
2025-02-19 19:00:00+05:30,US,Housing Starts MoMJAN,-9.8%,16.1%,,-9.0%,2.0
2025-02-19 19:25:00+05:30,US,Redbook YoYFEB/15,6.3%,5.3%,,,3.0
2025-02-19 21:00:00+05:30,US,NY Fed Treasury Purchases 22.5 to 30 yrs,,,$50 million,,3.0
2025-02-19 21:00:00+05:30,TR,Central Government DebtJAN,TRY9.579T,TRY9.251T,,TRY 9.4T,3.0
2025-02-19 21:30:00+05:30,RU,PPI YoYJAN,9.7%,7.9%,,8.2%,3.0
2025-02-19 21:30:00+05:30,RU,PPI MoMJAN,0.5%,0.4%,,0.6%,3.0
2025-02-19 22:00:00+05:30,BR,Business ConfidenceFEB,49.1,49.1,,48.8,2.0
2025-02-19 22:00:00+05:30,US,17-Week Bill Auction,4.215%,4.230%,,,3.0
2025-02-19 23:30:00+05:30,US,20-Year Bond Auction,4.83%,4.9%,,,3.0
2025-02-20 00:30:00+05:30,AR,Leading Indicator MoMJAN,1.12%,2.45%,,1.5%,3.0
2025-02-20 00:30:00+05:30,US,FOMC Minutes,,,,,1.0
2025-02-20 02:30:00+05:30,KR,PPI YoYJAN,1.7%,1.7%,,1.8%,3.0
2025-02-20 02:30:00+05:30,KR,PPI MoMJAN,0.6%,0.4%,,0.2%,3.0
2025-02-20 02:30:00+05:30,KR,Consumer ConfidenceFEB,95.2,91.2,,93,2.0
2025-02-20 03:00:00+05:30,US,API Crude Oil Stock ChangeFEB/14,3.34M,9.043M,2.2M,,2.0
2025-02-20 03:30:00+05:30,US,Fed Jefferson Speech,,,,,2.0
2025-02-20 05:20:00+05:30,JP,Stock Investment by ForeignersFEB/15,¥-352.8B,¥-384.4B,,,3.0
2025-02-20 05:20:00+05:30,JP,Foreign Bond InvestmentFEB/15,¥241B,¥1755.6B,,,3.0
2025-02-20 06:00:00+05:30,AU,Full Time Employment ChgJAN,54.1K,-23.7K,,33.0K,2.0
2025-02-20 06:00:00+05:30,AU,Participation RateJAN,67.3%,67.2%,67.1%,67.0%,3.0
2025-02-20 06:00:00+05:30,AU,Unemployment RateJAN,4.1%,4%,4.1%,4.0%,1.0
2025-02-20 06:00:00+05:30,AU,Part Time Employment ChgJAN,-10.1K,83.7K,,-10.0K,3.0
2025-02-20 06:00:00+05:30,AU,Employment ChangeJAN,44K,60.0K,20K,23.0K,2.0
2025-02-20 06:45:00+05:30,CN,Loan Prime Rate 5YFEB,3.6%,3.6%,3.6%,3.6%,2.0
2025-02-20 06:45:00+05:30,CN,Loan Prime Rate 1Y,3.1%,3.1%,3.1%,3.1%,2.0
2025-02-20 08:50:00+05:30,ID,Current AccountQ4,$-1.1B,$-2.0B,,$ -0.6B,3.0
2025-02-20 12:30:00+05:30,DE,PPI MoMJAN,-0.1%,-0.1%,0.6%,0.5%,3.0
2025-02-20 12:30:00+05:30,TR,Consumer ConfidenceFEB,82.1,81,,80,2.0
2025-02-20 12:30:00+05:30,DE,PPI YoYJAN,0.5%,0.8%,1.3%,1.1%,2.0
2025-02-20 14:30:00+05:30,IT,Construction Output YoYDEC,-0.6%,3.3%,,3.2%,3.0
2025-02-20 15:10:00+05:30,ES,5-Year Bonos Auction,2.682%,2.763%,,,3.0
2025-02-20 15:10:00+05:30,ES,8-Year Obligacion Auction,3.062%,3.1%,,,3.0
2025-02-20 15:10:00+05:30,ES,3-Year Bonos Auction,2.487%,2.388%,,,3.0
2025-02-20 15:30:00+05:30,FR,3-Year OAT Auction,2.57%,2.51%,,,3.0
2025-02-20 15:30:00+05:30,FR,4-Year OAT Auction,2.70%,2.74%,,,3.0
2025-02-20 15:30:00+05:30,EA,Construction Output YoYDEC,-0.1%,0.3%,,-0.5%,3.0
2025-02-20 15:30:00+05:30,FR,5-Year OAT Auction,2.75%,2.84%,,,3.0
2025-02-20 16:30:00+05:30,ZA,Building Permits YoYDEC,12.4%,-1.5%,,18.0%,3.0
2025-02-20 16:30:00+05:30,FR,11-Year Index-Linked OAT Auction,1.20%,1.14%,,,3.0
2025-02-20 16:30:00+05:30,GB,CBI Industrial Trends OrdersFEB,-28,-34,-30,-25,2.0
2025-02-20 16:30:00+05:30,FR,6-Year Index-Linked OAT Auction,0.83%,,,,3.0
2025-02-20 16:30:00+05:30,FR,18-Year Index-Linked OAT Auction,1.41%,,,,3.0
2025-02-20 16:30:00+05:30,FR,7-Year OATi Auction,1.15%,0.92%,,,3.0
2025-02-20 17:00:00+05:30,TR,Foreign Exchange ReservesFEB/14,$100.68B,$96.93B,,,3.0
2025-02-20 17:00:00+05:30,IN,M3 Money Supply YoYFEB/07,9.8%,9.6%,,,3.0
2025-02-20 17:30:00+05:30,MX,Retail Sales YoYDEC,-0.2%,-1.9%,-1.7%,-1.6%,3.0
2025-02-20 17:30:00+05:30,MX,Retail Sales MoMDEC,0.1%,0.2%,-0.4%,-0.4%,3.0
2025-02-20 19:00:00+05:30,CA,Raw Materials Prices MoMJAN,3.7%,1.3%,2.4%,-0.2%,3.0
2025-02-20 19:00:00+05:30,US,Continuing Jobless ClaimsFEB/08,1869K,1845K,1870K,1879.0K,3.0
2025-02-20 19:00:00+05:30,CA,New Housing Price Index MoMJAN,-0.1%,-0.1%,0.1%,0.0%,2.0
2025-02-20 19:00:00+05:30,US,Philadelphia Fed Manufacturing IndexFEB,18.1,44.3,20,18,2.0
2025-02-20 19:00:00+05:30,CA,PPI MoMJAN,1.6%,0.4%,0.8%,0.4%,3.0
2025-02-20 19:00:00+05:30,CA,PPI YoYJAN,5.8%,4.1%,,4.3%,3.0
2025-02-20 19:00:00+05:30,US,Philly Fed New OrdersFEB,21.9,42.9,,,3.0
2025-02-20 19:00:00+05:30,US,Philly Fed Prices PaidFEB,40.50,31.90,,,3.0
2025-02-20 19:00:00+05:30,US,Philly Fed EmploymentFEB,5.3,11.9,,,3.0
2025-02-20 19:00:00+05:30,CA,Raw Materials Prices YoYJAN,11.8%,9.1%,,10.0%,3.0
2025-02-20 19:00:00+05:30,US,Initial Jobless ClaimsFEB/15,219K,214K,215K,220.0K,2.0
2025-02-20 19:00:00+05:30,CA,New Housing Price Index YoYJAN,0.1%,0.1%,,0.2%,2.0
2025-02-20 19:00:00+05:30,US,Jobless Claims 4-week AverageFEB/15,215.25K,216.25K,,219.0K,3.0
2025-02-20 19:00:00+05:30,US,Philly Fed Business ConditionsFEB,27.8,46.3,,,3.0
2025-02-20 19:00:00+05:30,US,Philly Fed CAPEX IndexFEB,14.00,39.00,,,3.0
2025-02-20 19:30:00+05:30,AR,Consumer ConfidenceFEB,47.3,47.4,,48.2,3.0
2025-02-20 20:05:00+05:30,US,Fed Goolsbee Speech,,,,,2.0
2025-02-20 20:30:00+05:30,US,CB Leading Index MoMJAN,-0.3%,-0.1%,-0.1%,0%,3.0
2025-02-20 20:30:00+05:30,MX,Monetary Policy Meeting Minutes,,,,,3.0
2025-02-20 20:30:00+05:30,EA,Consumer Confidence FlashFEB,-13.6,-14.2,-14,-14.4,2.0
2025-02-20 21:00:00+05:30,BR,10-Year NTN-F Auction,14.704%,15.035%,,,3.0
2025-02-20 21:00:00+05:30,BR,2-Year LTN Auction,14.629%,15.031%,,,3.0
2025-02-20 21:00:00+05:30,BR,6-Month LTN Auction,14.451%,14.62%,,,3.0
2025-02-20 21:00:00+05:30,US,EIA Natural Gas Stocks ChangeFEB/14,-196Bcf,-100Bcf,-188Bcf,,3.0
2025-02-20 21:30:00+05:30,DE,Bundesbank Nagel Speech,,,,,3.0
2025-02-20 22:00:00+05:30,US,8-Week Bill Auction,4.235%,4.240%,,,3.0
2025-02-20 22:00:00+05:30,US,4-Week Bill Auction,4.245%,4.250%,,,3.0
2025-02-20 22:30:00+05:30,US,EIA Heating Oil Stocks ChangeFEB/14,-0.343M,0.159M,,,3.0
2025-02-20 22:30:00+05:30,US,15-Year Mortgage RateFEB/20,6.04%,6.09%,,,3.0
2025-02-20 22:30:00+05:30,US,EIA Distillate Stocks ChangeFEB/14,-2.051M,0.135M,-1.2M,,3.0
2025-02-20 22:30:00+05:30,US,EIA Crude Oil Imports ChangeFEB/14,-0.961M,-0.184M,,,3.0
2025-02-20 22:30:00+05:30,US,EIA Gasoline Production ChangeFEB/14,-0.156M,0.18M,,,3.0
2025-02-20 22:30:00+05:30,US,EIA Cushing Crude Oil Stocks ChangeFEB/14,1.472M,0.872M,,,3.0
2025-02-20 22:30:00+05:30,US,EIA Crude Oil Stocks ChangeFEB/14,4.633M,4.07M,3M,,2.0
2025-02-20 22:30:00+05:30,US,EIA Gasoline Stocks ChangeFEB/14,-0.151M,-3.035M,0.7M,,2.0
2025-02-20 22:30:00+05:30,US,EIA Refinery Crude Runs ChangeFEB/14,-0.015M,0.082M,,,3.0
2025-02-20 22:30:00+05:30,CA,2-Year Bond Auction,2.816%,2.589%,,,3.0
2025-02-20 22:30:00+05:30,US,EIA Distillate Fuel Production ChangeFEB/14,0.18M,-0.009M,,,3.0
2025-02-20 22:30:00+05:30,US,30-Year Mortgage RateFEB/20,6.85%,6.87%,,,3.0
2025-02-20 22:35:00+05:30,US,Fed Musalem Speech,,,,,2.0
2025-02-20 23:30:00+05:30,US,30-Year TIPS Auction,2.403%,2.055%,,,3.0
2025-02-21 01:00:00+05:30,US,Fed Barr Speech,,,,,2.0
2025-02-21 02:30:00+05:30,KR,Business ConfidenceFEB,65,63,,65,2.0
2025-02-21 03:00:00+05:30,US,Fed Balance SheetFEB/19,$6.78T,$6.81T,,,3.0
2025-02-21 03:30:00+05:30,AU,S&P Global Australia Manufacturing PMI FlashFEB,50.6,50.2,,49.9,2.0
2025-02-21 03:30:00+05:30,AU,S&P Global Australia Services PMI FlashFEB,51.4,51.2,,51.3,2.0
2025-02-21 03:30:00+05:30,AU,S&P Global Australia Composite PMI FlashFEB,51.2,51.1,,50.6,3.0
2025-02-21 03:30:00+05:30,US,Fed Kugler Speech,,,,,2.0
2025-02-21 05:00:00+05:30,JP,Inflation Rate YoYJAN,4%,3.6%,,3.7%,1.0
2025-02-21 05:00:00+05:30,JP,Inflation Rate MoMJAN,0.5%,0.6%,,0.2%,3.0
2025-02-21 05:00:00+05:30,JP,Inflation Rate Ex-Food and Energy YoYJAN,2.5%,2.4%,,2.6%,3.0
2025-02-21 05:00:00+05:30,JP,Core Inflation Rate YoYJAN,3.2%,3%,3.1%,3.2%,2.0
2025-02-21 05:31:00+05:30,GB,Gfk Consumer ConfidenceFEB,-20,-22,-22,-23,2.0
2025-02-21 06:00:00+05:30,JP,Jibun Bank Services PMI FlashFEB,53.1,53.0,,52.2,2.0
2025-02-21 06:00:00+05:30,JP,Jibun Bank Composite PMI FlashFEB,51.6,51.1,,51.5,3.0
2025-02-21 06:00:00+05:30,JP,Jibun Bank Manufacturing PMI FlashFEB,48.9,48.7,49,49.3,2.0
2025-02-21 09:05:00+05:30,JP,3-Month Bill Auction,0.3096%,0.3098%,,,3.0
2025-02-21 10:30:00+05:30,IN,HSBC Services PMI FlashFEB,61.1,56.5,,57.5,2.0
2025-02-21 10:30:00+05:30,IN,HSBC Composite PMI FlashFEB,60.6,57.7,,58.2,2.0
2025-02-21 10:30:00+05:30,IN,HSBC Manufacturing PMI FlashFEB,57.1,57.7,,57.9,2.0
2025-02-21 12:30:00+05:30,GB,Retail Sales ex Fuel YoYJAN,1.2%,2.1%,0.5%,0.9%,3.0
2025-02-21 12:30:00+05:30,GB,Retail Sales MoMJAN,1.7%,-0.6%,0.3%,0.2%,1.0
2025-02-21 12:30:00+05:30,GB,Public Sector Net Borrowing Ex BanksJAN,£15.44B,£-18.12B,£20B,£19.0B,3.0
2025-02-21 12:30:00+05:30,GB,Retail Sales YoYJAN,1%,2.8%,0.6%,1.0%,2.0
2025-02-21 12:30:00+05:30,GB,Retail Sales ex Fuel MoMJAN,2.1%,-0.9%,0.9%,0.7%,3.0
2025-02-21 13:15:00+05:30,FR,Business Climate IndicatorFEB,96,95,,94,3.0
2025-02-21 13:15:00+05:30,FR,Business ConfidenceFEB,97,96,96,94,2.0
2025-02-21 13:30:00+05:30,TR,Tourist Arrivals YoYJAN,6.1%,4.23%,,,3.0
2025-02-21 13:45:00+05:30,FR,HCOB Composite PMI FlashFEB,44.5,47.6,48,47.2,2.0
2025-02-21 13:45:00+05:30,FR,HCOB Manufacturing PMI FlashFEB,45.5,45,45.5,45.4,2.0
2025-02-21 13:45:00+05:30,FR,HCOB Services PMI FlashFEB,44.5,48.2,48.9,48.5,2.0
2025-02-21 14:00:00+05:30,DE,HCOB Services PMI FlashFEB,52.2,52.5,52.5,51.9,2.0
2025-02-21 14:00:00+05:30,DE,HCOB Composite PMI FlashFEB,51,50.5,50.8,50.1,2.0
2025-02-21 14:00:00+05:30,DE,HCOB Manufacturing PMI FlashFEB,46.1,45.0,45.5,45.1,1.0
2025-02-21 14:30:00+05:30,EA,HCOB Composite PMI FlashFEB,50.2,50.2,50.5,50,2.0
2025-02-21 14:30:00+05:30,IT,Harmonised Inflation Rate MoM FinalJAN,-0.8%,0.1%,-0.7%,-0.7%,3.0
2025-02-21 14:30:00+05:30,EA,HCOB Services PMI FlashFEB,50.7,51.3,51.5,51.2,2.0
2025-02-21 14:30:00+05:30,IT,Inflation Rate MoM FinalJAN,0.6%,0.1%,0.6%,0.6%,2.0
2025-02-21 14:30:00+05:30,IT,Harmonised Inflation Rate YoY FinalJAN,1.7%,1.4%,1.7%,1.7%,3.0
2025-02-21 14:30:00+05:30,IT,Inflation Rate YoY FinalJAN,1.5%,1.3%,1.5%,1.5%,2.0
2025-02-21 14:30:00+05:30,EA,HCOB Manufacturing PMI FlashFEB,47.3,46.6,47,46.8,2.0
2025-02-21 15:00:00+05:30,GB,S&P Global Composite PMI FlashFEB,50.5,50.6,50.5,51,3.0
2025-02-21 15:00:00+05:30,GB,S&P Global Manufacturing PMI FlashFEB,46.4,48.3,48.4,48.5,1.0
2025-02-21 15:00:00+05:30,GB,S&P Global Services PMI FlashFEB,51.1,50.8,50.8,51,1.0
2025-02-21 17:00:00+05:30,IN,Foreign Exchange ReservesFEB/14,$635.72B,$638.26B,,,3.0
2025-02-21 17:00:00+05:30,IN,Monetary Policy Meeting Minutes,,,,,2.0
2025-02-21 17:30:00+05:30,MX,Economic Activity MoMDEC,-1%,0.3%,-0.7%,-0.5%,3.0
2025-02-21 17:30:00+05:30,MX,Economic Activity YoYDEC,-0.4%,0.5%,0.3%,0.2%,3.0
2025-02-21 17:30:00+05:30,MX,GDP Growth Rate YoY FinalQ4,0.5%,1.6%,0.6%,0.6%,2.0
2025-02-21 17:30:00+05:30,MX,GDP Growth Rate QoQ FinalQ4,-0.6%,1.1%,-0.6%,-0.6%,2.0
2025-02-21 19:00:00+05:30,CA,Retail Sales MoM PrelJAN,-0.4%,2.5%,,-0.3%,2.0
2025-02-21 19:00:00+05:30,CA,Retail Sales Ex Autos MoMDEC,2.7%,-0.7%,1.8%,1%,2.0
2025-02-21 19:00:00+05:30,CA,Retail Sales YoYDEC,3.9%,2.1%,,0.5%,3.0
2025-02-21 19:00:00+05:30,CA,Retail Sales MoM FinalDEC,2.5%,0%,1.6%,1.6%,2.0
2025-02-21 20:00:00+05:30,EA,ECB Lane Speech,,,,,3.0
2025-02-21 20:15:00+05:30,US,S&P Global Composite PMI FlashFEB,50.4,52.7,,52.7,2.0
2025-02-21 20:15:00+05:30,US,S&P Global Services PMI FlashFEB,49.7,52.9,53,52.7,2.0
2025-02-21 20:15:00+05:30,US,S&P Global Manufacturing PMI FlashFEB,51.6,51.2,51.5,51.3,2.0
2025-02-21 20:30:00+05:30,US,Michigan Consumer Expectations FinalFEB,64.0,69.3,67.3,67.3,3.0
2025-02-21 20:30:00+05:30,US,Michigan 5 Year Inflation Expectations FinalFEB,3.5%,3.2%,3.3%,3.3%,3.0
2025-02-21 20:30:00+05:30,US,Michigan Current Conditions FinalFEB,65.7,74,68.7,68.7,3.0
2025-02-21 20:30:00+05:30,US,Michigan Inflation Expectations FinalFEB,4.3%,3.3%,4.3%,4.3%,3.0
2025-02-21 20:30:00+05:30,US,Existing Home SalesJAN,4.08M,4.29M,4.12M,4.16M,1.0
2025-02-21 20:30:00+05:30,US,Michigan Consumer Sentiment FinalFEB,64.7,71.1,67.8,67.8,2.0
2025-02-21 20:30:00+05:30,US,Existing Home Sales MoMJAN,-4.9%,2.9%,,-1.7%,2.0
2025-02-21 22:00:00+05:30,US,Fed Daly Speech,,,,,2.0
2025-02-21 22:00:00+05:30,US,Fed Jefferson Speech,,,,,2.0
2025-02-21 23:15:00+05:30,CA,BoC Gov Macklem Speech,,,,,2.0
2025-02-21 23:30:00+05:30,US,Baker Hughes Total Rigs CountFEB/21,592,588,,,3.0
2025-02-21 23:30:00+05:30,US,Baker Hughes Oil Rig CountFEB/21,487,481,,,3.0
2025-02-23 23:30:00+05:30,DE,Federal Election,,,,,
2025-02-24 08:30:00+05:30,ID,M2 Money Supply YoYJAN,5.9%,4.4%,,,3.0
2025-02-24 10:30:00+05:30,SG,Core Inflation Rate YoYJAN,0.8%,1.7%,1.5%,1.7%,3.0
2025-02-24 10:30:00+05:30,SG,Inflation Rate YoYJAN,1.2%,1.5%,2.2%,2.1%,3.0
2025-02-24 10:30:00+05:30,SG,Inflation Rate MoMJAN,-0.7%,0.30%,,-0.1%,3.0
2025-02-24 12:00:00+05:30,KR,5-Year KTB Auction,2.685%,2.725%,,,3.0
2025-02-24 12:30:00+05:30,TR,Business ConfidenceFEB,102.4,100.9,,101.2,2.0
2025-02-24 12:30:00+05:30,TR,Capacity UtilizationFEB,74.5%,74.6%,,74.7%,3.0
2025-02-24 14:30:00+05:30,GB,BoE Lombardelli Speech,,,,,3.0
2025-02-24 14:30:00+05:30,DE,Ifo Current ConditionsFEB,85,86,86.5,86.4,3.0
2025-02-24 14:30:00+05:30,DE,Ifo Business ClimateFEB,85.2,85.2,85.8,85.5,1.0
2025-02-24 14:30:00+05:30,DE,Ifo ExpectationsFEB,85.4,84.3,85.2,84.8,3.0
2025-02-24 15:30:00+05:30,DE,Bundesbank Balz Speech,,,,,3.0
2025-02-24 15:30:00+05:30,EA,Core Inflation Rate YoY FinalJAN,2.7%,2.7%,2.7%,2.7%,3.0
2025-02-24 15:30:00+05:30,EA,Inflation Rate YoY FinalJAN,2.5%,2.4%,2.5%,2.5%,2.0
2025-02-24 15:30:00+05:30,EA,CPI FinalJAN,126.72,127.07,126.71,126.71,3.0
2025-02-24 15:30:00+05:30,EA,Inflation Rate MoM FinalJAN,-0.3%,0.4%,-0.3%,-0.3%,3.0
2025-02-24 16:00:00+05:30,DE,9-Month Bubill Auction,2.1022%,2.223%,,,3.0
2025-02-24 16:00:00+05:30,DE,3-Month Bubill Auction,2.2791%,2.576%,,,3.0
2025-02-24 16:15:00+05:30,EU,15-Year Bond Auction,3.284%,3.268%,,,3.0
2025-02-24 16:15:00+05:30,EU,3-Year Bond Auction,2.329%,2.258%,,,3.0
2025-02-24 16:30:00+05:30,DE,Bundesbank Monthly Report,,,,,3.0
2025-02-24 16:30:00+05:30,BR,FGV Consumer ConfidenceFEB,83.6,86.2,,86,3.0
2025-02-24 17:30:00+05:30,MX,Mid-month Core Inflation Rate MoMFEB,0.27%,0.28%,0.24%,0.3%,3.0
2025-02-24 17:30:00+05:30,MX,Mid-month Inflation Rate MoMFEB,0.15%,0.2%,0.15%,0.2%,3.0
2025-02-24 17:30:00+05:30,MX,Mid-month Inflation Rate YoYFEB,3.74%,3.69%,3.74%,3.6%,3.0
2025-02-24 17:30:00+05:30,MX,Mid-month Core Inflation Rate YoYFEB,3.63%,3.72%,3.61%,3.7%,3.0
2025-02-24 18:45:00+05:30,CA,BoC Gravelle Speech,,,,,2.0
2025-02-24 18:45:00+05:30,GB,BoE Ramsden Speech,,,,,3.0
2025-02-24 19:00:00+05:30,US,Chicago Fed National Activity IndexJAN,-0.03,0.18,,0.21,2.0
2025-02-24 19:30:00+05:30,FR,12-Month BTF Auction,2.241%,2.276%,,,3.0
2025-02-24 19:30:00+05:30,FR,3-Month BTF Auction,2.423%,2.452%,,,3.0
2025-02-24 19:30:00+05:30,FR,6-Month BTF Auction,2.339%,2.369%,,,3.0
2025-02-24 21:00:00+05:30,US,Dallas Fed Manufacturing IndexFEB,-8.3,14.1,,18,2.0
2025-02-24 22:00:00+05:30,US,3-Month Bill Auction,4.195%,4.225%,,,3.0
2025-02-24 22:00:00+05:30,US,6-Month Bill Auction,4.180%,4.220%,,,3.0
2025-02-24 23:30:00+05:30,BR,BCB Focus Market Readout,,,,,3.0
2025-02-24 23:30:00+05:30,US,2-Year Note Auction,4.169%,4.211%,,,3.0
2025-02-24 23:30:00+05:30,GB,BoE Dhingra Speech,,,,,2.0
2025-02-25 06:30:00+05:30,KR,Interest Rate Decision,2.75%,3%,2.75%,2.75%,2.0
2025-02-25 08:15:00+05:30,AU,RBA Jones Speech,,,,,2.0
2025-02-25 10:30:00+05:30,SG,MAS 4-Week Bill Auction,2.84%,2.93%,,,3.0
2025-02-25 10:30:00+05:30,KR,20-Year KTB Auction,2.705%,2.770%,,,3.0
2025-02-25 10:30:00+05:30,EU,New Car Registrations YoYJAN,-2.6%,5.1%,,-4.4%,2.0
2025-02-25 10:30:00+05:30,SG,MAS 12-Week Bill Auction,2.85%,2.91%,,,3.0
2025-02-25 11:30:00+05:30,SA,ExportsDEC,SAR94.3B,SAR90.7B,,SAR 93.5B,3.0
2025-02-25 11:30:00+05:30,SA,Balance of TradeDEC,SAR15.3B,SAR13.5B,,SAR 21.5B,3.0
2025-02-25 11:30:00+05:30,SA,ImportsDEC,SAR79.0B,SAR77.2B,,SAR 72.0B,3.0
2025-02-25 12:30:00+05:30,DE,GDP Growth Rate QoQ FinalQ4,-0.2%,0.1%,-0.2%,-0.2%,2.0
2025-02-25 12:30:00+05:30,ZA,Leading Business Cycle Indicator MoMDEC,-1.8%,0.7%,,0.3%,3.0
2025-02-25 12:30:00+05:30,DE,GDP Growth Rate YoY FinalQ4,-0.2%,-0.3%,-0.2%,-0.2%,2.0
2025-02-25 14:50:00+05:30,US,Fed Logan Speech,,,,,2.0
2025-02-25 15:30:00+05:30,DE,Bundesbank Annual Report 2024,,,,,3.0
2025-02-25 15:30:00+05:30,GB,10-Year Index-Linked Treasury Gilt Auction,1.115%,1.128%,,,3.0
2025-02-25 15:30:00+05:30,EA,Negotiated Wage GrowthQ4,4.12%,5.43%,,5.1%,2.0
2025-02-25 15:40:00+05:30,IT,2-Year BTP Short Term Auction,2.38%,2.61%,,,3.0
2025-02-25 15:40:00+05:30,IT,10-Year BTP€i Auction,1.90%,1.90%,,,3.0
2025-02-25 16:00:00+05:30,DE,30-Year Bund/g Auction,2.73%,2.41%,,,3.0
2025-02-25 16:30:00+05:30,GB,CBI Distributive TradesFEB,-23,-24,-25,-28,2.0
2025-02-25 17:30:00+05:30,BR,IPCA mid-month CPI YoYFEB,4.96%,4.5%,5.09%,5.0%,3.0
2025-02-25 17:30:00+05:30,BR,IPCA mid-month CPI MoMFEB,1.23%,0.11%,1.34%,1.1%,3.0
2025-02-25 18:30:00+05:30,EA,ECB Schnabel Speech,,,,,3.0
2025-02-25 19:00:00+05:30,CA,Manufacturing Sales MoM PrelJAN,2%,0.3%,,0.2%,3.0
2025-02-25 19:25:00+05:30,US,Redbook YoYFEB/22,6.2%,6.3%,,,3.0
2025-02-25 19:30:00+05:30,US,House Price Index MoMDEC,0.4%,0.4%,0.2%,0.2%,3.0
2025-02-25 19:30:00+05:30,US,House Price IndexDEC,436.1,434.3,,434.3,3.0
2025-02-25 19:30:00+05:30,US,S&P/Case-Shiller Home Price MoMDEC,-0.1%,-0.1%,,0.0%,3.0
2025-02-25 19:30:00+05:30,US,S&P/Case-Shiller Home Price YoYDEC,4.5%,4.3%,4.4%,4.4%,2.0
2025-02-25 19:30:00+05:30,GB,BoE Pill Speech,,,,,2.0
2025-02-25 19:30:00+05:30,US,House Price Index YoYDEC,4.7%,4.5%,,4.1%,3.0
2025-02-25 20:30:00+05:30,US,CB Consumer ConfidenceFEB,98.3,105.3,102.5,103,2.0
2025-02-25 20:30:00+05:30,US,Richmond Fed Manufacturing Shipments IndexFEB,12,-9,,-4,3.0
2025-02-25 20:30:00+05:30,US,Richmond Fed Services Revenues IndexFEB,11,4,,7,3.0
2025-02-25 20:30:00+05:30,MX,Current AccountQ4,$12601M,$1104M,,$ 1500.0M,3.0
2025-02-25 20:30:00+05:30,US,Richmond Fed Manufacturing IndexFEB,6,-4,-3,-1,3.0
2025-02-25 21:00:00+05:30,US,Dallas Fed Services Revenues IndexFEB,8.2,5.7,,7,3.0
2025-02-25 21:00:00+05:30,US,Dallas Fed Services IndexFEB,4.6,7.4,,9,3.0
2025-02-25 22:15:00+05:30,US,Fed Barr Speech,,,,,2.0
2025-02-25 23:30:00+05:30,US,Fed Barkin Speech,,,,,2.0
2025-02-25 23:30:00+05:30,EA,Negotiated Wage GrowthQ4,,5.42%,,5.1%,3.0
2025-02-25 23:30:00+05:30,ES,Consumer ConfidenceJAN,,85,,85.5,3.0
2025-02-25 23:30:00+05:30,US,Money SupplyJAN,$21.56T,$21.53T,,,3.0
2025-02-25 23:30:00+05:30,US,5-Year Note Auction,4.123%,4.33%,,,3.0
2025-02-26 00:30:00+05:30,AR,Economic Activity YoYDEC,5.5%,0.1%,3.5%,3.0%,3.0
2025-02-26 03:00:00+05:30,US,API Crude Oil Stock ChangeFEB/21,-0.640M,3.34M,2.3M,,2.0
2025-02-26 06:00:00+05:30,AU,Construction Work Done QoQQ4,0.5%,2.0%,1%,0.6%,2.0
2025-02-26 06:00:00+05:30,AU,Monthly CPI IndicatorJAN,2.5%,2.5%,2.6%,2.6%,2.0
2025-02-26 10:30:00+05:30,JP,Leading Economic Index FinalDEC,108.3,107.8,108.9,108.9,3.0
2025-02-26 10:30:00+05:30,JP,Coincident Index FinalDEC,116.4,115.4,,116.8,3.0
2025-02-26 10:30:00+05:30,SG,10-Year Bond Auction,2.79%,3.46%,,,3.0
2025-02-26 10:30:00+05:30,SG,Industrial Production MoMJAN,4.5%,-5.4%,-3.5%,-3%,3.0
2025-02-26 10:30:00+05:30,SG,Industrial Production YoYJAN,9.1%,5.2%,9.8%,8.7%,3.0
2025-02-26 12:30:00+05:30,DE,GfK Consumer ConfidenceMAR,-24.7,-22.6,-21.4,-21,1.0
2025-02-26 13:15:00+05:30,FR,Consumer ConfidenceFEB,93,92,93,92,2.0
2025-02-26 13:30:00+05:30,ZA,Inflation Rate MoMJAN,0.3%,0.1%,,0.1%,2.0
2025-02-26 13:30:00+05:30,ZA,Inflation Rate YoYJAN,3.2%,3%,3.3%,3.2%,2.0
2025-02-26 13:30:00+05:30,ZA,Core Inflation Rate YoYJAN,3.5%,3.6%,,3.6%,3.0
2025-02-26 13:30:00+05:30,ES,PPI YoYJAN,2.6%,2.3%,,2.7%,3.0
2025-02-26 13:30:00+05:30,ZA,Core Inflation Rate MoMJAN,0.2%,0%,,0.1%,3.0
2025-02-26 15:40:00+05:30,IT,6-Month BOT Auction,2.448%,2.536%,,,3.0
2025-02-26 16:00:00+05:30,RU,Summary of the Key Rate Discussion,,,,,3.0
2025-02-26 16:00:00+05:30,DE,15-Year Bund Auction,2.60%,2.74%,,,3.0
2025-02-26 17:30:00+05:30,US,MBA 30-Year Mortgage RateFEB/21,6.88%,6.93%,,,2.0
2025-02-26 17:30:00+05:30,US,MBA Mortgage Market IndexFEB/21,212.3,214.9,,,3.0
2025-02-26 17:30:00+05:30,US,MBA Purchase IndexFEB/21,144.3,144.0,,,3.0
2025-02-26 17:30:00+05:30,US,MBA Mortgage ApplicationsFEB/21,-1.2%,-6.6%,,,3.0
2025-02-26 17:30:00+05:30,US,MBA Mortgage Refinance IndexFEB/21,572.5,593.6,,,3.0
2025-02-26 18:30:00+05:30,US,Building Permits MoM FinalJAN,-0.6%,-0.7%,0.1%,0.1%,3.0
2025-02-26 18:30:00+05:30,US,Building Permits FinalJAN,1.473K,1.482M,1.483M,1.483M,3.0
2025-02-26 19:00:00+05:30,US,Building Permits FinalJAN,1.473M,1.482M,1.483M,1.483M,3.0
2025-02-26 19:00:00+05:30,US,Building Permits MoM FinalJAN,-0.6%,-0.7%,0.1%,0.1%,3.0
2025-02-26 19:00:00+05:30,BR,Net PayrollsJAN,137.303K,-535.55K,48K,100.0K,3.0
2025-02-26 19:00:00+05:30,CA,Wholesale Sales MoM PrelJAN,1.8%,-0.2%,,-0.3%,3.0
2025-02-26 19:00:00+05:30,US,Fed Barkin Speech,,,,,2.0
2025-02-26 20:30:00+05:30,US,New Home SalesJAN,0.657M,0.734M,0.68M,0.68M,2.0
2025-02-26 20:30:00+05:30,US,New Home Sales MoMJAN,-10.5%,8.1%,,-2.6%,2.0
2025-02-26 21:00:00+05:30,US,EIA Distillate Fuel Production ChangeFEB/21,0.439M,0.18M,,,3.0
2025-02-26 21:00:00+05:30,US,EIA Gasoline Stocks ChangeFEB/21,0.369M,-0.151M,-1.30M,,2.0
2025-02-26 21:00:00+05:30,US,EIA Crude Oil Stocks ChangeFEB/21,-2.332M,4.633M,2.54M,,2.0
2025-02-26 21:00:00+05:30,US,EIA Refinery Crude Runs ChangeFEB/21,0.317M,-0.015M,,,3.0
2025-02-26 21:00:00+05:30,US,EIA Gasoline Production ChangeFEB/21,-0.02M,-0.156M,,,3.0
2025-02-26 21:00:00+05:30,US,EIA Cushing Crude Oil Stocks ChangeFEB/21,1.282M,1.472M,,,3.0
2025-02-26 21:00:00+05:30,US,EIA Distillate Stocks ChangeFEB/21,3.908M,-2.051M,1.63M,,3.0
2025-02-26 21:00:00+05:30,US,EIA Crude Oil Imports ChangeFEB/21,0.292M,-0.961M,,,3.0
2025-02-26 21:00:00+05:30,US,EIA Heating Oil Stocks ChangeFEB/21,0.134M,-0.343M,,,3.0
2025-02-26 21:30:00+05:30,RU,Industrial Production YoYJAN,2.2%,8.2%,4.2%,3.7%,3.0
2025-02-26 22:00:00+05:30,US,2-Year FRN Auction,0.090%,0.098%,,,3.0
2025-02-26 22:00:00+05:30,GB,BoE Dhingra Speech,,,,,2.0
2025-02-26 22:00:00+05:30,US,17-Week Bill Auction,4.200%,4.215%,,,3.0
2025-02-26 22:30:00+05:30,US,Fed Bostic Speech,,,,,2.0
2025-02-26 23:30:00+05:30,BR,Net PayrollsJAN,,-535.55K,48K,100.0K,3.0
2025-02-26 23:30:00+05:30,G2,G20 Finance Ministers and Central Bank Governors Meeting,,,,,3.0
2025-02-26 23:30:00+05:30,US,7-Year Note Auction,4.194%,4.457%,,,3.0
2025-02-26 23:30:00+05:30,US,Building Permits MoM FinalJAN,,-0.7%,0.1%,0.1%,3.0
2025-02-26 23:30:00+05:30,US,Building Permits FinalJAN,,1.482M,1.483M,1.483M,3.0
2025-02-27 00:30:00+05:30,AR,Retail Sales YoYDEC,121.5%,134.8%,,110.0%,3.0
2025-02-27 02:30:00+05:30,AU,RBA Plumb Speech,,,,,2.0
2025-02-27 05:31:00+05:30,GB,Car Production YoYJAN,-17.7%,-27.1%,,-20.0%,3.0
2025-02-27 06:00:00+05:30,AU,Building Capital Expenditure QoQQ4,0.2%,1.1%,,1.3%,3.0
2025-02-27 06:00:00+05:30,AU,Plant Machinery Capital Expenditure QoQQ4,-0.8%,1.3%,,1.2%,3.0
2025-02-27 06:00:00+05:30,AU,Private Capital Expenditure QoQQ4,-0.2%,1.6%,0.8%,0.6%,3.0
2025-02-27 09:05:00+05:30,JP,2-Year JGB Auction,0.826%,0.727%,,,3.0
2025-02-27 10:30:00+05:30,SG,6-Month T-Bill Auction,2.75%,2.9%,,,3.0
2025-02-27 12:30:00+05:30,TR,Economic Confidence IndexFEB,99.2,99.7,,101,3.0
2025-02-27 12:30:00+05:30,TR,Balance of Trade FinalJAN,$-7.54B,$-8.78B,,$-7.7B,2.0
2025-02-27 12:30:00+05:30,TR,Exports FinalJAN,$21.17B,$23.44B,$21.2B,$21.2B,3.0
2025-02-27 12:30:00+05:30,TR,Imports FinalJAN,$28.7B,$32.22B,,$28.8B,3.0
2025-02-27 13:15:00+05:30,FR,PPI YoYJAN,-2.1%,-3.8%,,-2.4%,3.0
2025-02-27 13:15:00+05:30,FR,PPI MoMJAN,0.7%,0.9%,,0.4%,3.0
2025-02-27 13:30:00+05:30,ES,Harmonised Inflation Rate YoY PrelFEB,2.9%,2.9%,2.8%,2.8%,3.0
2025-02-27 13:30:00+05:30,ES,Inflation Rate MoM PrelFEB,0.4%,0.2%,0.3%,0.3%,2.0
2025-02-27 13:30:00+05:30,ES,Harmonised Inflation Rate MoM PrelFEB,0.4%,-0.1%,0.4%,0.3%,3.0
2025-02-27 13:30:00+05:30,ES,Core Inflation Rate YoY PrelFEB,2.1%,2.4%,,2.4%,3.0
2025-02-27 13:30:00+05:30,ES,Inflation Rate YoY PrelFEB,3%,2.9%,3%,3%,2.0
2025-02-27 14:30:00+05:30,IT,Business ConfidenceFEB,87.0,86.8,87,86,2.0
2025-02-27 14:30:00+05:30,EA,Loans to Companies YoYJAN,2%,1.7%,,1.6%,3.0
2025-02-27 14:30:00+05:30,EA,Loans to Households YoYJAN,1.3%,1.1%,1.2%,1.2%,3.0
2025-02-27 14:30:00+05:30,EA,M3 Money Supply YoYJAN,3.6%,3.5%,3.8%,3.2%,3.0
2025-02-27 14:30:00+05:30,IT,Consumer ConfidenceFEB,98.8,98.2,98.4,98,2.0
2025-02-27 15:00:00+05:30,ZA,PPI YoYJAN,1.1%,0.7%,1%,1.0%,3.0
2025-02-27 15:00:00+05:30,ZA,PPI MoMJAN,0.5%,0.2%,,0.2%,3.0
2025-02-27 15:30:00+05:30,IT,Industrial Sales YoYDEC,-7.2%,-2.5%,,-3.0%,3.0
2025-02-27 15:30:00+05:30,GB,15-Year Treasury Gilt Auction,4.836%,4.558%,,,3.0
2025-02-27 15:30:00+05:30,EA,Consumer Confidence FinalFEB,-13.6,-14.2,-13.6,-13.6,3.0
2025-02-27 15:30:00+05:30,EA,Services SentimentFEB,6.2,6.7,6.8,7,3.0
2025-02-27 15:30:00+05:30,IT,Industrial Sales MoMDEC,-2.7%,1.4%,,-0.6%,3.0
2025-02-27 15:30:00+05:30,EA,Consumer Inflation ExpectationsFEB,21.1,20.2,,20.9,3.0
2025-02-27 15:30:00+05:30,EA,Economic SentimentFEB,96.3,95.3,96,94.8,2.0
2025-02-27 15:30:00+05:30,EA,Selling Price ExpectationsFEB,9.8,8.8,,9.1,3.0
2025-02-27 15:30:00+05:30,EA,Industrial SentimentFEB,-11.4,-12.7,-12,-13.2,3.0
2025-02-27 15:40:00+05:30,IT,10-Year BTP Auction,3.55%,3.60%,,,3.0
2025-02-27 15:40:00+05:30,IT,5-Year BTP Auction,2.93%,2.95%,,,3.0
2025-02-27 16:30:00+05:30,FR,Unemployment Benefit ClaimsJAN,204.8K,21.8K,,15K,2.0
2025-02-27 16:30:00+05:30,FR,Jobseekers TotalJAN,3162K,2957K,,2972K,3.0
2025-02-27 16:30:00+05:30,BR,IGP-M Inflation MoMFEB,1.06%,0.27%,1.03%,1.2%,3.0
2025-02-27 17:00:00+05:30,TR,Foreign Exchange ReservesFEB/21,$97.7B,$100.68B,,,3.0
2025-02-27 17:00:00+05:30,BR,Current AccountJAN,$-8.655B,$-9.612B,$-8.30B,$-8.6B,3.0
2025-02-27 17:00:00+05:30,BR,Foreign Direct InvestmentJAN,$6.501B,$2.8B,$6.55B,$5B,3.0
2025-02-27 17:30:00+05:30,MX,Unemployment RateJAN,2.7%,2.4%,2.7%,2.4%,2.0
2025-02-27 17:30:00+05:30,BR,Unemployment RateJAN,6.5%,6.2%,6.6%,6.5%,2.0
2025-02-27 17:30:00+05:30,MX,Balance of TradeJAN,$-4.558B,$2.567B,$-3.8B,$-3.9B,2.0
2025-02-27 18:00:00+05:30,EA,ECB Monetary Policy Meeting Accounts,,,,,2.0
2025-02-27 19:00:00+05:30,US,Initial Jobless ClaimsFEB/22,242K,220K,221K,225.0K,2.0
2025-02-27 19:00:00+05:30,US,GDP Sales QoQ 2nd EstQ4,3.2%,3.3%,3.2%,3.2%,3.0
2025-02-27 19:00:00+05:30,CA,Current AccountQ4,C$-5B,C$-3.6B,C$-3.2B,C$-2.5B,2.0
2025-02-27 19:00:00+05:30,US,GDP Price Index QoQ 2nd EstQ4,2.4%,1.9%,2.2%,2.2%,2.0
2025-02-27 19:00:00+05:30,US,Core PCE Prices QoQ 2nd EstQ4,2.7%,2.2%,2.5%,2.5%,3.0
2025-02-27 19:00:00+05:30,US,Durable Goods Orders Ex Transp MoMJAN,0%,0.1%,0.3%,0.3%,2.0
2025-02-27 19:00:00+05:30,US,Jobless Claims 4-week AverageFEB/22,224K,215.5K,,220.0K,3.0
2025-02-27 19:00:00+05:30,US,Non Defense Goods Orders Ex AirJAN,0.8%,0.2%,0.3%,0.4%,3.0
2025-02-27 19:00:00+05:30,US,PCE Prices QoQ 2nd EstQ4,2.4%,1.5%,2.3%,2.3%,3.0
2025-02-27 19:00:00+05:30,US,Durable Goods Orders MoMJAN,3.1%,-1.8%,2%,2.2%,1.0
2025-02-27 19:00:00+05:30,US,Durable Goods Orders ex Defense MoMJAN,3.5%,-1.8%,,1.4%,3.0
2025-02-27 19:00:00+05:30,US,Continuing Jobless ClaimsFEB/15,1862K,1867K,1870K,1874.0K,3.0
2025-02-27 19:00:00+05:30,US,GDP Growth Rate QoQ 2nd EstQ4,2.3%,3.1%,2.3%,2.3%,1.0
2025-02-27 19:00:00+05:30,CA,Average Weekly Earnings YoYDEC,5.8%,5%,,4.7%,3.0
2025-02-27 19:00:00+05:30,US,Real Consumer Spending QoQ 2nd EstQ4,4.2%,3.7%,4.2%,4.2%,3.0
2025-02-27 20:30:00+05:30,US,Pending Home Sales YoYJAN,-5.2%,-5.0%,,6.0%,2.0
2025-02-27 20:30:00+05:30,BR,10-Year NTN-F Auction,14.954%,14.704%,,,3.0
2025-02-27 20:30:00+05:30,BR,2-Year LTN Auction,14.729%,14.629%,,,3.0
2025-02-27 20:30:00+05:30,US,Pending Home Sales MoMJAN,-4.6%,-4.1%,-1.3%,-0.9%,2.0
2025-02-27 20:30:00+05:30,US,Fed Barr Speech,,,,,2.0
2025-02-27 20:45:00+05:30,SA,M3 Money Supply YoYJAN,9%,8.8%,,8.0%,3.0
2025-02-27 20:45:00+05:30,SA,Private Bank Lending YoYJAN,13.8%,13.4%,,12.9%,3.0
2025-02-27 21:00:00+05:30,US,EIA Natural Gas Stocks ChangeFEB/21,-261Bcf,-196Bcf,-265Bcf,,3.0
2025-02-27 21:00:00+05:30,US,NY Fed Treasury Purchases 4 to 6 yrs,,,$50 million,,3.0
2025-02-27 21:30:00+05:30,US,Kansas Fed Manufacturing IndexFEB,-13,-9,,-3,3.0
2025-02-27 21:30:00+05:30,US,Kansas Fed Composite IndexFEB,-5,-5,,-3,3.0
2025-02-27 22:00:00+05:30,US,8-Week Bill Auction,4.235%,4.235%,,,3.0
2025-02-27 22:00:00+05:30,US,4-Week Bill Auction,4.235%,4.245%,,,3.0
2025-02-27 22:15:00+05:30,US,Fed Bowman Speech,,,,,2.0
2025-02-27 22:30:00+05:30,CA,30-Year Bond Auction,3.229%,3.503%,,,3.0
2025-02-27 22:30:00+05:30,US,15-Year Mortgage RateFEB/27,5.94%,6.04%,,,3.0
2025-02-27 22:30:00+05:30,US,30-Year Mortgage RateFEB/27,6.76%,6.85%,,,3.0
2025-02-27 23:45:00+05:30,US,Fed Hammack Speech,,,,,2.0
2025-02-27 23:45:00+05:30,G2,G20 Finance Ministers and Central Bank Governors Meeting,,,,,2.0
2025-02-27 23:45:00+05:30,BR,2-Year LTN Auction,,,,,2.0
2025-02-27 23:45:00+05:30,BR,10-Year NTN-F Auction,,,,,2.0
2025-02-27 23:45:00+05:30,SA,M3 Money Supply YoYJAN,,8.8%,,8.0%,2.0
2025-02-27 23:45:00+05:30,SA,Private Bank Lending YoYJAN,,13.4%,,12.9%,2.0
2025-02-28 01:45:00+05:30,US,Fed Harker Speech,,,,,2.0
2025-02-28 03:00:00+05:30,US,Fed Balance SheetFEB/26,$6.77T,$6.78T,,,3.0
2025-02-28 05:00:00+05:30,JP,Tokyo CPI YoYFEB,2.9%,3.4%,,3.2%,3.0
2025-02-28 05:00:00+05:30,JP,Tokyo Core CPI YoYFEB,2.2%,2.5%,2.3%,2.4%,3.0
2025-02-28 05:00:00+05:30,JP,Tokyo CPI Ex Food and Energy YoYFEB,0.9%,1%,,1%,3.0
2025-02-28 05:20:00+05:30,JP,Retail Sales YoYJAN,3.9%,3.5%,4%,4.1%,2.0
2025-02-28 05:20:00+05:30,JP,Industrial Production MoM PrelJAN,-1.1%,-0.2%,-1%,-0.9%,2.0
2025-02-28 05:20:00+05:30,JP,Industrial Production YoY PrelJAN,2.6%,-1.6%,-1.2%,-1.1%,3.0
2025-02-28 05:20:00+05:30,JP,Retail Sales MoMJAN,0.5%,-0.8%,,0.3%,3.0
2025-02-28 05:20:00+05:30,JP,Foreign Bond InvestmentFEB/22,¥-200.8B,¥239.6B,,,3.0
2025-02-28 05:20:00+05:30,JP,Stock Investment by ForeignersFEB/22,¥-1038B,¥-351.9B,,,3.0
2025-02-28 06:00:00+05:30,AU,Housing Credit MoMJAN,0.4%,0.5%,,0.5%,3.0
2025-02-28 06:00:00+05:30,AU,Private Sector Credit YoYJAN,6.5%,6.5%,,6.6%,3.0
2025-02-28 06:00:00+05:30,AU,Private Sector Credit MoMJAN,0.5%,0.6%,0.6%,0.6%,3.0
2025-02-28 07:30:00+05:30,SG,Bank LendingJAN,S$836.3B,S$835B,,,3.0
2025-02-28 08:45:00+05:30,US,Fed Goolsbee Speech,,,,,2.0
2025-02-28 09:05:00+05:30,JP,3-Month Bill Auction,0.3255%,0.3096%,,,3.0
2025-02-28 10:30:00+05:30,SG,Export Prices YoYJAN,-2.2%,-3.1%,,-2.6%,3.0
2025-02-28 10:30:00+05:30,SG,Import Prices YoYJAN,-1.3%,-3.6%,,-2.2%,3.0
2025-02-28 10:30:00+05:30,JP,Housing Starts YoYJAN,-4.6%,-2.5%,-2.6%,-2.7%,2.0
2025-02-28 10:30:00+05:30,JP,Construction Orders YoYJAN,,8.1%,,-2.6%,3.0
2025-02-28 10:30:00+05:30,SG,PPI YoYJAN,5.5%,1.5%,,3.0%,3.0
2025-02-28 11:30:00+05:30,ZA,M3 Money Supply YoYJAN,7.1%,6.71%,,,3.0
2025-02-28 11:30:00+05:30,ZA,Private Sector Credit YoYJAN,4.59%,3.83%,,3.0%,3.0
2025-02-28 11:30:00+05:30,JP,Construction Orders YoYJAN,12.2%,8.1%,,-2.6%,3.0
2025-02-28 12:30:00+05:30,DE,Retail Sales YoYJAN,2.9%,2.8%,,1.5%,2.0
2025-02-28 12:30:00+05:30,DE,Import Prices YoYJAN,3.1%,2%,2.7%,2.5%,3.0
2025-02-28 12:30:00+05:30,TR,Participation RateJAN,53.7%,54.1%,,54.2%,3.0
2025-02-28 12:30:00+05:30,TR,Unemployment RateJAN,8.4%,8.5%,,8.6%,2.0
2025-02-28 12:30:00+05:30,DE,Import Prices MoMJAN,1.1%,0.4%,0.7%,0.5%,3.0
2025-02-28 12:30:00+05:30,TR,GDP Growth Rate QoQQ4,1.7%,-0.1%,,0.7%,2.0
2025-02-28 12:30:00+05:30,GB,Nationwide Housing Prices MoMFEB,0.4%,0.1%,0.2%,0.3%,2.0
2025-02-28 12:30:00+05:30,GB,BoE Ramsden Speech,,,,,2.0
2025-02-28 12:30:00+05:30,TR,GDP Growth Rate YoYQ4,3%,2.2%,2.6%,2.4%,2.0
2025-02-28 12:30:00+05:30,DE,Retail Sales MoMJAN,0.2%,-0.9%,0%,0.2%,2.0
2025-02-28 12:30:00+05:30,GB,Nationwide Housing Prices YoYFEB,3.9%,4.1%,3.4%,3.9%,2.0
2025-02-28 13:15:00+05:30,FR,Harmonised Inflation Rate MoM PrelFEB,0%,-0.2%,0.3%,0.6%,3.0
2025-02-28 13:15:00+05:30,FR,Inflation Rate MoM PrelFEB,0%,0.2%,0.3%,0.6%,2.0
2025-02-28 13:15:00+05:30,FR,Inflation Rate YoY PrelFEB,0.8%,1.7%,1%,1.4%,1.0
2025-02-28 13:15:00+05:30,FR,Harmonised Inflation Rate YoY PrelFEB,0.9%,1.8%,1.2%,1.5%,3.0
2025-02-28 13:15:00+05:30,FR,GDP Growth Rate QoQ FinalQ4,-0.1%,0.4%,-0.1%,-0.1%,2.0
2025-02-28 13:15:00+05:30,FR,Non Farm Payrolls QoQQ4,-0.3%,0.1%,,-0.2%,3.0
2025-02-28 13:15:00+05:30,FR,Household Consumption MoMJAN,-0.5%,0.7%,-0.7%,-0.6%,3.0
2025-02-28 13:15:00+05:30,FR,Private Non Farm Payrolls QoQ FinalQ4,-0.3%,0.1%,-0.2%,-0.2%,3.0
2025-02-28 13:15:00+05:30,FR,GDP Growth Rate YoY FinalQ4,0.6%,1.2%,0.7%,0.7%,2.0
2025-02-28 14:25:00+05:30,DE,Unemployment RateFEB,6.2%,6.2%,6.2%,6.2%,2.0
2025-02-28 14:25:00+05:30,DE,Unemployment ChangeFEB,5K,11K,15K,15.0K,2.0
2025-02-28 14:25:00+05:30,DE,Unemployed PersonsFEB,2.886M,2.88M,,2.891M,2.0
2025-02-28 14:30:00+05:30,DE,Bavaria CPI MoMFEB,0.4%,-0.3%,,,3.0
2025-02-28 14:30:00+05:30,DE,Hesse CPI YoYFEB,2.3%,2.5%,,,3.0
2025-02-28 14:30:00+05:30,DE,Baden Wuerttemberg CPI MoMFEB,0.5%,-0.2%,,,3.0
2025-02-28 14:30:00+05:30,DE,Bavaria CPI YoYFEB,2.4%,2.5%,,,3.0
2025-02-28 14:30:00+05:30,DE,Baden Wuerttemberg CPI YoYFEB,2.5%,2.3%,,,3.0
2025-02-28 14:30:00+05:30,DE,Saxony CPI MoMFEB,0.3%,-0.4%,,,3.0
2025-02-28 14:30:00+05:30,DE,Saxony CPI YoYFEB,2.3%,2.4%,,,3.0
2025-02-28 14:30:00+05:30,DE,Brandenburg CPI MoMFEB,0.6%,0%,,,3.0
2025-02-28 14:30:00+05:30,DE,North Rhine Westphalia CPI YoYFEB,1.9%,2%,,,3.0
2025-02-28 14:30:00+05:30,DE,North Rhine Westphalia CPI MoMFEB,1.9%,0.5%,,,3.0
2025-02-28 14:30:00+05:30,DE,Hesse CPI MoMFEB,0.3%,0.1%,,,3.0
2025-02-28 14:30:00+05:30,DE,Brandenburg CPI YoYFEB,2.3%,2.3%,,,3.0
2025-02-28 14:30:00+05:30,ES,Current AccountDEC,€1.3B,€1.26B,,€ 2.7B,3.0
2025-02-28 14:30:00+05:30,EA,ECB Consumer Inflation ExpectationsJAN,2.6%,2.8%,,3.0%,3.0
2025-02-28 14:45:00+05:30,ZA,Budget BalanceJAN,ZAR-62.68B,ZAR21.38B,,ZAR -30.0B,3.0
2025-02-28 15:30:00+05:30,IT,Harmonised Inflation Rate MoM PrelFEB,0.1%,-0.8%,0.1%,0.2%,3.0
2025-02-28 15:30:00+05:30,IT,Inflation Rate YoY PrelFEB,1.7%,1.5%,1.7%,1.7%,1.0
2025-02-28 15:30:00+05:30,IT,Inflation Rate MoM PrelFEB,0.2%,0.6%,0.2%,0.3%,2.0
2025-02-28 15:30:00+05:30,IT,Harmonised Inflation Rate YoY PrelFEB,1.7%,1.7%,1.8%,1.9%,3.0
2025-02-28 16:00:00+05:30,IN,Fiscal Year GDP Growth 2nd Est2024-25,6.5%,9.2%,6.4%,6.4%,2.0
2025-02-28 16:00:00+05:30,IN,Government Budget ValueJAN,INR -11695B,INR-9140.9B,,INR -10500.0B,3.0
2025-02-28 16:00:00+05:30,IN,GDP Growth Rate YoYQ4,6.2%,5.6%,6.3%,6.3%,1.0
2025-02-28 17:00:00+05:30,IN,Deposit Growth YoYFEB/14,10.6%,10.3%,,,3.0
2025-02-28 17:00:00+05:30,IN,Bank Loan Growth YoYFEB/14,11.3%,11.4%,,,3.0
2025-02-28 17:00:00+05:30,IN,Infrastructure Output YoYJAN,4.6%,4.8%,,4.5%,3.0
2025-02-28 17:00:00+05:30,BR,Gross Debt to GDPJAN,,76.1%,,76.2%,3.0
2025-02-28 17:00:00+05:30,BR,Nominal Budget BalanceJAN,,BRL-80.372B,,BRL 19.0B,3.0
2025-02-28 17:00:00+05:30,IN,Foreign Exchange ReservesFEB/21,$640.48B,$635.72B,,,3.0
2025-02-28 17:30:00+05:30,ZA,Balance of TradeJAN,ZAR-16.42B,ZAR14.69B,,ZAR -7.0B,2.0
2025-02-28 17:30:00+05:30,IN,Fiscal Year GDP Growth 2nd Est2024-25,,8.2%,6.4%,6.4%,2.0
2025-02-28 17:30:00+05:30,CA,CFIB Business BarometerFEB,49.5,54.5,,54,3.0
2025-02-28 17:30:00+05:30,BR,GDP Growth Rate QoQQ4,,0.9%,,-0.2%,2.0
2025-02-28 17:30:00+05:30,IN,GDP Growth Rate YoYQ4,,5.4%,6.3%,6.3%,1.0
2025-02-28 17:30:00+05:30,BR,GDP Growth Rate YoYQ4,,4%,,3.5%,1.0
2025-02-28 18:00:00+05:30,ES,Business ConfidenceFEB,-6.2,-4.7,,-5.4,2.0
2025-02-28 18:30:00+05:30,DE,Inflation Rate MoM PrelFEB,0.4%,-0.2%,0.4%,0.3%,2.0
2025-02-28 18:30:00+05:30,ES,Business ConfidenceFEB,,-5.1,,-5.4,2.0
2025-02-28 18:30:00+05:30,DE,Harmonised Inflation Rate YoY PrelFEB,2.8%,2.8%,2.7%,2.7%,3.0
2025-02-28 18:30:00+05:30,DE,Harmonised Inflation Rate MoM PrelFEB,0.6%,-0.2%,0.5%,0.5%,3.0
2025-02-28 18:30:00+05:30,DE,Inflation Rate YoY PrelFEB,2.3%,2.3%,2.3%,2.2%,1.0
2025-02-28 19:00:00+05:30,CA,GDP Implicit Price QoQQ4,0.9%,0.6%,,0.5%,3.0
2025-02-28 19:00:00+05:30,US,PCE Price Index MoMJAN,0.3%,0.3%,0.3%,0.4%,2.0
2025-02-28 19:00:00+05:30,US,Core PCE Price Index YoYJAN,2.6%,2.9%,2.6%,2.7%,3.0
2025-02-28 19:00:00+05:30,CA,GDP MoMDEC,0.2%,-0.2%,0.3%,0.2%,2.0
2025-02-28 19:00:00+05:30,US,Goods Trade Balance AdvJAN,$-153.26B,$-122.01B,$-114.7B,$ -116.0B,2.0
2025-02-28 19:00:00+05:30,US,Personal Spending MoMJAN,-0.2%,0.8%,0.1%,0.3%,1.0
2025-02-28 19:00:00+05:30,US,Personal Income MoMJAN,0.9%,0.4%,0.3%,0.3%,1.0
2025-02-28 19:00:00+05:30,US,Retail Inventories Ex Autos MoM AdvJAN,0.4%,-0.1%,,0.1%,2.0
2025-02-28 19:00:00+05:30,CA,GDP Growth Rate AnnualizedQ4,2.6%,2.2%,1.9%,1.7%,1.0
2025-02-28 19:00:00+05:30,US,PCE Price Index YoYJAN,2.5%,2.6%,2.5%,2.5%,2.0
2025-02-28 19:00:00+05:30,CA,GDP MoM PrelJAN,0.3%,0.2%,,0.1%,2.0
2025-02-28 19:00:00+05:30,US,Wholesale Inventories MoM AdvJAN,0.7%,-0.4%,0.1%,0.2%,2.0
2025-02-28 19:00:00+05:30,US,Core PCE Price Index MoMJAN,0.3%,0.2%,0.3%,0.4%,1.0
2025-02-28 19:00:00+05:30,CA,GDP Growth Rate QoQQ4,0.6%,0.5%,,0.2%,1.0
2025-02-28 19:50:00+05:30,ES,Consumer ConfidenceJAN,84.9,85,,86,2.0
2025-02-28 20:15:00+05:30,US,Chicago PMIFEB,45.5,39.5,40.6,42,2.0
2025-02-28 21:30:00+05:30,CA,Budget BalanceDEC,C$1B,C$-8.21B,,C$-6.0B,3.0
2025-02-28 22:30:00+05:30,RU,M2 Money Supply YoYJAN,19.2%,19.2%,,18.8%,3.0
2025-02-28 23:30:00+05:30,US,Baker Hughes Total Rigs CountFEB/28,593,592,,,3.0
2025-02-28 23:30:00+05:30,EU,European Commission Winter Forecasts,,,,,3.0
2025-02-28 23:30:00+05:30,AU,CoreLogic Dwelling Prices MoMFEB,,0.0%,,0.2%,3.0
2025-02-28 23:30:00+05:30,BR,Federal Tax RevenuesJAN,,BRL261.3B,,,3.0
2025-02-28 23:30:00+05:30,ZA,Budget BalanceJAN,,ZAR21.38B,,ZAR -30.0B,3.0
2025-02-28 23:30:00+05:30,RU,M2 Money Supply YoYJAN,,19.2%,,18.8%,3.0
2025-02-28 23:30:00+05:30,US,Baker Hughes Oil Rig CountFEB/28,489,488,,,3.0
2025-03-01 00:30:00+05:30,AR,Tax RevenueFEB,,ARS15032B,,,3.0
2025-03-01 02:30:00+05:30,MX,Fiscal BalanceJAN,MXN-19.42B,MXN-1661.8B,,MXN-1800.0B,3.0
2025-03-01 05:30:00+05:30,KR,Balance of TradeFEB,$4.30B,$-1.89B,$4.59B,$4.8B,3.0
2025-03-01 05:30:00+05:30,KR,Imports YoYFEB,0.2%,-6.4%,-1.7%,,3.0
2025-03-01 05:30:00+05:30,KR,Exports YoYFEB,1.0%,-10.3%,3.8%,,2.0
2025-03-01 07:00:00+05:30,AR,Tax RevenueFEB,,ARS15032B,,,3.0
2025-03-01 07:00:00+05:30,CN,NBS General PMIFEB,51.1,50.1,,50.5,3.0
2025-03-01 07:00:00+05:30,CN,NBS Non Manufacturing PMIFEB,50.4,50.2,50.3,50.5,2.0
2025-03-01 07:00:00+05:30,CN,NBS Manufacturing PMIFEB,50.2,49.1,49.9,50,1.0
2025-03-01 07:00:00+05:30,MX,Fiscal BalanceJAN,,MXN-1661.8B,,MXN-1800.0B,3.0
2025-03-03 03:30:00+05:30,AU,S&P Global Australia Manufacturing PMI FinalFEB,50.4,50.2,,50.6,2.0
2025-03-03 05:30:00+05:30,AU,TD-MI Inflation Gauge MoMFEB,-0.2%,0.1%,,0.2%,3.0
2025-03-03 05:31:00+05:30,AU,CoreLogic Dwelling Prices MoMFEB,0.3%,0.0%,,0.2%,3.0
2025-03-03 06:00:00+05:30,JP,Jibun Bank Manufacturing PMI FinalFEB,49.0,48.7,48.9,48.9,2.0
2025-03-03 06:00:00+05:30,AU,Company Gross Profits QoQQ4,5.9%,-4.9%,1.5%,1.9%,2.0
2025-03-03 06:00:00+05:30,AU,Business Inventories QoQQ4,0.1%,-0.7%,0%,0.4%,3.0
2025-03-03 06:00:00+05:30,AU,ANZ-Indeed Job Ads MoMFEB,,0.2%,,0.2%,3.0
2025-03-03 06:00:00+05:30,ID,S&P Global Manufacturing PMIFEB,53.6,51.9,,52.3,3.0
2025-03-03 07:00:00+05:30,AU,ANZ-Indeed Job Ads MoMFEB,-1.4%,1.3%,,0.2%,3.0
2025-03-03 07:15:00+05:30,CN,Caixin Manufacturing PMIFEB,50.8,50.1,50.3,50.6,1.0
2025-03-03 09:30:00+05:30,ID,Inflation Rate MoMFEB,-0.48%,-0.76%,0.02%,0.2%,3.0
2025-03-03 09:30:00+05:30,ID,Tourist Arrivals YoYJAN,,8.72%,,,3.0
2025-03-03 09:30:00+05:30,ID,Inflation Rate YoYFEB,-0.09%,0.76%,0.41%,0.5%,2.0
2025-03-03 09:30:00+05:30,ID,Core Inflation Rate YoYFEB,2.48%,2.36%,2.45%,2.4%,3.0
2025-03-03 10:30:00+05:30,IN,HSBC Manufacturing PMI FinalFEB,56.3,57.7,57.1,57.1,3.0
2025-03-03 10:30:00+05:30,JP,Construction Orders YoYJAN,,8.1%,,-2.6%,3.0
2025-03-03 11:00:00+05:30,AU,Commodity Prices YoYFEB,-8.2%,-10.7%,,-13.0%,3.0
2025-03-03 11:30:00+05:30,RU,S&P Global Manufacturing PMIFEB,50.2,53.1,,53.5,2.0
2025-03-03 12:30:00+05:30,TR,PPI YoYFEB,25.21%,27.2%,,26.2%,3.0
2025-03-03 12:30:00+05:30,TR,Istanbul Chamber of Industry Manufacturing PMIFEB,48.3,48,,48.5,3.0
2025-03-03 12:30:00+05:30,TR,Inflation Rate YoYFEB,39.05%,42.12%,39.9%,40.4%,2.0
2025-03-03 12:30:00+05:30,TR,Inflation Rate MoMFEB,2.27%,5.03%,2.85%,3.0%,2.0
2025-03-03 12:30:00+05:30,TR,PPI MoMFEB,2.12%,3.06%,,2.9%,3.0
2025-03-03 13:45:00+05:30,ES,HCOB Manufacturing PMIFEB,49.7,50.9,51.4,51.5,2.0
2025-03-03 14:15:00+05:30,IT,HCOB Manufacturing PMIFEB,47.4,46.3,46.7,47.4,2.0
2025-03-03 14:20:00+05:30,FR,HCOB Manufacturing PMI FinalFEB,45.8,45,45.5,45.5,2.0
2025-03-03 14:25:00+05:30,DE,HCOB Manufacturing PMI FinalFEB,46.5,45.0,46.1,46.1,2.0
2025-03-03 14:30:00+05:30,ZA,ABSA Manufacturing PMIFEB,44.7,45.3,,43,3.0
2025-03-03 14:30:00+05:30,IT,Government Budget2024,-3.4%,-7.2%,,-3.8%,1.0
2025-03-03 14:30:00+05:30,EA,HCOB Manufacturing PMI FinalFEB,47.6,46.6,47.3,47.3,2.0
2025-03-03 14:30:00+05:30,IT,Full Year GDP Growth2024,0.7%,0.7%,,0.5%,1.0
2025-03-03 15:00:00+05:30,GB,S&P Global Manufacturing PMI FinalFEB,46.9,48.3,46.4,46.4,2.0
2025-03-03 15:00:00+05:30,GB,M4 Money Supply MoMJAN,1.3%,0.2%,0.2%,0.2%,3.0
2025-03-03 15:00:00+05:30,GB,Mortgage LendingJAN,£4.21B,£3.34B,,£3.2B,2.0
2025-03-03 15:00:00+05:30,GB,Net Lending to Individuals MoMJAN,£5.947B,£4.405B,£4.7B,£4.6B,3.0
2025-03-03 15:00:00+05:30,GB,BoE Consumer CreditJAN,£1.74B,£1.062B,£1.2B,£1.1B,2.0
2025-03-03 15:00:00+05:30,GB,Mortgage ApprovalsJAN,66.19K,66.51K,65.65K,65.7K,2.0
2025-03-03 15:30:00+05:30,EA,CPI FlashFEB,127.32,126.72,,127.4,3.0
2025-03-03 15:30:00+05:30,EA,Inflation Rate YoY FlashFEB,2.4%,2.5%,2.3%,2.4%,1.0
2025-03-03 15:30:00+05:30,EA,Core Inflation Rate YoY FlashFEB,2.6%,2.7%,2.5%,2.5%,2.0
2025-03-03 15:30:00+05:30,EA,Inflation Rate MoM FlashFEB,0.5%,-0.3%,,0.5%,2.0
2025-03-03 16:30:00+05:30,MX,Foreign Exchange ReservesJAN,$240.8B,$232.1B,,$232B,3.0
2025-03-03 16:30:00+05:30,IT,Full Year GDP Growth2024,,0.7%,,0.5%,1.0
2025-03-03 16:30:00+05:30,IT,Government Budget2024,,-7.2%,,-3.8%,1.0
2025-03-03 17:30:00+05:30,MX,Business ConfidenceFEB,50.4,51.6,,52,2.0
2025-03-03 17:30:00+05:30,ES,New Car Sales YoYFEB,10.5%,5.3%,,1.5%,3.0
2025-03-03 17:50:00+05:30,ZA,Total New Vehicle SalesFEB,47.98K,46.4K,,47.0K,3.0
2025-03-03 18:30:00+05:30,BR,S&P Global Manufacturing PMIFEB,53,50.7,,50.2,3.0
2025-03-03 18:30:00+05:30,SG,SIPMM Manufacturing PMIFEB,50.7,50.9,,50.7,3.0
2025-03-03 19:30:00+05:30,FR,12-Month BTF Auction,2.239%,2.241%,,,3.0
2025-03-03 19:30:00+05:30,FR,6-Month BTF Auction,2.339%,2.339%,,,3.0
2025-03-03 19:30:00+05:30,FR,3-Month BTF Auction,2.396%,2.423%,,,3.0
2025-03-03 20:00:00+05:30,CA,S&P Global Manufacturing PMIFEB,47.8,51.6,51.9,51.7,2.0
2025-03-03 20:15:00+05:30,US,S&P Global Manufacturing PMI FinalFEB,52.7,51.2,51.6,51.6,2.0
2025-03-03 20:30:00+05:30,US,ISM Manufacturing EmploymentFEB,47.6,50.3,,50.6,2.0
2025-03-03 20:30:00+05:30,MX,S&P Global Manufacturing PMIFEB,47.6,49.1,,49.3,3.0
2025-03-03 20:30:00+05:30,EA,ECB Buch Speech,,,,,3.0
2025-03-03 20:30:00+05:30,US,ISM Manufacturing PMIFEB,50.3,50.9,50.5,51,1.0
2025-03-03 20:30:00+05:30,US,ISM Manufacturing PricesFEB,62.4,54.9,56.2,55,3.0
2025-03-03 20:30:00+05:30,US,Construction Spending MoMJAN,-0.2%,0.5%,0%,0.3%,3.0
2025-03-03 20:30:00+05:30,US,ISM Manufacturing New OrdersFEB,48.6,55.1,,55.4,3.0
2025-03-03 22:00:00+05:30,IT,New Car Registrations YoYFEB,,-5.9%,,,3.0
2025-03-03 22:00:00+05:30,US,6-Month Bill Auction,4.135%,4.180%,,,3.0
2025-03-03 22:00:00+05:30,BR,BCB Focus Market Readout,,,,,3.0
2025-03-03 22:00:00+05:30,ES,New Car Sales YoYFEB,,5.3%,,1.5%,3.0
2025-03-03 22:00:00+05:30,ES,Consumer ConfidenceJAN,,85,,86,3.0
2025-03-03 22:00:00+05:30,US,3-Month Bill Auction,4.210%,4.195%,,,3.0
2025-03-03 22:00:00+05:30,ZA,Total New Vehicle SalesFEB,,46.4K,,47.0K,3.0
2025-03-03 22:05:00+05:30,BR,BCB Focus Market Readout,,,,,2.0
2025-03-03 22:05:00+05:30,AU,CoreLogic Dwelling Prices MoMFEB,0.3%,0.0%,,0.2%,2.0
2025-03-03 22:05:00+05:30,ES,New Car Sales YoYFEB,,5.3%,,1.5%,2.0
2025-03-03 22:05:00+05:30,US,Fed Musalem Speech,,,,,2.0
2025-03-03 22:05:00+05:30,BR,Federal Tax RevenuesJAN,,BRL261.3B,,,2.0
2025-03-03 22:05:00+05:30,IT,New Car Registrations YoYFEB,,-5.9%,,-4.3%,2.0
2025-03-03 22:05:00+05:30,ES,Consumer ConfidenceJAN,,85,,86,2.0
2025-03-03 22:05:00+05:30,ZA,Total New Vehicle SalesFEB,,46.4K,,47.0K,2.0
2025-03-03 22:30:00+05:30,IT,New Car Registrations YoYFEB,-6.3%,-5.9%,,-4.3%,3.0
2025-03-04 04:30:00+05:30,KR,Retail Sales MoMJAN,-0.6%,0.2%,,0.4%,3.0
2025-03-04 04:30:00+05:30,KR,Industrial Production YoYJAN,-4.1%,4.4%,-2%,2.2%,3.0
2025-03-04 04:30:00+05:30,KR,Industrial Production MoMJAN,-2.3%,3.9%,-3.1%,-2.3%,3.0
2025-03-04 05:00:00+05:30,JP,Unemployment RateJAN,2.5%,2.4%,2.4%,2.4%,2.0
2025-03-04 05:00:00+05:30,JP,Jobs/applications ratioJAN,1.26,1.25,1.25,1.25,3.0
2025-03-04 05:20:00+05:30,JP,Capital Spending YoYQ4,-0.2%,8.1%,4.9%,5.0%,2.0
2025-03-04 06:00:00+05:30,KR,S&P Global Manufacturing PMIFEB,49.9,50.3,,49.9,2.0
2025-03-04 06:00:00+05:30,AU,Retail Sales MoMJAN,0.3%,-0.1%,0.3%,0.4%,2.0
2025-03-04 06:00:00+05:30,AU,RBA Meeting Minutes,,,,,1.0
2025-03-04 06:00:00+05:30,AU,Current AccountQ4,A$-12.5B,A$-13.9B,A$-11.9B,A$-7.0B,3.0
2025-03-04 06:00:00+05:30,AU,Net Exports Contribution to GDPQ4,0.2%,0.1%,-0.1%,0%,3.0
2025-03-04 09:05:00+05:30,JP,10-Year JGB Auction,1.404%,1.260%,,,3.0
2025-03-04 09:45:00+05:30,SA,Riyad Bank PMIFEB,58.4,60.5,,57.5,3.0
2025-03-04 10:30:00+05:30,KR,2-Year KTB Auction,,2.635%,,,3.0
2025-03-04 10:30:00+05:30,SG,MAS 4-Week Bill Auction,2.78%,2.84%,,,3.0
2025-03-04 10:30:00+05:30,SG,MAS 12-Week Bill Auction,2.78%,2.85%,,,3.0
2025-03-04 10:30:00+05:30,JP,Consumer ConfidenceFEB,35.0,35.2,35.7,35.7,1.0
2025-03-04 13:15:00+05:30,FR,Budget BalanceJAN,€-17.3B,€-156.3B,,€-22.3B,3.0
2025-03-04 13:30:00+05:30,ES,Unemployment ChangeFEB,-6K,38.7K,45.2K,-11.0K,2.0
2025-03-04 13:30:00+05:30,ES,Tourist Arrivals YoYJAN,6.1%,1.1%,,2.5%,3.0
2025-03-04 14:00:00+05:30,TR,Exports PrelFEB,$20.8B,$21.17B,,$21.4B,3.0
2025-03-04 14:00:00+05:30,TR,Imports PrelFEB,$28.9B,$28.7B,,$28.8B,3.0
2025-03-04 14:00:00+05:30,TR,Balance of Trade PrelFEB,$-8.1B,$-7.54B,,$-7.4B,2.0
2025-03-04 14:30:00+05:30,IT,Unemployment RateJAN,6.3%,6.4%,6.2%,6.3%,2.0
2025-03-04 15:00:00+05:30,ZA,GDP Growth Rate QoQQ4,0.6%,-0.1%,0.9%,1%,2.0
2025-03-04 15:00:00+05:30,ZA,GDP Growth Rate YoYQ4,0.9%,0.4%,,1.1%,2.0
2025-03-04 15:10:00+05:30,ES,12-Month Letras Auction,2.173%,2.221%,,,3.0
2025-03-04 15:10:00+05:30,ES,6-Month Letras Auction,2.255%,2.355%,,,3.0
2025-03-04 15:30:00+05:30,GB,30-Year Treasury Gilt Auction,5.104%,5.198%,,,3.0
2025-03-04 15:30:00+05:30,EA,Unemployment RateJAN,6.2%,6.2%,6.3%,6.3%,2.0
2025-03-04 16:00:00+05:30,DE,5-Year Bobl Auction,2.15%,2.17%,,,3.0
2025-03-04 16:30:00+05:30,US,LMI Logistics Managers IndexFEB,62.8,62.0,,,3.0
2025-03-04 19:25:00+05:30,US,Redbook YoYMAR/01,6.6%,6.2%,,,3.0
2025-03-04 20:30:00+05:30,US,RCM/TIPP Economic Optimism IndexMAR,49.8,52,53.1,53,3.0
2025-03-04 21:00:00+05:30,ES,New Car Sales YoYFEB,,5.3%,,1.5%,3.0
2025-03-04 21:00:00+05:30,US,NY Fed Treasury Purchases 6 to 10 yrs,,,$50 million,,3.0
2025-03-04 21:00:00+05:30,FR,New Car Registrations YoYFEB,,-6.2%,,-4%,3.0
2025-03-04 21:00:00+05:30,US,LMI Logistics Managers IndexFEB,,62.0,,,3.0
2025-03-04 21:00:00+05:30,AR,Tax RevenueFEB,,ARS15032B,,,3.0
2025-03-04 21:00:00+05:30,KR,2-Year KTB Auction,,,,,3.0
2025-03-04 21:00:00+05:30,TR,Exports PrelFEB,,$21.17B,,$21.4B,3.0
2025-03-04 21:00:00+05:30,CN,Chinese People's Political Consultative Conference,,,,,3.0
2025-03-04 21:00:00+05:30,TR,Balance of Trade PrelFEB,,$-7.54B,,$-7.4B,3.0
2025-03-04 21:00:00+05:30,TR,Imports PrelFEB,$28.9B,$28.7B,,$28.8B,3.0
2025-03-05 00:50:00+05:30,US,Fed Williams Speech,,,,,2.0
2025-03-05 03:00:00+05:30,US,API Crude Oil Stock ChangeFEB/28,-1.455M,-0.640M,-0.3M,,2.0
2025-03-05 03:15:00+05:30,AU,RBA Hauser Speech,,,,,2.0
2025-03-05 03:15:00+05:30,GB,BoE Hauser Speech,,,,,3.0
2025-03-05 03:30:00+05:30,AU,S&P Global Australia Services PMI FinalFEB,50.8,51.2,51.4,51.4,2.0
2025-03-05 03:30:00+05:30,AU,S&P Global Australia Composite PMI FinalFEB,50.6,51.1,,51.2,3.0
2025-03-05 03:30:00+05:30,AU,Ai Group Industry IndexFEB,-17.6,-17.4,,-15,2.0
2025-03-05 03:30:00+05:30,AU,Ai Group Manufacturing IndexFEB,-8.2,-22.7,,-26,3.0
2025-03-05 03:30:00+05:30,AU,Ai Group Construction IndexFEB,-3.7,-20.0,,-23,3.0
2025-03-05 04:30:00+05:30,KR,GDP Growth Rate QoQ FinalQ4,0.1%,0.1%,0.1%,0.5%,2.0
2025-03-05 04:30:00+05:30,KR,GDP Growth Rate YoY FinalQ4,1.2%,1.5%,1.2%,1.2%,3.0
2025-03-05 06:00:00+05:30,AU,GDP Growth Rate YoYQ4,1.3%,0.8%,1.2%,1.3%,2.0
2025-03-05 06:00:00+05:30,SG,S&P Global PMIFEB,51,49.9,,50.5,3.0
2025-03-05 06:00:00+05:30,AU,GDP Final Consumption QoQQ4,0.5%,-0.1%,,,3.0
2025-03-05 06:00:00+05:30,AU,GDP Growth Rate QoQQ4,0.6%,0.3%,0.5%,0.5%,1.0
2025-03-05 06:00:00+05:30,JP,Jibun Bank Services PMI FinalFEB,53.7,53.0,53.1,53.1,2.0
2025-03-05 06:00:00+05:30,AU,GDP Capital Expenditure QoQQ4,0.7%,1.8%,,,3.0
2025-03-05 06:00:00+05:30,JP,Jibun Bank Composite PMI FinalFEB,52,51.1,,51.6,3.0
2025-03-05 06:00:00+05:30,AU,GDP Chain Price Index QoQQ4,1.4%,-0.2%,,,3.0
2025-03-05 07:00:00+05:30,JP,BOJ Uchida Speech,,,,,2.0
2025-03-05 07:15:00+05:30,CN,Caixin Services PMIFEB,51.4,51.0,50.8,51.2,2.0
2025-03-05 07:15:00+05:30,CN,Caixin Composite PMIFEB,51.5,51.1,,51.4,3.0
2025-03-05 10:30:00+05:30,SG,Retail Sales MoMJAN,2.4%,-2%,,0.5%,3.0
2025-03-05 10:30:00+05:30,KR,30-Year KTB Auction,,2.730%,,,3.0
2025-03-05 10:30:00+05:30,IN,HSBC Composite PMI FinalFEB,58.8,57.7,,60.6,3.0
2025-03-05 10:30:00+05:30,SG,Retail Sales YoYJAN,4.5%,-2.9%,,-2.0%,3.0
2025-03-05 10:30:00+05:30,IN,HSBC Services PMI FinalFEB,59.0,56.5,57.3,61.1,3.0
2025-03-05 11:30:00+05:30,KR,2-Year KTB Auction,2.610%,2.635%,,,3.0
2025-03-05 11:30:00+05:30,RU,S&P Global Composite PMIFEB,50.4,54.7,,54.2,3.0
2025-03-05 11:30:00+05:30,RU,S&P Global Services PMIFEB,50.5,54.6,,54.3,3.0
2025-03-05 11:30:00+05:30,KR,30-Year KTB Auction,2.590%,2.730%,,,3.0
2025-03-05 12:45:00+05:30,ZA,S&P Global PMIFEB,49,47.4,,45.5,3.0
2025-03-05 13:15:00+05:30,FR,Industrial Production MoMJAN,-0.6%,-0.5%,0.3%,0.3%,2.0
2025-03-05 13:45:00+05:30,ES,HCOB Composite PMIFEB,55.1,54,,54.5,3.0
2025-03-05 13:45:00+05:30,ES,HCOB Services PMIFEB,56.2,54.9,55.3,55,2.0
2025-03-05 14:15:00+05:30,IT,HCOB Services PMIFEB,53,50.4,50.9,50.9,2.0
2025-03-05 14:15:00+05:30,IT,HCOB Composite PMIFEB,51.9,49.7,,50,3.0
2025-03-05 14:20:00+05:30,FR,HCOB Composite PMI FinalFEB,45.1,47.6,44.5,44.5,3.0
2025-03-05 14:20:00+05:30,FR,HCOB Services PMI FinalFEB,45.3,48.2,44.5,44.5,2.0
2025-03-05 14:25:00+05:30,DE,HCOB Services PMI FinalFEB,51.1,52.5,52.2,52.2,2.0
2025-03-05 14:25:00+05:30,DE,HCOB Composite PMI FinalFEB,50.4,50.5,51,51,2.0
2025-03-05 14:30:00+05:30,EA,HCOB Composite PMI FinalFEB,50.2,50.2,50.2,50.2,2.0
2025-03-05 14:30:00+05:30,IT,GDP Growth Rate QoQ FinalQ4,0.1%,0%,0%,0.0%,2.0
2025-03-05 14:30:00+05:30,EA,HCOB Services PMI FinalFEB,50.6,51.3,50.7,50.7,2.0
2025-03-05 14:30:00+05:30,GB,New Car Sales YoYFEB,-1%,-2.5%,,-6.5%,3.0
2025-03-05 14:30:00+05:30,IT,GDP Growth Rate YoY FinalQ4,0.6%,0.4%,0.5%,0.5%,2.0
2025-03-05 15:00:00+05:30,GB,S&P Global Services PMI FinalFEB,51,50.8,51.1,51.1,2.0
2025-03-05 15:00:00+05:30,GB,S&P Global Composite PMI FinalFEB,50.5,50.6,50.5,50.5,3.0
2025-03-05 15:30:00+05:30,IT,Retail Sales YoYJAN,0.9%,0.6%,,0.9%,3.0
2025-03-05 15:30:00+05:30,EA,PPI YoYJAN,1.8%,0.1%,1.4%,1.3%,3.0
2025-03-05 15:30:00+05:30,GB,5-Year Treasury Gilt Auction,4.311%,4.276%,,,3.0
2025-03-05 15:30:00+05:30,EA,PPI MoMJAN,0.8%,0.5%,0.5%,0.3%,3.0
2025-03-05 15:30:00+05:30,ZA,Business ConfidenceQ1,45,45,,44,2.0
2025-03-05 15:30:00+05:30,IT,Retail Sales MoMJAN,-0.4%,0.6%,0.1%,0.2%,2.0
2025-03-05 16:40:00+05:30,EU,3-Month Bill Auction,2.360%,2.456%,,,3.0
2025-03-05 16:40:00+05:30,EU,6-Month Bill Auction,2.341%,2.354%,,,3.0
2025-03-05 16:40:00+05:30,EU,12-Month Bill Auction,2.244%,2.245%,,,3.0
2025-03-05 17:00:00+05:30,IN,M3 Money Supply YoYFEB/21,9.6%,9.8%,,,3.0
2025-03-05 17:30:00+05:30,US,MBA Mortgage ApplicationsFEB/28,20.4%,-1.2%,,,3.0
2025-03-05 17:30:00+05:30,US,MBA Purchase IndexFEB/28,144.5,144.3,,,3.0
2025-03-05 17:30:00+05:30,BR,PPI YoYJAN,,9.42%,,10.1%,3.0
2025-03-05 17:30:00+05:30,US,MBA 30-Year Mortgage RateFEB/28,6.73%,6.88%,,,2.0
2025-03-05 17:30:00+05:30,US,MBA Mortgage Market IndexFEB/28,242.2,212.3,,,3.0
2025-03-05 17:30:00+05:30,MX,Gross Fixed Investment YoYDEC,-4%,-0.7%,-2.5%,-2.4%,3.0
2025-03-05 17:30:00+05:30,US,MBA Mortgage Refinance IndexFEB/28,784.2,572.5,,,3.0
2025-03-05 17:30:00+05:30,MX,Gross Fixed Investment MoMDEC,-2.6%,0.1%,-1.8%,-1.6%,3.0
2025-03-05 17:30:00+05:30,BR,PPI MoMJAN,,1.48%,,0.4%,3.0
2025-03-05 18:30:00+05:30,BR,S&P Global Services PMIFEB,50.6,47.6,,48.1,2.0
2025-03-05 18:30:00+05:30,BR,S&P Global Composite PMIFEB,51.2,48.2,,48.7,3.0
2025-03-05 18:45:00+05:30,US,ADP Employment ChangeFEB,77K,186K,140K,160.0K,2.0
2025-03-05 19:00:00+05:30,CA,Labor Productivity QoQQ4,0.6%,0.1%,0.6%,0.2%,3.0
2025-03-05 20:00:00+05:30,GB,BoE Gov Bailey Speech,,,,,2.0
2025-03-05 20:00:00+05:30,GB,BoE Pill Speech,,,,,2.0
2025-03-05 20:00:00+05:30,CA,S&P Global Composite PMIFEB,46.8,49.5,,49.8,3.0
2025-03-05 20:00:00+05:30,CA,S&P Global Services PMIFEB,46.6,49,,49.5,3.0
2025-03-05 20:15:00+05:30,US,S&P Global Composite PMI FinalFEB,51.6,52.7,50.4,50.4,2.0
2025-03-05 20:15:00+05:30,US,S&P Global Services PMI FinalFEB,51,52.9,49.7,49.7,2.0
2025-03-05 20:30:00+05:30,US,Factory Orders MoMJAN,1.7%,-0.6%,1.6%,0.8%,2.0
2025-03-05 20:30:00+05:30,US,ISM Services New OrdersFEB,52.2,51.3,,51.2,3.0
2025-03-05 20:30:00+05:30,US,Factory Orders ex TransportationJAN,0.2%,0.3%,,0.3%,3.0
2025-03-05 20:30:00+05:30,US,ISM Services PricesFEB,62.6,60.4,60.0,60.6,3.0
2025-03-05 20:30:00+05:30,US,ISM Services Business ActivityFEB,54.4,54.5,,54.2,3.0
2025-03-05 20:30:00+05:30,US,ISM Services PMIFEB,53.5,52.8,52.6,52.7,1.0
2025-03-05 20:30:00+05:30,US,ISM Services EmploymentFEB,53.9,52.3,,52.1,3.0
2025-03-05 21:00:00+05:30,US,EIA Cushing Crude Oil Stocks ChangeFEB/28,1.124M,1.282M,,,3.0
2025-03-05 21:00:00+05:30,US,EIA Crude Oil Stocks ChangeFEB/28,3.614M,-2.332M,0.9M,,2.0
2025-03-05 21:00:00+05:30,US,EIA Refinery Crude Runs ChangeFEB/28,-0.346M,0.317M,,,3.0
2025-03-05 21:00:00+05:30,US,EIA Gasoline Stocks ChangeFEB/28,-1.433M,0.369M,-1M,,2.0
2025-03-05 21:00:00+05:30,US,EIA Gasoline Production ChangeFEB/28,0.464M,-0.02M,,,3.0
2025-03-05 21:00:00+05:30,US,EIA Distillate Stocks ChangeFEB/28,-1.318M,3.908M,-0.3M,,3.0
2025-03-05 21:00:00+05:30,US,EIA Crude Oil Imports ChangeFEB/28,-0.054M,0.292M,,,3.0
2025-03-05 21:00:00+05:30,US,EIA Distillate Fuel Production ChangeFEB/28,-0.587M,0.439M,,,3.0
2025-03-05 21:00:00+05:30,US,EIA Heating Oil Stocks ChangeFEB/28,-0.067M,0.134M,,,3.0
2025-03-05 21:30:00+05:30,RU,Unemployment RateJAN,2.4%,2.3%,2.3%,2.3%,2.0
2025-03-05 21:30:00+05:30,RU,Real Wage Growth YoYDEC,11.3%,7.3%,7%,7.5%,3.0
2025-03-05 21:30:00+05:30,RU,Business ConfidenceFEB,3.3,3.5,,4.5,3.0
2025-03-05 21:30:00+05:30,RU,Corporate ProfitsDEC,RUB 30.43TT,RUB27.22T,,RUB 27.2T,3.0
2025-03-05 21:30:00+05:30,RU,Retail Sales YoYJAN,5.4%,5.2%,4.1%,6.0%,3.0
2025-03-05 22:00:00+05:30,US,17-Week Bill Auction,4.180%,4.200%,,,3.0
2025-03-05 22:30:00+05:30,KR,30-Year KTB Auction,,2.730%,,,3.0
2025-03-05 22:30:00+05:30,CN,National People’s Congress,,,,,3.0
2025-03-05 22:30:00+05:30,BR,Federal Tax RevenuesJAN,,BRL261.3B,,,3.0
2025-03-05 22:30:00+05:30,KR,2-Year KTB Auction,,2.635%,,,3.0
2025-03-05 22:30:00+05:30,AR,Tax RevenueFEB,,ARS15032B,,,3.0
2025-03-05 22:30:00+05:30,US,Total Vehicle SalesFEB,,15.6M,,,3.0
2025-03-05 22:30:00+05:30,CA,2-Year Bond Auction,2.530%,2.816%,,,3.0
2025-03-05 22:30:00+05:30,BR,BCB Focus Market Readout,,,,,3.0
2025-03-05 22:30:00+05:30,TR,Balance of Trade PrelFEB,$-8.1B,$-7.54B,,$-7.4B,3.0
2025-03-05 22:30:00+05:30,CN,Chinese People's Political Consultative Conference,,,,,3.0
2025-03-06 00:30:00+05:30,US,Fed Beige Book,,,,,3.0
2025-03-06 02:30:00+05:30,KR,Foreign Exchange ReservesFEB,$409.21B,$411B,,$409.0B,3.0
2025-03-06 04:30:00+05:30,KR,Inflation Rate YoYFEB,2%,2.2%,1.95%,2%,2.0
2025-03-06 04:30:00+05:30,KR,Inflation Rate MoMFEB,0.3%,0.7%,0.2%,0.3%,3.0
2025-03-06 05:20:00+05:30,JP,Stock Investment by ForeignersMAR/01,¥-708.3B,¥-1038B,,,3.0
2025-03-06 05:20:00+05:30,JP,Foreign Bond InvestmentMAR/01,¥1514.2B,¥-197B,,,3.0
2025-03-06 06:00:00+05:30,AU,Private House Approvals MoM PrelJAN,1.1%,-2.8%,,-0.3%,3.0
2025-03-06 06:00:00+05:30,AU,Balance of TradeJAN,A$5.620B,A$4.924B,A$5.500B,A$4.9B,1.0
2025-03-06 06:00:00+05:30,AU,Imports MoMJAN,-0.3%,5.9%,,,3.0
2025-03-06 06:00:00+05:30,AU,Building Permits MoM PrelJAN,6.3%,1.7%,0.5%,0.4%,2.0
2025-03-06 06:00:00+05:30,AU,Exports MoMJAN,1.3%,1.2%,,,3.0
2025-03-06 09:05:00+05:30,JP,30-Year JGB Auction,2.500%,2.290%,,,3.0
2025-03-06 09:05:00+05:30,JP,6-Month Bill Auction,0.4373%,0.3716%,,,3.0
2025-03-06 13:30:00+05:30,BR,IPC-Fipe Inflation MoMFEB,0.51%,0.24%,,0.9%,3.0
2025-03-06 13:30:00+05:30,DE,New Car Registrations YoYFEB,-6.4%,-2.8%,,-4.9%,3.0
2025-03-06 14:00:00+05:30,DE,HCOB Construction PMIFEB,41.2,42.5,,44,2.0
2025-03-06 14:00:00+05:30,EA,HCOB Construction PMIFEB,42.7,45.4,45.4,46.4,3.0
2025-03-06 14:00:00+05:30,IT,HCOB Construction PMIFEB,48.2,50.9,,51.1,3.0
2025-03-06 14:00:00+05:30,FR,HCOB Construction PMIFEB,39.8,44.5,,44.9,3.0
2025-03-06 14:30:00+05:30,ZA,Current AccountQ4,ZAR-31.6B,ZAR-55.6B,ZAR -3B,ZAR -200.0B,3.0
2025-03-06 15:00:00+05:30,GB,S&P Global Construction PMIFEB,44.6,48.1,49.5,49,2.0
2025-03-06 15:10:00+05:30,ES,Index-Linked Obligacion Auction,,,,,3.0
2025-03-06 15:10:00+05:30,ES,10-Year Obligacion Auction,3.507%,2.743%,,,3.0
2025-03-06 15:10:00+05:30,ES,Obligacion Auction,,,,,3.0
2025-03-06 15:10:00+05:30,ES,Bonos Auction,,,,,3.0
2025-03-06 15:10:00+05:30,ES,8-Year Index-Linked Obligacion Auction,1.271%,1.112%,,,3.0
2025-03-06 15:10:00+05:30,ES,7-Year Obligacion Auction,3.067%,2.897%,,,3.0
2025-03-06 15:30:00+05:30,FR,18-Year OAT Auction,3.88%,3.77%,,,3.0
2025-03-06 15:30:00+05:30,EA,Retail Sales MoMJAN,-0.3%,0%,0.1%,0.4%,2.0
2025-03-06 15:30:00+05:30,FR,14-Year OAT Auction,3.71%,3.10%,,,3.0
2025-03-06 15:30:00+05:30,FR,OAT Auction,,,,,3.0
2025-03-06 15:30:00+05:30,FR,10-Year OAT Auction,3.51%,3.15%,,,3.0
2025-03-06 15:30:00+05:30,EA,Retail Sales YoYJAN,1.5%,2.2%,1.9%,2%,3.0
2025-03-06 16:30:00+05:30,TR,TCMB Interest Rate Decision,42.5%,45%,42.5%,42.5%,2.0
2025-03-06 16:30:00+05:30,TR,Overnight Lending RateMAR,44%,46.5%,,44%,3.0
2025-03-06 16:30:00+05:30,TR,Overnight Borrowing RateMAR,41%,43.5%,,41%,3.0
2025-03-06 17:00:00+05:30,TR,Foreign Exchange ReservesFEB/28,$94.76B,$97.7B,,,3.0
2025-03-06 17:30:00+05:30,BR,Industrial Production MoMJAN,,-0.3%,,0.6%,2.0
2025-03-06 17:30:00+05:30,BR,Industrial Production YoYJAN,,1.6%,,0.9%,3.0
2025-03-06 18:00:00+05:30,RU,Vehicle Sales YoYFEB,-25.7%,9%,,,3.0
2025-03-06 18:00:00+05:30,US,Challenger Job CutsFEB,172.017K,49.795K,,56.0K,3.0
2025-03-06 18:45:00+05:30,EA,Marginal Lending Rate,2.9%,3.15%,,2.9%,3.0
2025-03-06 18:45:00+05:30,EA,ECB Interest Rate Decision,2.65%,2.9%,2.65%,2.65%,1.0
2025-03-06 18:45:00+05:30,EA,Deposit Facility Rate,2.5%,2.75%,2.5%,2.5%,1.0
2025-03-06 19:00:00+05:30,US,ExportsJAN,$269.8B,$266.5B,,$273.0B,2.0
2025-03-06 19:00:00+05:30,CA,Balance of TradeJAN,C$3.97B,C$1.7B,C$1.3B,C$-0.1B,1.0
2025-03-06 19:00:00+05:30,CA,ExportsJAN,C$74.46B,C$70.59B,,C$68.9B,3.0
2025-03-06 19:00:00+05:30,US,Unit Labour Costs QoQ FinalQ4,2.2%,0.5%,3%,3.0%,3.0
2025-03-06 19:00:00+05:30,CA,ImportsJAN,C$70.49B,C$68.93B,,C$69B,3.0
2025-03-06 19:00:00+05:30,US,ImportsJAN,$401.2B,$364.6B,,$396.0B,2.0
2025-03-06 19:00:00+05:30,US,Initial Jobless ClaimsMAR/01,221K,242K,235K,250.0K,2.0
2025-03-06 19:00:00+05:30,US,Balance of TradeJAN,$-131.4B,$-98.1B,$-127.4B,$-123B,2.0
2025-03-06 19:00:00+05:30,US,Jobless Claims 4-week AverageMAR/01,224.25K,224K,,226.0K,3.0
2025-03-06 19:00:00+05:30,US,Nonfarm Productivity QoQ FinalQ4,1.5%,2.9%,1.2%,1.2%,3.0
2025-03-06 19:00:00+05:30,US,Continuing Jobless ClaimsFEB/22,1897K,1855K,1880K,1870.0K,3.0
2025-03-06 19:15:00+05:30,EA,ECB Press Conference,,,,,1.0
2025-03-06 19:30:00+05:30,US,Total Vehicle SalesFEB,16.0M,15.6M,,,3.0
2025-03-06 20:15:00+05:30,EA,ECB Staff Macroeconomic Projections,,,,,2.0
2025-03-06 20:30:00+05:30,US,Wholesale Inventories MoMJAN,0.8%,-0.4%,0.7%,0.7%,3.0
2025-03-06 20:30:00+05:30,CA,Ivey PMI s.aFEB,55.3,47.1,50.6,49.2,1.0
2025-03-06 20:45:00+05:30,EA,ECB President Lagarde Speech,,,,,2.0
2025-03-06 21:00:00+05:30,WL,Global Supply Chain Pressure IndexFEB,-0.07,-0.19,,,3.0
2025-03-06 21:00:00+05:30,US,EIA Natural Gas Stocks ChangeFEB/28,-80Bcf,-261Bcf,-96Bcf,,3.0
2025-03-06 21:15:00+05:30,BR,6-Month LTN Auction,14.598%,14.451%,,,3.0
2025-03-06 21:15:00+05:30,BR,2-Year LTN Auction,14.782%,14.729%,,,3.0
2025-03-06 21:15:00+05:30,BR,10-Year NTN-F Auction,14.987%,14.954%,,,3.0
2025-03-06 22:00:00+05:30,US,8-Week Bill Auction,4.220%,4.235%,,,3.0
2025-03-06 22:00:00+05:30,US,4-Week Bill Auction,4.230%,4.235%,,,3.0
2025-03-06 22:30:00+05:30,BR,Federal Tax RevenuesJAN,,BRL261.3B,,,3.0
2025-03-06 22:30:00+05:30,BR,6-Month LTN Auction,,14.451%,,,3.0
2025-03-06 22:30:00+05:30,DE,New Car Registrations YoYFEB,,-2.8%,,-4.9%,3.0
2025-03-06 22:30:00+05:30,AR,Tax RevenueFEB,,ARS15032B,,,3.0
2025-03-06 22:30:00+05:30,US,15-Year Mortgage RateMAR/06,5.79%,5.94%,,,3.0
2025-03-06 22:30:00+05:30,CA,10-Year Bond Auction,3.088%,3.033%,,,3.0
2025-03-06 22:30:00+05:30,EU,Special European Council Meeting,,,,,3.0
2025-03-06 22:30:00+05:30,RU,Vehicle Sales YoYFEB,,9%,,,3.0
2025-03-06 22:30:00+05:30,AU,RBA Payments System Board Meeting,,,,,3.0
2025-03-06 22:30:00+05:30,WL,Global Supply Chain Pressure IndexFEB,,-0.31,,,3.0
2025-03-06 22:30:00+05:30,CN,National People’s Congress,,,,,3.0
2025-03-06 22:30:00+05:30,BR,2-Year LTN Auction,,14.729%,,,3.0
2025-03-06 22:30:00+05:30,US,Total Vehicle SalesFEB,,15.6M,,,3.0
2025-03-06 22:30:00+05:30,BR,10-Year NTN-F Auction,,14.954%,,,3.0
2025-03-06 22:30:00+05:30,US,30-Year Mortgage RateMAR/06,6.63%,6.76%,,,3.0
2025-03-06 22:30:00+05:30,CN,Chinese People's Political Consultative Conference,,,,,3.0
2025-03-07 01:45:00+05:30,GB,BoE L Mann Speech,,,,,2.0
2025-03-07 02:00:00+05:30,US,Fed Waller Speech,,,,,2.0
2025-03-07 03:00:00+05:30,US,Fed Balance SheetMAR/05,$6.76T,$6.77T,,,3.0
2025-03-07 04:30:00+05:30,KR,Current AccountJAN,$2.94B,$12.37B,,$6.7B,3.0
2025-03-07 04:30:00+05:30,JP,Foreign Exchange ReservesFEB,,,,,3.0
2025-03-07 05:20:00+05:30,JP,Foreign Exchange ReservesFEB,$1253.3B,$1240.6B,,,3.0
2025-03-07 05:30:00+05:30,US,Fed Bostic Speech,,,,,2.0
2025-03-07 08:30:00+05:30,CN,Exports YoYJAN-FEB,2.3%,10.7%,5%,10.0%,1.0
2025-03-07 08:30:00+05:30,JP,Foreign Exchange ReservesFEB,,,,,3.0
2025-03-07 08:30:00+05:30,CN,Imports YoYJAN-FEB,-8.4%,1%,1%,3.0%,1.0
2025-03-07 08:30:00+05:30,ID,Foreign Exchange ReservesFEB,$154.5B,$156.1B,,$156.0B,3.0
2025-03-07 08:30:00+05:30,CN,Balance of TradeJAN-FEB,$170.52B,$104.84B,$142.4B,$152.0B,1.0
2025-03-07 09:05:00+05:30,JP,3-Month Bill Auction,0.3404%,0.3255%,,,3.0
2025-03-07 11:30:00+05:30,ZA,Foreign Exchange ReservesFEB,$66.26B,$65.88B,,$66.0B,3.0
2025-03-07 11:30:00+05:30,JP,Foreign Exchange ReservesFEB,,,,,3.0
2025-03-07 12:30:00+05:30,GB,Halifax House Price Index MoMFEB,-0.1%,0.6%,0.3%,0.3%,2.0
2025-03-07 12:30:00+05:30,JP,Foreign Exchange ReservesFEB,,,,,2.0
2025-03-07 12:30:00+05:30,GB,Halifax House Price Index YoYFEB,2.9%,2.9%,3.1%,3.0%,2.0
2025-03-07 12:30:00+05:30,DE,Factory Orders MoMJAN,-7.0%,5.9%,-2.8%,-3.2%,2.0
2025-03-07 13:15:00+05:30,FR,Current AccountJAN,€-2.2B,€2.6B,,€1.9B,3.0
2025-03-07 13:15:00+05:30,FR,Balance of TradeJAN,€-6.5B,€-3.5B,€-4.1B,€-4.4B,2.0
2025-03-07 13:15:00+05:30,FR,ImportsJAN,€56.4B,€55.7B,,€53.5B,3.0
2025-03-07 13:15:00+05:30,FR,Foreign Exchange ReservesFEB,€295.98B,€292.59B,,€294B,3.0
2025-03-07 13:15:00+05:30,FR,ExportsJAN,€49.836B,€52.222B,,€49.1B,3.0
2025-03-07 13:30:00+05:30,ES,Industrial Production YoYJAN,-1%,2%,,,3.0
2025-03-07 13:30:00+05:30,CN,Foreign Exchange ReservesFEB,$3.227T,$3.209T,$3.22T,$3.2T,3.0
2025-03-07 13:30:00+05:30,JP,Foreign Exchange ReservesFEB,,,,,3.0
2025-03-07 14:30:00+05:30,CN,Foreign Exchange ReservesFEB,,$3.209T,,,3.0
2025-03-07 14:30:00+05:30,SG,Foreign Exchange ReservesFEB,S$511.6B,S$510.6B,,,3.0
2025-03-07 14:30:00+05:30,JP,Foreign Exchange ReservesFEB,,,,,3.0
2025-03-07 14:30:00+05:30,WL,FAO Food Price IndexFEB,,124.9,,,3.0
2025-03-07 14:40:00+05:30,WL,FAO Food Price IndexFEB,127.1,125.1,,,3.0
2025-03-07 15:00:00+05:30,EA,ECB President Lagarde Speech,,,,,2.0
2025-03-07 15:10:00+05:30,EA,ECB Buch Speech,,,,,3.0
2025-03-07 15:30:00+05:30,EA,Employment Change QoQ FinalQ4,0.1%,0.2%,0.1%,0.1%,3.0
2025-03-07 15:30:00+05:30,EA,Employment Change YoY FinalQ4,0.7%,1%,0.6%,0.6%,3.0
2025-03-07 15:30:00+05:30,JP,Foreign Exchange ReservesFEB,,,,,3.0
2025-03-07 15:30:00+05:30,EA,GDP Growth Rate QoQ 3rd EstQ4,0.2%,0.4%,0.1%,0.1%,2.0
2025-03-07 15:30:00+05:30,EA,GDP Growth Rate YoY 3rd EstQ4,1.2%,1.0%,0.9%,0.9%,3.0
2025-03-07 15:30:00+05:30,GB,BBA Mortgage RateFEB,7.33%,7.46%,,7.45%,3.0
2025-03-07 15:30:00+05:30,CN,Foreign Exchange ReservesFEB,,$3.209T,,,3.0
2025-03-07 17:00:00+05:30,IN,Foreign Exchange ReservesFEB/28,$638.7B,$640.48B,,,3.0
2025-03-07 17:00:00+05:30,BR,Car Production MoMFEB,,-7.7%,,3.%,3.0
2025-03-07 17:00:00+05:30,BR,Bank Lending MoMJAN,,1.4%,,-0.3%,3.0
2025-03-07 17:30:00+05:30,MX,Core Inflation Rate YoYFEB,3.65%,3.66%,3.62%,3.6%,3.0
2025-03-07 17:30:00+05:30,MX,Auto Production YoYFEB,-0.8%,1.7%,,0.5%,3.0
2025-03-07 17:30:00+05:30,BR,GDP Growth Rate YoYQ4,3.6%,4%,4.1%,4.2%,2.0
2025-03-07 17:30:00+05:30,MX,Inflation Rate YoYFEB,3.77%,3.59%,3.77%,3.7%,2.0
2025-03-07 17:30:00+05:30,MX,Core Inflation Rate MoMFEB,0.48%,0.41%,0.46%,0.4%,3.0
2025-03-07 17:30:00+05:30,BR,GDP Growth Rate QoQQ4,0.2%,0.7%,0.5%,0.5%,2.0
2025-03-07 17:30:00+05:30,JP,Foreign Exchange ReservesFEB,,,,,3.0
2025-03-07 17:30:00+05:30,CN,Foreign Exchange ReservesFEB,,$3.209T,,,3.0
2025-03-07 17:30:00+05:30,MX,Auto Exports YoYFEB,-9.2%,-13.7%,,-15.0%,3.0
2025-03-07 17:30:00+05:30,MX,Inflation Rate MoMFEB,0.28%,0.29%,0.27%,0.2%,2.0
2025-03-07 18:30:00+05:30,BR,Car Production MoMFEB,,-7.7%,,3.%,3.0
2025-03-07 18:30:00+05:30,RU,Foreign Exchange ReservesFEB,$632.4B,$620.8B,,$620.5B,3.0
2025-03-07 19:00:00+05:30,US,Participation RateFEB,62.4%,62.6%,,62.6%,2.0
2025-03-07 19:00:00+05:30,US,Unemployment RateFEB,4.1%,4%,4%,4.0%,1.0
2025-03-07 19:00:00+05:30,CA,Average Hourly Wages YoYFEB,4%,3.7%,,3.5%,3.0
2025-03-07 19:00:00+05:30,CA,Part Time Employment ChgFEB,20.8K,40.9K,,5K,2.0
2025-03-07 19:00:00+05:30,US,Average Weekly HoursFEB,34.1,34.1,34.2,34.1,3.0
2025-03-07 19:00:00+05:30,US,Government PayrollsFEB,11K,44K,,-20.0K,3.0
2025-03-07 19:00:00+05:30,US,Average Hourly Earnings MoMFEB,0.3%,0.4%,0.3%,0.3%,2.0
2025-03-07 19:00:00+05:30,CA,Unemployment RateFEB,6.6%,6.6%,6.7%,6.6%,1.0
2025-03-07 19:00:00+05:30,US,Non Farm PayrollsFEB,151K,125K,160K,150.0K,1.0
2025-03-07 19:00:00+05:30,US,Nonfarm Payrolls PrivateFEB,140K,81K,142K,170.0K,3.0
2025-03-07 19:00:00+05:30,CA,Capacity UtilizationQ4,79.8%,79.4%,79.3%,79.4%,3.0
2025-03-07 19:00:00+05:30,CA,Full Time Employment ChgFEB,-19.7K,35.2K,,10.0K,2.0
2025-03-07 19:00:00+05:30,US,Average Hourly Earnings YoYFEB,4%,3.9%,4.1%,4.1%,2.0
2025-03-07 19:00:00+05:30,CA,Participation RateFEB,65.3%,65.5%,,65.6%,2.0
2025-03-07 19:00:00+05:30,US,U-6 Unemployment RateFEB,8%,7.5%,,7.6%,3.0
2025-03-07 19:00:00+05:30,JP,Foreign Exchange ReservesFEB,,,,,3.0
2025-03-07 19:00:00+05:30,US,Manufacturing PayrollsFEB,10K,-5K,5K,6.0K,3.0
2025-03-07 19:00:00+05:30,CN,Foreign Exchange ReservesFEB,,$3.209T,,,3.0
2025-03-07 19:00:00+05:30,CA,Employment ChangeFEB,1.1K,76K,20K,15.0K,2.0
2025-03-07 19:30:00+05:30,US,Used Car Prices MoMFEB,-0.7%,0.4%,,,3.0
2025-03-07 19:30:00+05:30,US,Used Car Prices YoYFEB,0.1%,0.8%,,,3.0
2025-03-07 20:00:00+05:30,TR,Treasury Cash BalanceFEB,TRY-397.602B,TRY-205.018B,,,3.0
2025-03-07 20:00:00+05:30,CN,Foreign Exchange ReservesFEB,,$3.209T,,,3.0
2025-03-07 20:00:00+05:30,US,Used Car Prices MoMFEB,,0.4%,,,3.0
2025-03-07 20:00:00+05:30,JP,Foreign Exchange ReservesFEB,,$1240.6B,,,3.0
2025-03-07 20:00:00+05:30,US,Used Car Prices YoYFEB,,0.8%,,,3.0
2025-03-07 20:30:00+05:30,GB,BoE L Mann Speech,,,,,3.0
2025-03-07 20:45:00+05:30,US,Fed Bowman Speech,,,,,2.0
2025-03-07 21:15:00+05:30,US,Fed Williams Speech,,,,,2.0
2025-03-07 22:50:00+05:30,US,Fed Kugler Speech,,,,,2.0
2025-03-07 23:00:00+05:30,US,Fed Chair Powell Speech,,,,,1.0
2025-03-07 23:30:00+05:30,US,Baker Hughes Total Rigs CountMAR/07,592,593,,,3.0
2025-03-07 23:30:00+05:30,US,Fed Kugler Speech,,,,,2.0
2025-03-07 23:30:00+05:30,US,Used Car Prices MoMFEB,,0.4%,,,3.0
2025-03-07 23:30:00+05:30,AR,Tax RevenueFEB,,ARS15032B,,,3.0
2025-03-07 23:30:00+05:30,US,Baker Hughes Oil Rig CountMAR/07,486,486,,,3.0
2025-03-07 23:30:00+05:30,CN,Foreign Exchange ReservesFEB,,$3.209T,$3.22T,$3.2T,3.0
2025-03-07 23:30:00+05:30,CN,National People’s Congress,,,,,3.0
2025-03-07 23:30:00+05:30,BR,Balance of TradeFEB,$-0.3B,$2.26B,$1.9B,$1.8B,2.0
2025-03-07 23:30:00+05:30,JP,Foreign Exchange ReservesFEB,$1253.3B,$1240.6B,,,3.0
2025-03-07 23:30:00+05:30,BR,Federal Tax RevenuesJAN,,BRL261.3B,,,3.0
2025-03-07 23:30:00+05:30,CN,Chinese People's Political Consultative Conference,,,,,3.0
2025-03-07 23:30:00+05:30,US,Used Car Prices YoYFEB,,0.8%,,,3.0
2025-03-08 00:30:00+05:30,AR,Industrial Production YoYJAN,7.1%,8.4%,,6.0%,3.0
2025-03-08 01:30:00+05:30,US,Consumer Credit ChangeJAN,$18.08B,$37.05B,$14.5B,$ -3.0B,3.0
2025-03-08 01:30:00+05:30,AR,Tax RevenueFEB,,ARS15032B,,,3.0
2025-03-08 01:30:00+05:30,CN,National People’s Congress,,,,,3.0
2025-03-08 01:30:00+05:30,CN,Chinese People's Political Consultative Conference,,,,,3.0
2025-03-09 07:00:00+05:30,CN,Inflation Rate YoYFEB,-0.7%,0.5%,-0.5%,-0.4%,1.0
2025-03-09 07:00:00+05:30,CN,National People’s Congress,,,,,2.0
2025-03-09 07:00:00+05:30,SA,GDP Growth Rate YoY FinalQ4,,2.8%,4.4%,4.4%,2.0
2025-03-09 07:00:00+05:30,CN,PPI YoYFEB,-2.2%,-2.3%,-2.1%,-2.0%,2.0
2025-03-09 07:00:00+05:30,CN,Inflation Rate MoMFEB,-0.2%,0.7%,-0.1%,0%,2.0
2025-03-09 07:00:00+05:30,CN,Chinese People's Political Consultative Conference,,,,,2.0
2025-03-09 17:20:00+05:30,CN,Chinese People's Political Consultative Conference,,,,,3.0
2025-03-09 17:20:00+05:30,CN,National People’s Congress,,,,,3.0
2025-03-09 17:20:00+05:30,SA,GDP Growth Rate YoY FinalQ4,4.5%,2.8%,4.4%,4.4%,3.0
2025-03-10 05:00:00+05:30,JP,Average Cash Earnings YoYJAN,2.8%,4.4%,3.2%,3.5%,3.0
2025-03-10 05:00:00+05:30,JP,Overtime Pay YoYJAN,3.1%,0.8%,,1.5%,3.0
2025-03-10 05:20:00+05:30,JP,Current AccountJAN,¥-257.6B,¥1077.3B,¥-230.5B,¥-70.0B,2.0
2025-03-10 05:20:00+05:30,JP,Bank Lending YoYFEB,3.1%,3%,3.1%,3.0%,3.0
2025-03-10 05:50:00+05:30,ID,Motorbike Sales YoYFEB,4.0%,-5.5%,,-4%,3.0
2025-03-10 07:15:00+05:30,SG,Unemployment Rate FinalQ4,,1.9%,1.9%,1.9%,3.0
2025-03-10 09:05:00+05:30,JP,5-Year JGB Auction,1.157%,0.982%,,,3.0
2025-03-10 10:30:00+05:30,JP,Leading Economic Index PrelJAN,108.0,107.9,108.4,108.7,3.0
2025-03-10 10:30:00+05:30,SA,Industrial Production YoYJAN,,2.1%,,3.1%,3.0
2025-03-10 10:30:00+05:30,JP,Coincident Index PrelJAN,116.2,116.1,,117,3.0
2025-03-10 10:30:00+05:30,JP,Eco Watchers Survey OutlookFEB,,48.0,,48.6,3.0
2025-03-10 10:30:00+05:30,JP,Eco Watchers Survey CurrentFEB,,48.6,48.5,49,3.0
2025-03-10 10:30:00+05:30,KR,3-Year KTB Auction,2.586%,2.615%,,,3.0
2025-03-10 10:30:00+05:30,ID,Car Sales YoYFEB,,-11.3%,,,3.0
2025-03-10 11:30:00+05:30,JP,Eco Watchers Survey CurrentFEB,45.6,48.6,48.5,49,3.0
2025-03-10 11:30:00+05:30,JP,Eco Watchers Survey OutlookFEB,46.6,48.0,,48.6,3.0
2025-03-10 12:30:00+05:30,DE,Industrial Production MoMJAN,2%,-1.5%,1.5%,1.5%,2.0
2025-03-10 12:30:00+05:30,TR,Industrial Production YoYJAN,1.2%,7%,,8.0%,2.0
2025-03-10 12:30:00+05:30,TR,Industrial Production MoMJAN,-2.3%,5%,,-2.9%,3.0
2025-03-10 12:30:00+05:30,DE,Imports MoMJAN,1.2%,1.6%,,,3.0
2025-03-10 12:30:00+05:30,DE,Balance of TradeJAN,€16B,€20.7B,€21B,€21.5B,1.0
2025-03-10 12:30:00+05:30,ID,Car Sales YoYFEB,,-11.3%,,,3.0
2025-03-10 12:30:00+05:30,SA,Industrial Production YoYJAN,,2.1%,,3.1%,3.0
2025-03-10 12:30:00+05:30,DE,Exports MoMJAN,-2.5%,2.5%,,,2.0
2025-03-10 14:30:00+05:30,ID,Car Sales YoYFEB,,-11.3%,,,3.0
2025-03-10 14:30:00+05:30,EA,Eurogroup Meeting,,,,,3.0
2025-03-10 14:30:00+05:30,SA,Industrial Production YoYJAN,,2.1%,,3.1%,3.0
2025-03-10 14:30:00+05:30,IT,PPI MoMJAN,1.6%,0.6%,,0.3%,3.0
2025-03-10 14:30:00+05:30,IT,PPI YoYJAN,4.4%,1.1%,,0.5%,3.0
2025-03-10 17:30:00+05:30,ID,Car Sales YoYFEB,,-11.3%,,,2.0
2025-03-10 17:30:00+05:30,MX,Consumer ConfidenceFEB,46.3,46.6,,46,2.0
2025-03-10 17:30:00+05:30,EA,Eurogroup Meeting,,,,,2.0
2025-03-10 17:30:00+05:30,SA,Industrial Production YoYJAN,,2.1%,,3.1%,2.0
2025-03-10 18:30:00+05:30,EA,ECB Nagel Speech,,,,,2.0
2025-03-10 19:30:00+05:30,SA,Industrial Production YoYJAN,,2.1%,,3.1%,3.0
2025-03-10 19:30:00+05:30,FR,3-Month BTF Auction,2.395%,2.396%,,,3.0
2025-03-10 19:30:00+05:30,EA,Eurogroup Meeting,,,,,3.0
2025-03-10 19:30:00+05:30,FR,12-Month BTF Auction,2.287%,2.239%,,,3.0
2025-03-10 19:30:00+05:30,FR,6-Month BTF Auction,2.363%,2.339%,,,3.0
2025-03-10 19:30:00+05:30,ID,Car Sales YoYFEB,,-11.3%,,,3.0
2025-03-10 20:30:00+05:30,SA,Industrial Production YoYJAN,,2.1%,,3.1%,3.0
2025-03-10 20:30:00+05:30,ID,Car Sales YoYFEB,,-11.3%,,,3.0
2025-03-10 20:30:00+05:30,EA,Eurogroup Meeting,,,,,3.0
2025-03-10 20:30:00+05:30,US,Consumer Inflation ExpectationsFEB,3.1%,3%,,3.2%,3.0
2025-03-10 21:00:00+05:30,US,6-Month Bill Auction,4.075%,4.135%,,,3.0
2025-03-10 21:00:00+05:30,BR,Federal Tax RevenuesJAN,,BRL261.3B,,,3.0
2025-03-10 21:00:00+05:30,SA,Industrial Production YoYJAN,,2.1%,,3.1%,3.0
2025-03-10 21:00:00+05:30,CN,Chinese People's Political Consultative Conference,,,,,3.0
2025-03-10 21:00:00+05:30,CN,National People’s Congress,,,,,3.0
2025-03-10 21:00:00+05:30,US,3-Month Bill Auction,4.200%,4.210%,,,3.0
2025-03-10 21:00:00+05:30,EA,Eurogroup Meeting,,,,,3.0
2025-03-10 21:00:00+05:30,ID,Car Sales YoYFEB,,-11.3%,,-7%,3.0
2025-03-10 21:00:00+05:30,BR,BCB Focus Market Readout,,,,,3.0
2025-03-10 22:00:00+05:30,ID,Car Sales YoYFEB,,-11.3%,,,3.0
2025-03-10 22:00:00+05:30,US,3-Month Bill Auction,,4.210%,,,3.0
2025-03-10 22:00:00+05:30,US,6-Month Bill Auction,,4.135%,,,3.0
2025-03-10 22:00:00+05:30,SA,Industrial Production YoYJAN,,2.1%,,3.1%,3.0
2025-03-10 22:00:00+05:30,BR,BCB Focus Market Readout,,,,,3.0
2025-03-10 22:00:00+05:30,EA,Eurogroup Meeting,,,,,3.0
2025-03-11 05:00:00+05:30,JP,Household Spending MoMJAN,-4.5%,2.3%,-1.9%,-0.4%,2.0
2025-03-11 05:00:00+05:30,JP,Household Spending YoYJAN,0.8%,2.7%,3.6%,3.6%,2.0
2025-03-11 05:00:00+05:30,AU,Westpac Consumer Confidence ChangeMAR,4%,0.1%,,-0.3%,1.0
2025-03-11 05:00:00+05:30,AU,Westpac Consumer Confidence IndexMAR,95.9,92.2,,92,2.0
2025-03-11 05:20:00+05:30,JP,GDP Price Index YoY FinalQ4,2.9%,2.4%,2.8%,2.8%,3.0
2025-03-11 05:20:00+05:30,JP,GDP Growth Annualized FinalQ4,2.2%,1.4%,,2.8%,2.0
2025-03-11 05:20:00+05:30,JP,GDP Growth Rate QoQ FinalQ4,0.6%,0.4%,0.7%,0.7%,2.0
2025-03-11 05:20:00+05:30,JP,GDP External Demand QoQ FinalQ4,0.7%,-0.1%,0.7%,0.7%,3.0
2025-03-11 05:20:00+05:30,JP,GDP Private Consumption QoQ FinalQ4,0.0%,0.7%,0.1%,0.1%,3.0
2025-03-11 05:20:00+05:30,JP,GDP Capital Expenditure QoQ FinalQ4,0.6%,-0.1%,0.3%,0.5%,3.0
2025-03-11 05:31:00+05:30,GB,BRC Retail Sales Monitor YoYFEB,0.9%,2.5%,2.4%,2.3%,2.0
2025-03-11 06:00:00+05:30,AU,NAB Business ConfidenceFEB,-1,5,,6,1.0
2025-03-11 06:00:00+05:30,EA,ECOFIN Meeting,,,,,1.0
2025-03-11 08:15:00+05:30,SA,Industrial Production YoYJAN,1.3%,1.8%,,3.1%,3.0
2025-03-11 08:30:00+05:30,ID,Consumer ConfidenceFEB,126.4,127.2,,127.5,3.0
2025-03-11 08:30:00+05:30,ID,Car Sales YoYFEB,2.2%,-11.3%,,-7%,3.0
2025-03-11 08:30:00+05:30,ID,Motorbike Sales YoYFEB,,-6.0%,,,3.0
2025-03-11 08:30:00+05:30,EA,ECOFIN Meeting,,,,,3.0
2025-03-11 10:30:00+05:30,SG,MAS 12-Week Bill Auction,2.62%,2.78%,,,3.0
2025-03-11 10:30:00+05:30,ID,Motorbike Sales YoYFEB,,-6.0%,,,3.0
2025-03-11 10:30:00+05:30,EA,ECOFIN Meeting,,,,,3.0
2025-03-11 10:30:00+05:30,SG,MAS 4-Week Bill Auction,2.63%,2.78%,,,3.0
2025-03-11 11:30:00+05:30,EA,ECOFIN Meeting,,,,,3.0
2025-03-11 11:30:00+05:30,JP,Machine Tool Orders YoYFEB,3.5%,4.7%,4.7%,3.5%,3.0
2025-03-11 11:30:00+05:30,ID,Motorbike Sales YoYFEB,,-6.0%,,,3.0
2025-03-11 12:30:00+05:30,TR,Retail Sales MoMJAN,2%,0.8%,,0.6%,3.0
2025-03-11 12:30:00+05:30,TR,Auto Production YoYFEB,,-2.8%,,,3.0
2025-03-11 12:30:00+05:30,TR,Retail Sales YoYJAN,12.5%,14%,,12.9%,3.0
2025-03-11 12:30:00+05:30,ID,Motorbike Sales YoYFEB,,-6.0%,,,3.0
2025-03-11 12:30:00+05:30,EA,ECOFIN Meeting,,,,,3.0
2025-03-11 12:30:00+05:30,TR,Auto Sales YoYFEB,,-13.9%,,,3.0
2025-03-11 12:45:00+05:30,CN,Vehicle Sales YoYFEB,34.4%,-0.6%,,2.0%,3.0
2025-03-11 15:10:00+05:30,ES,9-Month Letras Auction,2.269%,2.248%,,,3.0
2025-03-11 15:10:00+05:30,ES,3-Month Letras Auction,2.359%,2.431%,,,3.0
2025-03-11 15:30:00+05:30,US,NFIB Business Optimism IndexFEB,100.7,102.8,101,102,3.0
2025-03-11 16:00:00+05:30,EA,ECOFIN Meeting,,,,,3.0
2025-03-11 16:00:00+05:30,TR,Auto Sales YoYFEB,,-13.9%,,,3.0
2025-03-11 16:00:00+05:30,ID,Motorbike Sales YoYFEB,,-6.0%,,,3.0
2025-03-11 16:00:00+05:30,DE,2-Year Schatz Auction,2.22%,2.14%,,,3.0
2025-03-11 16:00:00+05:30,TR,Auto Production YoYFEB,,-2.8%,,,3.0
2025-03-11 17:30:00+05:30,TR,Auto Production YoYFEB,,-2.8%,,,3.0
2025-03-11 17:30:00+05:30,ID,Motorbike Sales YoYFEB,,-6.0%,,,3.0
2025-03-11 17:30:00+05:30,TR,Auto Sales YoYFEB,,-13.9%,,,3.0
2025-03-11 17:30:00+05:30,EA,ECOFIN Meeting,,,,,3.0
2025-03-11 17:30:00+05:30,BR,Industrial Production MoMJAN,0%,-0.3%,0.5%,0.6%,2.0
2025-03-11 17:30:00+05:30,BR,Industrial Production YoYJAN,1.4%,1.4%,2.3%,2.4%,3.0
2025-03-11 18:30:00+05:30,US,Redbook YoYMAR/08,5.7%,6.6%,,,3.0
2025-03-11 19:25:00+05:30,US,Redbook YoYMAR/08,5.7%,6.6%,,,3.0
2025-03-11 19:30:00+05:30,TR,Auto Sales YoYFEB,,-13.9%,,,3.0
2025-03-11 19:30:00+05:30,TR,Auto Production YoYFEB,,-2.8%,,,3.0
2025-03-11 19:30:00+05:30,US,JOLTs Job QuitsJAN,3.266M,3.095M,,3.21M,3.0
2025-03-11 19:30:00+05:30,US,JOLTs Job OpeningsJAN,7.74M,7.508M,7.63M,7.5M,1.0
2025-03-11 19:30:00+05:30,EA,ECOFIN Meeting,,,,,3.0
2025-03-11 19:30:00+05:30,ID,Motorbike Sales YoYFEB,,-6.0%,,,3.0
2025-03-11 19:45:00+05:30,DE,Bundesbank Köhler-Geib Speech,,,,,3.0
2025-03-11 21:00:00+05:30,US,6-Week Bill Auction,4.235%,4.240%,,,3.0
2025-03-11 21:30:00+05:30,TR,Auto Production YoYFEB,,-2.8%,,,3.0
2025-03-11 21:30:00+05:30,ID,Motorbike Sales YoYFEB,,-6.0%,,,3.0
2025-03-11 21:30:00+05:30,US,WASDE Report,,,,,3.0
2025-03-11 21:30:00+05:30,TR,Auto Sales YoYFEB,,-13.9%,,,3.0
2025-03-11 21:30:00+05:30,EA,ECOFIN Meeting,,,,,3.0
2025-03-11 22:30:00+05:30,BR,Federal Tax RevenuesJAN,,BRL261.3B,,,3.0
2025-03-11 22:30:00+05:30,AR,Tax RevenueFEB,,ARS15032B,,,3.0
2025-03-11 22:30:00+05:30,US,3-Year Note Auction,3.908%,4.300%,,,3.0
2025-03-11 22:30:00+05:30,ID,Motorbike Sales YoYFEB,,-6.0%,,-4%,3.0
2025-03-11 22:30:00+05:30,SA,Industrial Production YoYJAN,,2.1%,,3.1%,3.0
2025-03-11 22:30:00+05:30,CN,National People’s Congress,,,,,3.0
2025-03-11 22:30:00+05:30,TR,Auto Sales YoYFEB,,-13.9%,,-14.0%,3.0
2025-03-11 22:30:00+05:30,TR,Auto Production YoYFEB,,-2.8%,,-3.0%,3.0
2025-03-11 22:30:00+05:30,EA,ECOFIN Meeting,,,,,3.0
2025-03-11 22:30:00+05:30,ID,Car Sales YoYFEB,,-11.3%,,-7%,3.0
2025-03-12 02:00:00+05:30,US,API Crude Oil Stock ChangeMAR/07,4.247M,-1.455M,2.1M,,2.0
2025-03-12 05:20:00+05:30,JP,BSI Large Manufacturing QoQQ1,-2.4%,6.3%,6.5%,8.0%,3.0
2025-03-12 05:20:00+05:30,JP,PPI YoYFEB,4%,4.2%,4%,4.1%,3.0
2025-03-12 05:20:00+05:30,JP,PPI MoMFEB,0.0%,0.3%,-0.1%,0%,3.0
2025-03-12 05:30:00+05:30,KR,Unemployment RateFEB,2.7%,2.9%,,3.0%,2.0
2025-03-12 08:45:00+05:30,ID,Retail Sales YoYJAN,,1.8%,,0.4%,3.0
2025-03-12 09:05:00+05:30,JP,20-Year JGB Auction,2.278%,2.028%,,,3.0
2025-03-12 12:20:00+05:30,ID,Retail Sales YoYJAN,0.5%,1.8%,,0.4%,3.0
2025-03-12 12:30:00+05:30,IN,Passenger Vehicles Sales YoYFEB,,3.5%,,,3.0
2025-03-12 12:30:00+05:30,TR,Current AccountJAN,$-3.795B,$-4.65B,,$-5.0B,3.0
2025-03-12 13:30:00+05:30,ES,Retail Sales MoMJAN,-1.4%,1.5%,,-0.3%,3.0
2025-03-12 13:30:00+05:30,ES,Retail Sales YoYJAN,2.2%,4%,,3.2%,3.0
2025-03-12 13:30:00+05:30,IN,Passenger Vehicles Sales YoYFEB,,3.5%,,,3.0
2025-03-12 14:15:00+05:30,EA,ECB President Lagarde Speech,,,,,2.0
2025-03-12 15:30:00+05:30,GB,10-Year Treasury Gilt Auction,4.679%,4.808%,,,3.0
2025-03-12 15:40:00+05:30,IT,12-Month BOT Auction,2.337%,2.323%,,,3.0
2025-03-12 16:00:00+05:30,IN,Manufacturing Production YoYJAN,5.5%,3.4%,,3.1%,2.0
2025-03-12 16:00:00+05:30,IN,Inflation Rate MoMFEB,-0.47%,-1%,,0.5%,3.0
2025-03-12 16:00:00+05:30,IN,Inflation Rate YoYFEB,3.61%,4.26%,4%,4.2%,2.0
2025-03-12 16:00:00+05:30,IN,Industrial Production YoYJAN,5%,3.5%,3.5%,3.4%,2.0
2025-03-12 16:00:00+05:30,DE,10-Year Bund Auction,2.92%,2.52%,,,3.0
2025-03-12 16:00:00+05:30,IN,Passenger Vehicles Sales YoYFEB,,3.5%,,,3.0
2025-03-12 16:30:00+05:30,US,MBA Mortgage Market IndexMAR/07,269.3,242.2,,,3.0
2025-03-12 16:30:00+05:30,IN,Passenger Vehicles Sales YoYFEB,,3.5%,,,3.0
2025-03-12 16:30:00+05:30,US,MBA Mortgage ApplicationsMAR/07,11.2%,20.4%,,,3.0
2025-03-12 16:30:00+05:30,US,MBA Mortgage Refinance IndexMAR/07,911.3,784.2,,,3.0
2025-03-12 16:30:00+05:30,US,MBA 30-Year Mortgage RateMAR/07,6.67%,6.73%,,,2.0
2025-03-12 16:30:00+05:30,US,MBA Purchase IndexMAR/07,154.6,144.5,,,3.0
2025-03-12 17:00:00+05:30,BR,Gross Debt to GDPJAN,,76.1%,,76.2%,3.0
2025-03-12 17:00:00+05:30,BR,Nominal Budget BalanceJAN,,BRL-80.372B,BRL35.3B,BRL 19.0B,3.0
2025-03-12 17:30:00+05:30,BR,Inflation Rate MoMFEB,1.31%,0.16%,1.3%,1.1%,2.0
2025-03-12 17:30:00+05:30,BR,Inflation Rate YoYFEB,5.06%,4.56%,5%,4.9%,2.0
2025-03-12 18:00:00+05:30,ZA,Annual Budget Speech,,,,,2.0
2025-03-12 18:00:00+05:30,US,CPI s.aFEB,319.775,319.086,,320,2.0
2025-03-12 18:00:00+05:30,US,Core Inflation Rate YoYFEB,3.1%,3.3%,3.2%,3.1%,1.0
2025-03-12 18:00:00+05:30,US,Inflation Rate MoMFEB,0.2%,0.5%,0.3%,0.3%,1.0
2025-03-12 18:00:00+05:30,US,Core Inflation Rate MoMFEB,0.2%,0.4%,0.3%,0.3%,1.0
2025-03-12 18:00:00+05:30,IN,Passenger Vehicles Sales YoYFEB,,3.5%,,,2.0
2025-03-12 18:00:00+05:30,US,CPIFEB,319.082,317.67,319.22,319.3,2.0
2025-03-12 18:00:00+05:30,CA,BoC Interest Rate Decision,,3%,2.75%,2.75%,1.0
2025-03-12 18:00:00+05:30,US,Inflation Rate YoYFEB,2.8%,3%,2.9%,2.9%,1.0
2025-03-12 18:00:00+05:30,OP,OPEC Monthly Report,,,,,2.0
2025-03-12 18:30:00+05:30,IN,Passenger Vehicles Sales YoYFEB,,3.5%,,,3.0
2025-03-12 18:30:00+05:30,BR,New Car Registrations MoMFEB,,-33.5%,,5.8%,3.0
2025-03-12 18:30:00+05:30,ZA,Annual Budget Speech,,,,,3.0
2025-03-12 18:30:00+05:30,OP,OPEC Monthly Report,,,,,3.0
2025-03-12 18:30:00+05:30,BR,Car Production MoMFEB,,-7.7%,,3.%,3.0
2025-03-12 19:15:00+05:30,CA,BoC Interest Rate Decision,2.75%,3%,2.75%,2.75%,1.0
2025-03-12 19:15:00+05:30,EA,ECB Nagel Speech,,,,,2.0
2025-03-12 19:20:00+05:30,BR,Business ConfidenceMAR,,49.1,,48.9,2.0
2025-03-12 20:00:00+05:30,ZA,Annual Budget Speech,,,,,3.0
2025-03-12 20:00:00+05:30,IN,Passenger Vehicles Sales YoYFEB,,3.5%,,,3.0
2025-03-12 20:00:00+05:30,US,EIA Heating Oil Stocks ChangeMAR/07,-0.183M,-0.067M,,,3.0
2025-03-12 20:00:00+05:30,US,EIA Gasoline Production ChangeMAR/07,-0.078M,0.464M,,,3.0
2025-03-12 20:00:00+05:30,US,EIA Crude Oil Imports ChangeMAR/07,0.503M,-0.054M,,,3.0
2025-03-12 20:00:00+05:30,US,EIA Cushing Crude Oil Stocks ChangeMAR/07,-1.228M,1.124M,,,3.0
2025-03-12 20:00:00+05:30,US,EIA Refinery Crude Runs ChangeMAR/07,0.321M,-0.346M,,,3.0
2025-03-12 20:00:00+05:30,OP,OPEC Monthly Report,,,,,3.0
2025-03-12 20:00:00+05:30,CA,BoC Press Conference,,,,,2.0
2025-03-12 20:00:00+05:30,US,EIA Distillate Fuel Production ChangeMAR/07,-0.113M,-0.587M,,,3.0
2025-03-12 20:00:00+05:30,US,EIA Crude Oil Stocks ChangeMAR/07,1.448M,3.614M,2M,,2.0
2025-03-12 20:00:00+05:30,US,EIA Distillate Stocks ChangeMAR/07,-1.559M,-1.318M,-1.3M,,3.0
2025-03-12 20:00:00+05:30,US,EIA Gasoline Stocks ChangeMAR/07,-5.737M,-1.433M,-2M,,2.0
2025-03-12 20:15:00+05:30,CA,BoC Interest Rate Decision,,,,,1.0
2025-03-12 20:45:00+05:30,EA,ECB Lane Speech,,,,,2.0
2025-03-12 21:00:00+05:30,CA,BoC Press Conference,,,,,2.0
2025-03-12 21:00:00+05:30,IN,Passenger Vehicles Sales YoYFEB,,3.5%,,,3.0
2025-03-12 21:00:00+05:30,US,17-Week Bill Auction,4.175%,4.180%,,,3.0
2025-03-12 21:00:00+05:30,ZA,Annual Budget Speech,,,,,3.0
2025-03-12 21:00:00+05:30,OP,OPEC Monthly Report,,,,,3.0
2025-03-12 21:30:00+05:30,OP,OPEC Monthly Report,,,,,2.0
2025-03-12 21:30:00+05:30,IN,Passenger Vehicles Sales YoYFEB,,3.5%,,,2.0
2025-03-12 21:30:00+05:30,RU,Inflation Rate YoYFEB,10.1%,9.9%,10.1%,10.3%,2.0
2025-03-12 21:30:00+05:30,RU,Inflation Rate MoMFEB,0.8%,1.2%,0.8%,1.0%,2.0
2025-03-12 21:30:00+05:30,ZA,Annual Budget Speech,,,,,2.0
2025-03-12 22:30:00+05:30,ZA,Annual Budget Speech,,,,,3.0
2025-03-12 22:30:00+05:30,IN,Passenger Vehicles Sales YoYFEB,,3.5%,,,3.0
2025-03-12 22:30:00+05:30,OP,OPEC Monthly Report,,,,,3.0
2025-03-12 22:30:00+05:30,US,10-Year Note Auction,4.310%,4.632%,,,3.0
2025-03-12 23:30:00+05:30,ZA,Annual Budget Speech,,,,,2.0
2025-03-12 23:30:00+05:30,BR,Federal Tax RevenuesJAN,,BRL261.3B,,,2.0
2025-03-12 23:30:00+05:30,ID,Retail Sales YoYJAN,,1.8%,,0.4%,2.0
2025-03-12 23:30:00+05:30,TR,Auto Production YoYFEB,,-2.8%,,-3.0%,2.0
2025-03-12 23:30:00+05:30,TR,Auto Sales YoYFEB,,-13.9%,,-14.0%,2.0
2025-03-12 23:30:00+05:30,US,Monthly Budget StatementFEB,$-307B,$-129B,$-303.2B,$-290.0B,2.0
2025-03-12 23:30:00+05:30,AR,Tax RevenueFEB,,ARS15032B,,,2.0
2025-03-12 23:30:00+05:30,IN,Passenger Vehicles Sales YoYFEB,,3.5%,,,2.0
2025-03-12 23:30:00+05:30,OP,OPEC Monthly Report,,,,,2.0
2025-03-13 04:30:00+05:30,KR,Unemployment RateFEB,,2.9%,,3.0%,2.0
2025-03-13 05:20:00+05:30,JP,Stock Investment by ForeignersMAR/08,¥-220.5B,¥-708.3B,,,3.0
2025-03-13 05:20:00+05:30,JP,Foreign Bond InvestmentMAR/08,¥-355.9B,¥1514.2B,,,3.0
2025-03-13 05:31:00+05:30,GB,RICS House Price BalanceFEB,11%,21%,20%,20.0%,2.0
2025-03-13 06:00:00+05:30,AU,Building Permits MoM FinalJAN,6.3%,0.7%,6.3%,6.3%,3.0
2025-03-13 06:00:00+05:30,AU,Private House Approvals MoM FinalJAN,1.1%,-3.0%,1.1%,1.1%,3.0
2025-03-13 08:00:00+05:30,AU,RBA Jones Speech,,,,,2.0
2025-03-13 10:30:00+05:30,SG,6-Month T-Bill Auction,2.56%,2.75%,,,3.0
2025-03-13 12:55:00+05:30,IN,Passenger Vehicles Sales YoYFEB,3.7%,3.5%,,,3.0
2025-03-13 14:30:00+05:30,DE,Bundesbank Köhler-Geib Speech,,,,,3.0
2025-03-13 14:30:00+05:30,FR,IEA Oil Market Report,,,,,2.0
2025-03-13 15:00:00+05:30,ZA,Mining Production MoMJAN,-1.2%,-3.7%,,-2.8%,3.0
2025-03-13 15:00:00+05:30,ZA,Gold Production YoYJAN,1%,-8.4%,,-6.0%,3.0
2025-03-13 15:00:00+05:30,ZA,Mining Production YoYJAN,-2.7%,-2.4%,,-3.0%,3.0
2025-03-13 15:20:00+05:30,EA,ECB de Guindos Speech,,,,,2.0
2025-03-13 15:30:00+05:30,EA,Industrial Production YoYJAN,0%,-1.5%,-0.9%,-1.2%,3.0
2025-03-13 15:30:00+05:30,EA,Industrial Production MoMJAN,0.8%,-0.4%,0.6%,0.9%,2.0
2025-03-13 15:40:00+05:30,IT,30-Year BTP Auction,4.70%,3.94%,,,3.0
2025-03-13 15:40:00+05:30,IT,BTP Green Auction,3.40%,4.181%,,,3.0
2025-03-13 15:40:00+05:30,IT,15-Year BTP Auction,3.72%,3.57%,,,3.0
2025-03-13 15:40:00+05:30,IT,3-Year BTP Auction,2.77%,2.52%,,,3.0
2025-03-13 15:40:00+05:30,IT,BTP Auction,,,,,3.0
2025-03-13 16:30:00+05:30,ZA,Manufacturing Production MoMJAN,0.2%,-2.2%,0.9%,0.6%,3.0
2025-03-13 16:30:00+05:30,ZA,Manufacturing Production YoYJAN,-3.3%,-1.2%,,1.6%,3.0
2025-03-13 16:30:00+05:30,TR,MPC Meeting Summary,,,,,2.0
2025-03-13 17:00:00+05:30,TR,Foreign Exchange ReservesMAR/07,$97.8B,$94.76B,,,3.0
2025-03-13 17:00:00+05:30,BR,Bank Lending MoMJAN,0%,1.5%,,-0.3%,3.0
2025-03-13 17:30:00+05:30,MX,Industrial Production MoMJAN,-0.4%,-1.4%,0.2%,0.3%,3.0
2025-03-13 17:30:00+05:30,MX,Industrial Production YoYJAN,-2.9%,-2.7%,-1.8%,-2.0%,3.0
2025-03-13 18:00:00+05:30,US,Core PPI MoMFEB,-0.1%,0.5%,0.3%,0.2%,2.0
2025-03-13 18:00:00+05:30,US,PPIFEB,147.953,147.975,,148.1,3.0
2025-03-13 18:00:00+05:30,US,Initial Jobless ClaimsMAR/08,220K,222K,225K,230.0K,2.0
2025-03-13 18:00:00+05:30,US,PPI YoYFEB,3.2%,3.7%,3.3%,3.4%,3.0
2025-03-13 18:00:00+05:30,CA,Building Permits MoMJAN,-3.2%,11.6%,-5%,-2.0%,3.0
2025-03-13 18:00:00+05:30,US,Core PPI YoYFEB,3.4%,3.8%,3.5%,3.5%,3.0
2025-03-13 18:00:00+05:30,US,"PPI Ex Food, Energy and Trade YoYFEB",3.3%,3.4%,,3.4%,3.0
2025-03-13 18:00:00+05:30,US,"PPI Ex Food, Energy and Trade MoMFEB",0.2%,0.3%,,0.2%,3.0
2025-03-13 18:00:00+05:30,US,Jobless Claims 4-week AverageMAR/08,226K,224.5K,,228.0K,3.0
2025-03-13 18:00:00+05:30,US,PPI MoMFEB,0%,0.6%,0.3%,0.3%,1.0
2025-03-13 18:00:00+05:30,US,Continuing Jobless ClaimsMAR/01,1870K,1897K,1900K,1910.0K,3.0
2025-03-13 19:00:00+05:30,CA,Building Permits MoMJAN,,11%,,-2.0%,3.0
2025-03-13 20:00:00+05:30,US,EIA Natural Gas Stocks ChangeMAR/07,-62Bcf,-80Bcf,-50Bcf,,3.0
2025-03-13 21:00:00+05:30,US,4-Week Bill Auction,4.225%,4.230%,,,3.0
2025-03-13 21:00:00+05:30,US,8-Week Bill Auction,4.220%,4.220%,,,3.0
2025-03-13 21:15:00+05:30,BR,2-Year LTN Auction,14.605%,14.782%,,,3.0
2025-03-13 21:15:00+05:30,BR,10-Year NTN-F Auction,15.028%,14.987%,,,3.0
2025-03-13 21:30:00+05:30,US,30-Year Mortgage RateMAR/13,6.65%,6.63%,,,3.0
2025-03-13 21:30:00+05:30,BR,10-Year NTN-F Auction,,,,,3.0
2025-03-13 21:30:00+05:30,CA,5-Year Bond Auction,2.768%,2.849%,,,3.0
2025-03-13 21:30:00+05:30,BR,2-Year LTN Auction,,,,,3.0
2025-03-13 21:30:00+05:30,US,15-Year Mortgage RateMAR/13,5.8%,5.79%,,,3.0
2025-03-13 22:30:00+05:30,US,30-Year Bond Auction,4.623%,4.748%,,,3.0
2025-03-13 22:30:00+05:30,DE,Bundesbank Balz Speech,,,,,3.0
2025-03-13 22:30:00+05:30,BR,10-Year NTN-F Auction,,14.987%,,,3.0
2025-03-13 22:30:00+05:30,BR,2-Year LTN Auction,,14.782%,,,3.0
2025-03-13 23:00:00+05:30,EA,ECB Nagel Speech,,,,,2.0
2025-03-13 23:00:00+05:30,TR,Auto Sales YoYFEB,,-13.9%,,-14.0%,2.0
2025-03-13 23:00:00+05:30,IN,Passenger Vehicles Sales YoYFEB,,3.5%,,,2.0
2025-03-13 23:00:00+05:30,BR,Federal Tax RevenuesJAN,,BRL261.3B,,,2.0
2025-03-13 23:00:00+05:30,EA,ECB de Galhau Speech,,,,,2.0
2025-03-13 23:00:00+05:30,BR,2-Year LTN Auction,,14.782%,,,2.0
2025-03-13 23:00:00+05:30,AR,Tax RevenueFEB,,ARS15032B,,,2.0
2025-03-13 23:00:00+05:30,BR,10-Year NTN-F Auction,,14.987%,,,2.0
2025-03-13 23:00:00+05:30,TR,Auto Production YoYFEB,,-2.8%,,-3.0%,2.0
2025-03-14 02:00:00+05:30,US,Fed Balance SheetMAR/12,$6.76T,$6.76T,,,3.0
2025-03-14 02:30:00+05:30,KR,Import Prices YoYFEB,4.6%,6.6%,,6.2%,3.0
2025-03-14 02:30:00+05:30,KR,Export Prices YoYFEB,6.3%,8.5%,,9.0%,3.0
2025-03-14 06:30:00+05:30,AU,Consumer Inflation ExpectationsMAR,,4.6%,,4.4%,3.0
2025-03-14 09:05:00+05:30,JP,3-Month Bill Auction,0.3070%,0.3404%,,,3.0
2025-03-14 10:30:00+05:30,KR,50-Year KTB Auction,,2.570%,,,3.0
2025-03-14 12:00:00+05:30,IN,WPI Inflation YoYFEB,,2.31%,,,3.0
2025-03-14 12:20:00+05:30,KR,50-Year KTB Auction,2.440%,2.570%,,,3.0
2025-03-14 12:30:00+05:30,DE,Harmonised Inflation Rate MoM FinalFEB,0.5%,-0.2%,0.6%,0.6%,3.0
2025-03-14 12:30:00+05:30,DE,Wholesale Prices YoYFEB,1.6%,0.9%,0.2%,1.4%,2.0
2025-03-14 12:30:00+05:30,GB,Industrial Production MoMJAN,-0.9%,0.5%,-0.1%,-0.3%,2.0
2025-03-14 12:30:00+05:30,GB,Manufacturing Production YoYJAN,-1.5%,-1.4%,-0.4%,-0.6%,3.0
2025-03-14 12:30:00+05:30,GB,Construction Output YoYJAN,0.2%,1.5%,0.4%,0.5%,3.0
2025-03-14 12:30:00+05:30,GB,Balance of TradeJAN,,£-2.82B,,£-3.5B,3.0
2025-03-14 12:30:00+05:30,DE,Harmonised Inflation Rate YoY FinalFEB,2.6%,2.8%,2.8%,2.8%,3.0
2025-03-14 12:30:00+05:30,GB,Goods Trade BalanceJAN,,£-17.45B,£-16.8B,£-18.6B,2.0
2025-03-14 12:30:00+05:30,DE,Inflation Rate MoM FinalFEB,0.4%,-0.2%,0.4%,0.4%,3.0
2025-03-14 12:30:00+05:30,GB,Goods Trade Balance Non-EUJAN,,£-6.1B,,£ -8.0B,2.0
2025-03-14 12:30:00+05:30,DE,Wholesale Prices MoMFEB,0.6%,0.9%,0.2%,0.4%,2.0
2025-03-14 12:30:00+05:30,DE,Inflation Rate YoY FinalFEB,2.3%,2.3%,2.3%,2.3%,3.0
2025-03-14 12:30:00+05:30,CN,Vehicle Sales YoYFEB,,-0.6%,,9.0%,3.0
2025-03-14 12:30:00+05:30,GB,GDP YoYJAN,1%,1.5%,1.2%,1.2%,3.0
2025-03-14 12:30:00+05:30,GB,Industrial Production YoYJAN,-1.5%,-1.9%,-0.7%,-0.7%,3.0
2025-03-14 12:30:00+05:30,GB,GDP 3-Month AvgJAN,0.2%,0.1%,0.3%,0.3%,2.0
2025-03-14 12:30:00+05:30,GB,GDP MoMJAN,-0.1%,0.4%,0.1%,0.1%,1.0
2025-03-14 12:30:00+05:30,GB,Manufacturing Production MoMJAN,-1.1%,0.7%,0%,-0.2%,2.0
2025-03-14 13:15:00+05:30,FR,Harmonised Inflation Rate MoM FinalFEB,0.1%,-0.2%,0%,0.0%,3.0
2025-03-14 13:15:00+05:30,FR,Inflation Rate MoM FinalFEB,0%,0.2%,0%,0.0%,3.0
2025-03-14 13:15:00+05:30,FR,Harmonised Inflation Rate YoY FinalFEB,0.9%,1.8%,0.9%,0.9%,3.0
2025-03-14 13:15:00+05:30,FR,Inflation Rate YoY FinalFEB,0.8%,1.7%,0.8%,0.8%,3.0
2025-03-14 13:30:00+05:30,CN,M2 Money Supply YoYFEB,,7%,,,3.0
2025-03-14 13:30:00+05:30,CN,Outstanding Loan Growth YoYFEB,,7.5%,,,3.0
2025-03-14 13:30:00+05:30,CN,New Yuan LoansFEB,,CNY5130B,,,3.0
2025-03-14 13:30:00+05:30,ES,Core Inflation Rate YoY FinalFEB,2.2%,2.4%,2.1%,2.1%,3.0
2025-03-14 13:30:00+05:30,CN,Vehicle Sales YoYFEB,,-0.6%,,9.0%,3.0
2025-03-14 13:30:00+05:30,ES,Inflation Rate YoY FinalFEB,3%,2.9%,3%,3.0%,3.0
2025-03-14 13:30:00+05:30,CN,Total Social FinancingFEB,,CNY7060B,,,3.0
2025-03-14 13:30:00+05:30,ES,Harmonised Inflation Rate MoM FinalFEB,0.4%,-0.1%,0.4%,0.4%,3.0
2025-03-14 13:30:00+05:30,ES,Inflation Rate MoM FinalFEB,0.4%,0.2%,0.4%,0.4%,3.0
2025-03-14 13:30:00+05:30,ES,Harmonised Inflation Rate YoY FinalFEB,2.9%,2.9%,2.9%,2.9%,3.0
2025-03-14 14:30:00+05:30,CN,New Yuan LoansFEB,CNY1010B,CNY5130B,CNY1275B,CNY1800.0B,2.0
2025-03-14 14:30:00+05:30,CN,M2 Money Supply YoYFEB,7%,7%,7%,7.2%,3.0
2025-03-14 14:30:00+05:30,IN,ExportsFEB,,$36.43B,,,3.0
2025-03-14 14:30:00+05:30,CN,Vehicle Sales YoYFEB,,-0.6%,,9.0%,3.0
2025-03-14 14:30:00+05:30,IN,Balance of TradeFEB,,$-22.99B,,,3.0
2025-03-14 14:30:00+05:30,IT,Industrial Production MoMJAN,3.2%,-2.7%,1.5%,1.9%,2.0
2025-03-14 14:30:00+05:30,CN,Total Social FinancingFEB,CNY2290B,CNY7060B,CNY2500B,CNY2300.0B,3.0
2025-03-14 14:30:00+05:30,IT,Industrial Production YoYJAN,-0.6%,-6.9%,,-4.7%,3.0
2025-03-14 14:30:00+05:30,CN,Outstanding Loan Growth YoYFEB,7.3%,7.5%,7.4%,7.6%,3.0
2025-03-14 14:30:00+05:30,IN,ImportsFEB,,$59.95B,,,3.0
2025-03-14 14:50:00+05:30,CN,FDI (YTD) YoYFEB,-20.4%,-13.4%,,-10.0%,2.0
2025-03-14 16:30:00+05:30,CN,M2 Money Supply YoYFEB,,7%,,,2.0
2025-03-14 16:30:00+05:30,CN,Total Social FinancingFEB,,CNY7060B,,,2.0
2025-03-14 16:30:00+05:30,GB,NIESR Monthly GDP TrackerFEB,0.4%,0.2%,,0.5%,3.0
2025-03-14 16:30:00+05:30,IT,Balance of TradeJAN,,€5.98B,,,2.0
2025-03-14 16:30:00+05:30,IN,Balance of TradeFEB,,$-22.99B,,,2.0
2025-03-14 16:30:00+05:30,CN,Vehicle Sales YoYFEB,,-0.6%,,9.0%,2.0
2025-03-14 16:30:00+05:30,CN,New Yuan LoansFEB,,CNY5130B,,,2.0
2025-03-14 16:30:00+05:30,CN,Outstanding Loan Growth YoYFEB,,7.5%,,,2.0
2025-03-14 16:30:00+05:30,IN,ImportsFEB,,$59.95B,,,2.0
2025-03-14 16:30:00+05:30,IN,ExportsFEB,,$36.43B,,,2.0
2025-03-14 17:00:00+05:30,IN,Bank Loan Growth YoYFEB/28,11.0%,11.3%,,,3.0
2025-03-14 17:00:00+05:30,IN,Foreign Exchange ReservesMAR/07,$653.97B,$638.7B,,,3.0
2025-03-14 17:00:00+05:30,BR,Gross Debt to GDPJAN,75.3%,76.1%,76.2%,76.2%,3.0
2025-03-14 17:00:00+05:30,IN,Deposit Growth YoYFEB/28,10.3%,10.6%,,,3.0
2025-03-14 17:00:00+05:30,BR,Nominal Budget BalanceJAN,BRL63.737B,BRL-80.372B,BRL35.3B,BRL 19.0B,3.0
2025-03-14 17:30:00+05:30,BR,PPI MoMJAN,0.13%,1.35%,,0.4%,3.0
2025-03-14 17:30:00+05:30,BR,PPI YoYJAN,9.69%,9.28%,,10.1%,3.0
2025-03-14 17:30:00+05:30,BR,Retail Sales MoMJAN,-0.1%,-0.3%,-0.2%,0.1%,2.0
2025-03-14 17:30:00+05:30,GB,NIESR Monthly GDP TrackerFEB,,0.3%,,0.5%,3.0
2025-03-14 17:30:00+05:30,BR,Retail Sales YoYJAN,3.1%,2%,1.9%,2.2%,3.0
2025-03-14 18:00:00+05:30,IN,Balance of TradeFEB,,$-22.99B,,,3.0
2025-03-14 18:00:00+05:30,CA,Manufacturing Sales MoM FinalJAN,1.7%,0.5%,2%,2.0%,3.0
2025-03-14 18:00:00+05:30,IN,ExportsFEB,,$36.43B,,,3.0
2025-03-14 18:00:00+05:30,CN,Total Social FinancingFEB,,CNY7060B,,,3.0
2025-03-14 18:00:00+05:30,CA,New Motor Vehicle SalesJAN,121.6K,135.5K,,128.0K,3.0
2025-03-14 18:00:00+05:30,CN,M2 Money Supply YoYFEB,,7%,,,3.0
2025-03-14 18:00:00+05:30,CN,Vehicle Sales YoYFEB,,-0.6%,,9.0%,3.0
2025-03-14 18:00:00+05:30,CN,New Yuan LoansFEB,,CNY5130B,,,3.0
2025-03-14 18:00:00+05:30,CN,Outstanding Loan Growth YoYFEB,,7.5%,,,3.0
2025-03-14 18:00:00+05:30,IN,ImportsFEB,,$59.95B,,,3.0
2025-03-14 18:00:00+05:30,CA,Wholesale Sales MoM FinalJAN,1.2%,0.3%,1.9%,1.8%,3.0
2025-03-14 18:30:00+05:30,BR,New Car Registrations MoMFEB,,-33.5%,,5.8%,3.0
2025-03-14 18:30:00+05:30,IN,ExportsFEB,,$36.43B,,,3.0
2025-03-14 18:30:00+05:30,BR,Car Production MoMFEB,,-7.7%,,3.%,3.0
2025-03-14 18:30:00+05:30,CN,Vehicle Sales YoYFEB,,-0.6%,,9.0%,3.0
2025-03-14 18:30:00+05:30,IN,Balance of TradeFEB,,$-22.99B,,,3.0
2025-03-14 18:30:00+05:30,IN,ImportsFEB,,$59.95B,,,3.0
2025-03-14 18:30:00+05:30,CN,Total Social FinancingFEB,,CNY7060B,,,3.0
2025-03-14 18:30:00+05:30,RU,Balance of TradeJAN,$7.16B,$10.09B,,$4.2B,3.0
2025-03-14 18:30:00+05:30,CN,M2 Money Supply YoYFEB,,7%,,,3.0
2025-03-14 18:30:00+05:30,CN,Outstanding Loan Growth YoYFEB,,7.5%,,,3.0
2025-03-14 18:30:00+05:30,CN,New Yuan LoansFEB,,CNY5130B,,,3.0
2025-03-14 18:45:00+05:30,EA,ECB Cipollone Speech,,,,,2.0
2025-03-14 19:15:00+05:30,DE,Current AccountJAN,,€24.0B,,€19.5B,3.0
2025-03-14 19:30:00+05:30,IN,Balance of TradeFEB,,$-22.99B,,,3.0
2025-03-14 19:30:00+05:30,DE,Current AccountJAN,€11.8B,€20.9B,,€19.5B,3.0
2025-03-14 19:30:00+05:30,US,Michigan Consumer Expectations PrelMAR,54.2,64.0,64.3,63.5,3.0
2025-03-14 19:30:00+05:30,CN,New Yuan LoansFEB,,CNY5130B,,,3.0
2025-03-14 19:30:00+05:30,IN,ExportsFEB,,$36.43B,,,3.0
2025-03-14 19:30:00+05:30,CN,Vehicle Sales YoYFEB,,-0.6%,,9.0%,3.0
2025-03-14 19:30:00+05:30,US,Michigan Current Conditions PrelMAR,63.5,65.7,65,64.4,3.0
2025-03-14 19:30:00+05:30,US,Michigan Consumer Sentiment PrelMAR,57.9,64.7,63.1,63.2,1.0
2025-03-14 19:30:00+05:30,CN,M2 Money Supply YoYFEB,,7%,,,3.0
2025-03-14 19:30:00+05:30,BR,Car Production MoMFEB,23.8%,-7.7%,,3.%,3.0
2025-03-14 19:30:00+05:30,BR,New Car Registrations MoMFEB,8%,-33.5%,,5.8%,3.0
2025-03-14 19:30:00+05:30,US,Michigan 5 Year Inflation Expectations PrelMAR,3.9%,3.5%,,3.6%,3.0
2025-03-14 19:30:00+05:30,CN,Total Social FinancingFEB,,CNY7060B,,,3.0
2025-03-14 19:30:00+05:30,CN,Outstanding Loan Growth YoYFEB,,7.5%,,,3.0
2025-03-14 19:30:00+05:30,US,Michigan Inflation Expectations PrelMAR,4.9%,4.3%,,4.4%,3.0
2025-03-14 19:30:00+05:30,IN,ImportsFEB,,$59.95B,,,3.0
2025-03-14 22:30:00+05:30,CN,Vehicle Sales YoYFEB,,-0.6%,,2.0%,3.0
2025-03-14 22:30:00+05:30,CN,M2 Money Supply YoYFEB,,7%,7%,7.2%,3.0
2025-03-14 22:30:00+05:30,CN,Outstanding Loan Growth YoYFEB,,7.5%,7.4%,7.6%,3.0
2025-03-14 22:30:00+05:30,US,Baker Hughes Total Rigs CountMAR/14,592,592,,,3.0
2025-03-14 22:30:00+05:30,TR,Auto Production YoYFEB,,-2.8%,,-3.0%,3.0
2025-03-14 22:30:00+05:30,US,Baker Hughes Oil Rig CountMAR/14,487,486,,,3.0
2025-03-14 22:30:00+05:30,CN,New Yuan LoansFEB,,CNY5130B,CNY1275B,CNY1800.0B,3.0
2025-03-14 22:30:00+05:30,KR,50-Year KTB Auction,,2.570%,,,3.0
2025-03-14 22:30:00+05:30,IN,ImportsFEB,,$59.95B,,,3.0
2025-03-14 22:30:00+05:30,TR,Auto Sales YoYFEB,,-13.9%,,-14.0%,3.0
2025-03-14 22:30:00+05:30,IN,ExportsFEB,,$36.43B,,,3.0
2025-03-14 22:30:00+05:30,AR,Tax RevenueFEB,,ARS15032B,,,3.0
2025-03-14 22:30:00+05:30,BR,Federal Tax RevenuesJAN,,BRL261.3B,,,3.0
2025-03-14 22:30:00+05:30,CN,Total Social FinancingFEB,,CNY7060B,CNY2500B,CNY2300.0B,3.0
2025-03-14 22:30:00+05:30,IN,Balance of TradeFEB,,$-22.99B,,$-25.0B,3.0
2025-03-15 00:30:00+05:30,AR,Inflation Rate MoMFEB,2.4%,2.2%,2.4%,2.1%,3.0
2025-03-15 00:30:00+05:30,AR,Inflation Rate YoYFEB,66.9%,84.5%,66.8%,67.0%,3.0
2025-03-15 00:30:00+05:30,AR,Tax RevenueFEB,,ARS15032B,,,3.0
2025-03-15 22:00:00+05:30,AR,Tax RevenueFEB,,ARS15032B,,,3.0
2025-03-15 22:00:00+05:30,EA,ECB President Lagarde Speech,,,,,3.0
2025-03-16 00:30:00+05:30,SA,Inflation Rate YoYFEB,,2%,1.9%,2.0%,
2025-03-16 00:30:00+05:30,SA,Wholesale Prices YoYFEB,,0.9%,,1.0%,
2025-03-16 00:30:00+05:30,SA,Inflation Rate MoMFEB,,0.3%,0.2%,0.2%,
2025-03-16 17:20:00+05:30,SA,Inflation Rate MoMFEB,0.2%,0.3%,0.2%,0.2%,3.0
2025-03-16 17:20:00+05:30,SA,Inflation Rate YoYFEB,2.0%,2%,1.9%,2.0%,3.0
2025-03-16 17:20:00+05:30,SA,Wholesale Prices YoYFEB,1.5%,0.9%,,1.0%,3.0
2025-03-16 22:00:00+05:30,SA,Wholesale Prices YoYFEB,,0.9%,,1.0%,
2025-03-16 22:00:00+05:30,SA,Inflation Rate YoYFEB,,2%,1.9%,2.0%,
2025-03-16 22:00:00+05:30,SA,Inflation Rate MoMFEB,,0.3%,0.2%,0.2%,
2025-03-17 06:00:00+05:30,SG,Non-Oil Exports MoMFEB,2.6%,-3.3%,2.5%,5.5%,3.0
2025-03-17 06:00:00+05:30,SG,Non-Oil Exports YoYFEB,7.6%,-2.1%,8.7%,4.6%,3.0
2025-03-17 06:10:00+05:30,SG,Balance of TradeFEB,,$2.93B,,$2.7B,3.0
2025-03-17 06:15:00+05:30,SG,Balance of TradeFEB,$6.16B,$3.04B,,$2.7B,3.0
2025-03-17 06:30:00+05:30,AU,Consumer Inflation ExpectationsMAR,,4.6%,,4.4%,3.0
2025-03-17 07:00:00+05:30,CN,Industrial Production YoYJAN-FEB,,6.2%,5.3%,5%,1.0
2025-03-17 07:00:00+05:30,CN,House Price Index YoYFEB,-4.8%,-5%,,-4.7%,2.0
2025-03-17 07:00:00+05:30,CN,Retail Sales YoYJAN-FEB,,3.7%,4%,3.7%,1.0
2025-03-17 07:30:00+05:30,ID,Exports YoYFEB,,4.68%,,,3.0
2025-03-17 07:30:00+05:30,CN,Retail Sales YoYJAN-FEB,4%,3.7%,4%,3.7%,1.0
2025-03-17 07:30:00+05:30,CN,Fixed Asset Investment (YTD) YoYJAN-FEB,4.1%,3.2%,3.6%,3.8%,2.0
2025-03-17 07:30:00+05:30,ID,Imports YoYFEB,,-2.67%,,,3.0
2025-03-17 07:30:00+05:30,CN,Unemployment RateFEB,5.4%,5.2%,5.1%,5.1%,3.0
2025-03-17 07:30:00+05:30,CN,Industrial Production YoYJAN-FEB,5.9%,6.2%,5.3%,5%,1.0
2025-03-17 08:00:00+05:30,SG,Unemployment Rate FinalQ4,,1.9%,1.9%,1.9%,3.0
2025-03-17 09:30:00+05:30,ID,Exports YoYFEB,14.05%,4.56%,9.1%,,3.0
2025-03-17 09:30:00+05:30,ID,Balance of TradeFEB,$3.12B,$3.49B,$2.45B,$1.0B,2.0
2025-03-17 09:30:00+05:30,ID,Imports YoYFEB,2.3%,-2.73%,0.6%,,3.0
2025-03-17 10:30:00+05:30,KR,10-Year KTB Auction,,2.840%,,,3.0
2025-03-17 12:00:00+05:30,IN,WPI Fuel YoYFEB,-0.71%,-2.78%,,-2.0%,3.0
2025-03-17 12:00:00+05:30,IN,WPI Manufacturing YoYFEB,2.86%,2.51%,,2.8%,3.0
2025-03-17 12:00:00+05:30,IN,WPI Inflation YoYFEB,2.38%,2.31%,2.36%,2.4%,3.0
2025-03-17 12:00:00+05:30,TR,Budget BalanceFEB,,TRY-139.26B,,,3.0
2025-03-17 12:00:00+05:30,IN,WPI Food Index YoYFEB,5.94%,7.47%,,5.4%,3.0
2025-03-17 12:30:00+05:30,TR,Auto Production YoYFEB,-13.4%,-2.8%,,-3.0%,3.0
2025-03-17 12:30:00+05:30,TR,Auto Sales YoYFEB,-14.4%,-13.9%,,-14.0%,3.0
2025-03-17 13:00:00+05:30,KR,10-Year KTB Auction,2.830%,2.840%,,,3.0
2025-03-17 13:30:00+05:30,TR,Budget BalanceFEB,TRY-310.1B,TRY-139.26B,,TRY-140.0B,3.0
2025-03-17 13:30:00+05:30,EA,ECB de Guindos Speech,,,,,2.0
2025-03-17 14:30:00+05:30,ES,Balance of TradeJAN,,€-4.12B,,€ -4.3B,2.0
2025-03-17 14:30:00+05:30,IT,Harmonised Inflation Rate MoM FinalFEB,0.1%,-0.8%,0.1%,0.1%,3.0
2025-03-17 14:30:00+05:30,IT,Inflation Rate MoM FinalFEB,0.2%,0.6%,0.2%,0.2%,3.0
2025-03-17 14:30:00+05:30,IT,Inflation Rate YoY FinalFEB,1.6%,1.5%,1.7%,1.7%,3.0
2025-03-17 14:30:00+05:30,IT,Harmonised Inflation Rate YoY FinalFEB,1.7%,1.7%,1.7%,1.7%,3.0
2025-03-17 14:50:00+05:30,IN,Balance of TradeFEB,$-14.05B,$-22.99B,,$-25.0B,2.0
2025-03-17 14:50:00+05:30,IN,ExportsFEB,$36.91B,$36.43B,,,3.0
2025-03-17 14:50:00+05:30,IN,ImportsFEB,$50.96B,$59.42B,,,3.0
2025-03-17 15:00:00+05:30,TR,Budget BalanceFEB,,TRY-139.26B,,,3.0
2025-03-17 15:00:00+05:30,ES,Balance of TradeJAN,,€-4.12B,,€ -4.3B,2.0
2025-03-17 15:00:00+05:30,ZA,Inflation ExpectationsQ1,,4.5%,,4.5%,3.0
2025-03-17 15:30:00+05:30,ZA,Inflation ExpectationsQ1,4.3%,4.5%,,4.5%,3.0
2025-03-17 16:00:00+05:30,TR,Budget BalanceFEB,,TRY-139.26B,,,3.0
2025-03-17 16:00:00+05:30,DE,12-Month Bubill Auction,2.133%,2.0958%,,,3.0
2025-03-17 17:30:00+05:30,BR,IBC-BR Economic ActivityJAN,0.9%,-0.6%,0.22%,-0.2%,3.0
2025-03-17 17:45:00+05:30,CA,Housing StartsFEB,229K,239.3K,250K,245.0K,2.0
2025-03-17 17:45:00+05:30,DE,Bundesbank Mauderer Speech,,,,,3.0
2025-03-17 18:00:00+05:30,US,Retail Sales Ex Gas/Autos MoMFEB,0.5%,-0.8%,0.4%,0.2%,3.0
2025-03-17 18:00:00+05:30,TR,Budget BalanceFEB,,TRY-139.26B,,,3.0
2025-03-17 18:00:00+05:30,CA,Foreign Securities PurchasesJAN,C$7.91B,C$13.94B,C$17.44B,,3.0
2025-03-17 18:00:00+05:30,US,Retail Sales Ex Autos MoMFEB,0.3%,-0.6%,0.4%,0.2%,2.0
2025-03-17 18:00:00+05:30,US,Retail Sales Control Group MoMFEB,1%,-1%,0.2%,0.3%,2.0
2025-03-17 18:00:00+05:30,US,Retail Sales MoMFEB,0.2%,-1.2%,0.6%,0.5%,1.0
2025-03-17 18:00:00+05:30,CA,Foreign Securities Purchases by CanadiansJAN,C$-3.15B,C$3.77B,,,3.0
2025-03-17 18:00:00+05:30,US,NY Empire State Manufacturing IndexMAR,-20,5.7,-0.75,2,2.0
2025-03-17 18:00:00+05:30,US,Retail Sales YoYFEB,3.1%,3.9%,,3.5%,3.0
2025-03-17 19:30:00+05:30,FR,6-Month BTF Auction,2.306%,2.363%,,,3.0
2025-03-17 19:30:00+05:30,EA,ECB President Lagarde Speech,,,,,2.0
2025-03-17 19:30:00+05:30,FR,12-Month BTF Auction,2.279%,2.287%,,,3.0
2025-03-17 19:30:00+05:30,US,NAHB Housing Market IndexMAR,39,42,42,44,2.0
2025-03-17 19:30:00+05:30,US,Retail Inventories Ex Autos MoMJAN,0.5%,-0.1%,0.4%,0.4%,3.0
2025-03-17 19:30:00+05:30,US,Business Inventories MoMJAN,0.3%,-0.2%,0.3%,0.2%,2.0
2025-03-17 19:30:00+05:30,TR,Budget BalanceFEB,,TRY-139.26B,,,3.0
2025-03-17 19:30:00+05:30,FR,3-Month BTF Auction,2.348%,2.395%,,,3.0
2025-03-17 21:00:00+05:30,US,3-Month Bill Auction,4.205%,4.200%,,,3.0
2025-03-17 21:00:00+05:30,TR,Budget BalanceFEB,,TRY-139.26B,,,3.0
2025-03-17 21:00:00+05:30,US,6-Month Bill Auction,4.100%,4.075%,,,3.0
2025-03-17 21:30:00+05:30,SG,Unemployment Rate FinalQ4,,1.9%,1.9%,1.9%,3.0
2025-03-17 21:30:00+05:30,US,NOPA Crush Report,,,,,3.0
2025-03-17 21:30:00+05:30,IN,ImportsFEB,,$59.95B,,,3.0
2025-03-17 21:30:00+05:30,TR,Auto Production YoYFEB,,-2.8%,,-3.0%,3.0
2025-03-17 21:30:00+05:30,TR,Budget BalanceFEB,,TRY-139.26B,,TRY-140.0B,3.0
2025-03-17 21:30:00+05:30,IN,Balance of TradeFEB,,$-22.99B,,$-25.0B,3.0
2025-03-17 21:30:00+05:30,TR,Auto Sales YoYFEB,,-13.9%,,-14.0%,3.0
2025-03-17 21:30:00+05:30,BR,BCB Focus Market Readout,,,,,3.0
2025-03-17 21:30:00+05:30,IN,ExportsFEB,,$36.43B,,,3.0
2025-03-17 21:30:00+05:30,KR,10-Year KTB Auction,,2.840%,,,3.0
2025-03-17 21:30:00+05:30,ES,Balance of TradeJAN,,€-4.12B,,€ -4.3B,3.0
2025-03-18 04:50:00+05:30,AU,RBA Hunter Speech,,,,,2.0
2025-03-18 06:00:00+05:30,SG,Non-Oil Exports YoYFEB,,-2.1%,,4.6%,3.0
2025-03-18 06:00:00+05:30,SG,Non-Oil Exports MoMFEB,,-3.3%,,5.5%,3.0
2025-03-18 09:05:00+05:30,JP,52-Week Bill Auction,0.6184%,0.6107%,,,3.0
2025-03-18 10:00:00+05:30,JP,Tertiary Industry Index MoMJAN,-0.3%,0.4%,-0.1%,0.0%,3.0
2025-03-18 10:30:00+05:30,SG,MAS 4-Week Bill Auction,2.7%,2.63%,,,3.0
2025-03-18 10:30:00+05:30,SG,MAS 12-Week Bill Auction,2.67%,2.62%,,,3.0
2025-03-18 14:00:00+05:30,ES,Balance of TradeJAN,€-6.19B,€-4.12B,,€ -4.3B,2.0
2025-03-18 14:30:00+05:30,IT,Balance of TradeJAN,€-0.264B,€5.82B,€5.15B,€4.5B,2.0
2025-03-18 15:30:00+05:30,EA,ZEW Economic Sentiment IndexMAR,39.8,24.2,39.6,38,2.0
2025-03-18 15:30:00+05:30,EA,Balance of TradeJAN,€1B,€15.4B,€14B,€12.5B,2.0
2025-03-18 15:30:00+05:30,GB,4-Year Treasury Gilt Auction,4.263%,4.294%,,,3.0
2025-03-18 15:30:00+05:30,DE,ZEW Economic Sentiment IndexMAR,51.6,26,48.1,45,1.0
2025-03-18 15:30:00+05:30,DE,ZEW Current ConditionsMAR,-87.6,-88.5,-80.5,-82,3.0
2025-03-18 18:00:00+05:30,CA,Inflation Rate MoMFEB,1.1%,0.1%,0.6%,0.6%,2.0
2025-03-18 18:00:00+05:30,US,Housing StartsFEB,1.501M,1.35M,1.38M,1.34M,1.0
2025-03-18 18:00:00+05:30,US,Export Prices MoMFEB,0.1%,1.3%,-0.2%,0.1%,2.0
2025-03-18 18:00:00+05:30,US,Import Prices MoMFEB,0.4%,0.4%,-0.1%,0.1%,2.0
2025-03-18 18:00:00+05:30,US,Export Prices YoYFEB,2.1%,2.7%,,4.0%,3.0
2025-03-18 18:00:00+05:30,US,Building Permits PrelFEB,1.456M,1.473M,1.450M,1.471M,1.0
2025-03-18 18:00:00+05:30,US,Import Prices YoYFEB,2%,1.8%,1.6%,1.7%,3.0
2025-03-18 18:00:00+05:30,CA,Inflation Rate YoYFEB,2.6%,1.9%,2.2%,2.2%,1.0
2025-03-18 18:00:00+05:30,CA,Core Inflation Rate MoMFEB,0.7%,0.4%,,0.2%,3.0
2025-03-18 18:00:00+05:30,CA,Core Inflation Rate YoYFEB,2.7%,2.1%,,2.2%,2.0
2025-03-18 18:00:00+05:30,CA,CPI Trimmed-Mean YoYFEB,2.9%,2.7%,2.8%,2.8%,3.0
2025-03-18 18:00:00+05:30,US,Housing Starts MoMFEB,11.2%,-11.5%,,-1.9%,2.0
2025-03-18 18:00:00+05:30,US,Building Permits MoM PrelFEB,-1.2%,-0.6%,,-0.2%,2.0
2025-03-18 18:00:00+05:30,CA,CPI Median YoYFEB,2.9%,2.7%,2.8%,2.8%,3.0
2025-03-18 18:25:00+05:30,US,Redbook YoYMAR/15,5.2%,5.7%,,,3.0
2025-03-18 18:45:00+05:30,US,Industrial Production YoYFEB,1.4%,1.9%,,2.3%,3.0
2025-03-18 18:45:00+05:30,US,Manufacturing Production YoYFEB,0.7%,1.2%,,1.3%,3.0
2025-03-18 18:45:00+05:30,US,Industrial Production MoMFEB,0.7%,0.3%,0.2%,0.4%,2.0
2025-03-18 18:45:00+05:30,US,Manufacturing Production MoMFEB,0.9%,0.1%,0.3%,0.1%,3.0
2025-03-18 18:45:00+05:30,US,Capacity UtilizationFEB,78.2%,77.7%,77.8%,77.7%,3.0
2025-03-18 19:30:00+05:30,BR,Business ConfidenceMAR,49.2,49.1,,48.9,2.0
2025-03-18 21:00:00+05:30,US,52-Week Bill Auction,3.945%,4.05%,,,3.0
2025-03-18 21:30:00+05:30,RU,PPI MoMFEB,,0.5%,,1.6%,3.0
2025-03-18 21:30:00+05:30,RU,PPI YoYFEB,,9.7%,,10.3%,3.0
2025-03-18 22:30:00+05:30,US,20-Year Bond Auction,4.632%,4.83%,,,3.0
2025-03-18 22:30:00+05:30,SG,Unemployment Rate FinalQ4,,1.9%,1.9%,1.9%,3.0
2025-03-18 22:30:00+05:30,ES,Balance of TradeJAN,,€-4.12B,,€ -4.3B,3.0
2025-03-18 22:30:00+05:30,AR,Tax RevenueFEB,,ARS15032B,,,3.0
2025-03-19 02:00:00+05:30,US,API Crude Oil Stock ChangeMAR/14,4.593M,4.247M,1.17M,,2.0
2025-03-19 05:20:00+05:30,JP,Machinery Orders MoMJAN,-3.5%,-0.8%,-0.5%,-0.2%,2.0
2025-03-19 05:20:00+05:30,JP,Imports YoYFEB,-0.7%,16.2%,0.1%,0.5%,3.0
2025-03-19 05:20:00+05:30,JP,Machinery Orders YoYJAN,4.4%,4.3%,6.9%,6.6%,2.0
2025-03-19 05:20:00+05:30,JP,Exports YoYFEB,11.4%,7.3%,12.1%,10.5%,2.0
2025-03-19 05:20:00+05:30,JP,Balance of TradeFEB,¥584.5B,"¥-2,736.6B",¥722.8B,¥650.0B,1.0
2025-03-19 05:30:00+05:30,AU,Westpac Leading Index MoMFEB,0.1%,0.1%,,0.2%,3.0
2025-03-19 05:30:00+05:30,JP,Reuters Tankan IndexMAR,-1,3,,10,3.0
2025-03-19 05:30:00+05:30,US,International Monetary Market (IMM) Date,,,,,3.0
2025-03-19 08:00:00+05:30,SG,Unemployment Rate FinalQ4,1.9%,1.9%,1.9%,1.9%,3.0
2025-03-19 08:30:00+05:30,US,International Monetary Market (IMM) Date,,,,,1.0
2025-03-19 08:30:00+05:30,JP,BoJ Interest Rate Decision,0.5%,0.5%,0.5%,0.5%,1.0
2025-03-19 10:00:00+05:30,US,International Monetary Market (IMM) Date,,,,,3.0
2025-03-19 10:00:00+05:30,JP,Industrial Production MoM FinalJAN,-1.1%,-0.3%,-1.1%,-1.1%,3.0
2025-03-19 10:00:00+05:30,JP,Capacity Utilization MoMJAN,4.5%,0.1%,,0.4%,3.0
2025-03-19 10:00:00+05:30,JP,Industrial Production YoY FinalJAN,2.2%,-2.2%,,2.6%,3.0
2025-03-19 12:50:00+05:30,ID,Loan Growth YoYFEB,10.3%,10.27%,,10.2%,3.0
2025-03-19 13:00:00+05:30,ID,Deposit Facility RateMAR,5%,5%,5%,5%,3.0
2025-03-19 13:00:00+05:30,ID,Lending Facility RateMAR,6.5%,6.5%,6.5%,6.5%,3.0
2025-03-19 13:00:00+05:30,ID,Interest Rate Decision,5.75%,5.75%,5.75%,5.75%,2.0
2025-03-19 13:30:00+05:30,ZA,Core Inflation Rate YoYFEB,3.4%,3.5%,,3.6%,3.0
2025-03-19 13:30:00+05:30,ZA,Core Inflation Rate MoMFEB,1.1%,0.2%,,0.3%,3.0
2025-03-19 13:30:00+05:30,ZA,Inflation Rate MoMFEB,0.9%,0.3%,,0.4%,2.0
2025-03-19 13:30:00+05:30,ZA,Inflation Rate YoYFEB,3.2%,3.2%,,3.3%,2.0
2025-03-19 13:30:00+05:30,US,International Monetary Market (IMM) Date,,,,,3.0
2025-03-19 15:30:00+05:30,EA,CPI FinalFEB,127.26,126.72,127.32,127.32,3.0
2025-03-19 15:30:00+05:30,EA,Labour Cost Index YoYQ4,3.7%,4.5%,,4.2%,3.0
2025-03-19 15:30:00+05:30,EA,Inflation Rate YoY FinalFEB,2.3%,2.5%,2.4%,2.4%,3.0
2025-03-19 15:30:00+05:30,EA,Wage Growth YoYQ4,4.1%,4.3%,,4.0%,3.0
2025-03-19 15:30:00+05:30,EA,Inflation Rate MoM FinalFEB,0.4%,-0.3%,0.5%,0.5%,3.0
2025-03-19 15:30:00+05:30,EA,Core Inflation Rate YoY FinalFEB,2.6%,2.7%,2.6%,2.6%,3.0
2025-03-19 16:00:00+05:30,DE,30-Year Bund Auction,3.04%,2.65%,,,3.0
2025-03-19 16:00:00+05:30,US,International Monetary Market (IMM) Date,,,,,3.0
2025-03-19 16:30:00+05:30,US,MBA 30-Year Mortgage RateMAR/14,6.72%,6.67%,,,2.0
2025-03-19 16:30:00+05:30,US,MBA Mortgage Refinance IndexMAR/14,794.4,911.3,,,3.0
2025-03-19 16:30:00+05:30,US,MBA Purchase IndexMAR/14,154.7,154.6,,,3.0
2025-03-19 16:30:00+05:30,US,MBA Mortgage ApplicationsMAR/14,-6.2%,11.2%,,,3.0
2025-03-19 16:30:00+05:30,ZA,Retail Sales MoMJAN,1.2%,-0.4%,,0.7%,3.0
2025-03-19 16:30:00+05:30,ZA,Retail Sales YoYJAN,7%,3.2%,,-1.8%,3.0
2025-03-19 16:30:00+05:30,US,MBA Mortgage Market IndexMAR/14,252.5,269.3,,,3.0
2025-03-19 16:40:00+05:30,EU,3-Month Bill Auction,2.340%,2.360%,,,3.0
2025-03-19 16:40:00+05:30,US,International Monetary Market (IMM) Date,,,,,3.0
2025-03-19 16:40:00+05:30,EU,12-Month Bill Auction,2.243%,2.244%,,,3.0
2025-03-19 16:40:00+05:30,EU,6-Month Bill Auction,2.297%,2.341%,,,3.0
2025-03-19 17:00:00+05:30,IN,M3 Money Supply YoYMAR/07,,9.6%,,,3.0
2025-03-19 17:30:00+05:30,MX,Aggregate Demand YoYQ4,,2.3%,,1.2%,3.0
2025-03-19 17:30:00+05:30,EA,ECB de Guindos Speech,,,,,2.0
2025-03-19 17:30:00+05:30,US,International Monetary Market (IMM) Date,,,,,3.0
2025-03-19 17:30:00+05:30,MX,Aggregate Demand QoQQ4,,1.2%,,-0.2%,3.0
2025-03-19 17:30:00+05:30,EA,ECB Guindos Speech,,,,,3.0
2025-03-19 18:30:00+05:30,EA,ECB Elderson Speech,,,,,3.0
2025-03-19 20:00:00+05:30,US,International Monetary Market (IMM) Date,,,,,3.0
2025-03-19 20:00:00+05:30,US,EIA Distillate Fuel Production ChangeMAR/14,,-0.113M,,,3.0
2025-03-19 20:00:00+05:30,US,EIA Cushing Crude Oil Stocks ChangeMAR/14,,-1.228M,,,3.0
2025-03-19 20:00:00+05:30,US,EIA Refinery Crude Runs ChangeMAR/14,,0.321M,,,3.0
2025-03-19 20:00:00+05:30,US,EIA Gasoline Stocks ChangeMAR/14,,-5.737M,-2.0M,,2.0
2025-03-19 20:00:00+05:30,US,EIA Crude Oil Stocks ChangeMAR/14,,1.448M,1.1M,,2.0
2025-03-19 20:00:00+05:30,US,EIA Crude Oil Imports ChangeMAR/14,,0.503M,,,3.0
2025-03-19 20:00:00+05:30,AR,Leading Indicator MoMFEB,,1.12%,,0.8%,3.0
2025-03-19 20:00:00+05:30,US,EIA Gasoline Production ChangeMAR/14,,-0.078M,,,3.0
2025-03-19 20:00:00+05:30,US,EIA Distillate Stocks ChangeMAR/14,,-1.559M,-0.1M,,3.0
2025-03-19 20:00:00+05:30,US,EIA Heating Oil Stocks ChangeMAR/14,,-0.183M,,,3.0
2025-03-19 21:00:00+05:30,US,17-Week Bill Auction,,4.180%,,,3.0
2025-03-19 21:30:00+05:30,RU,PPI YoYFEB,,9.7%,,10.3%,3.0
2025-03-19 21:30:00+05:30,RU,PPI MoMFEB,,0.5%,,1.6%,3.0
2025-03-19 23:30:00+05:30,SG,Unemployment Rate FinalQ4,,1.9%,1.9%,1.9%,3.0
2025-03-19 23:30:00+05:30,AR,Tax RevenueFEB,,ARS15032B,,,3.0
2025-03-19 23:30:00+05:30,US,FOMC Economic Projections,,,,,1.0
2025-03-19 23:30:00+05:30,US,Interest Rate Projection - 2nd Yr,,3.4%,,,3.0
2025-03-19 23:30:00+05:30,US,Interest Rate Projection - Longer,,3%,,,3.0
2025-03-19 23:30:00+05:30,AR,Leading Indicator MoMFEB,,1.12%,,0.8%,3.0
2025-03-19 23:30:00+05:30,US,Fed Interest Rate Decision,,4.5%,4.5%,4.5%,1.0
2025-03-19 23:30:00+05:30,US,Interest Rate Projection - 1st Yr,,3.9%,,,3.0
2025-03-19 23:30:00+05:30,US,Interest Rate Projection - Current,,4.4%,,,3.0
2025-03-19 23:30:00+05:30,US,International Monetary Market (IMM) Date,,,,,3.0
2025-03-20 00:00:00+05:30,US,Fed Press Conference,,,,,1.0
2025-03-20 00:30:00+05:30,AR,Full Year GDP Growth2024,,-1.6%,,-1.7%,3.0
2025-03-20 00:30:00+05:30,AR,GDP Growth Rate QoQQ4,,3.9%,,0.4%,3.0
2025-03-20 00:30:00+05:30,AR,GDP Growth Rate YoYQ4,,-2.1%,1.7%,1.6%,3.0
2025-03-20 00:30:00+05:30,AR,Balance of TradeFEB,,$142M,$662M,$400.0M,3.0
2025-03-20 01:30:00+05:30,US,Net Long-term TIC FlowsJAN,,$72B,$101.1M,,2.0
2025-03-20 01:30:00+05:30,US,Overall Net Capital FlowsJAN,,$87.1B,,,3.0
2025-03-20 01:30:00+05:30,US,Foreign Bond InvestmentJAN,,$-49.7B,,,3.0
2025-03-20 03:00:00+05:30,BR,Interest Rate Decision,,13.25%,14.25%,14.25%,2.0
2025-03-20 06:00:00+05:30,AU,Unemployment RateFEB,,4.1%,4.1%,4.1%,2.0
2025-03-20 06:00:00+05:30,AU,Employment ChangeFEB,,44K,30K,35.0K,2.0
2025-03-20 06:00:00+05:30,AU,Participation RateFEB,,67.3%,67.3%,67.4%,3.0
2025-03-20 06:00:00+05:30,AU,Full Time Employment ChgFEB,,54.1K,,15.0K,2.0
2025-03-20 06:00:00+05:30,AU,Part Time Employment ChgFEB,,-10.1K,,20.0K,3.0
2025-03-20 06:45:00+05:30,CN,Loan Prime Rate 5YMAR,,3.6%,3.6%,3.6%,2.0
2025-03-20 06:45:00+05:30,EU,European Council Meeting,,,,,2.0
2025-03-20 06:45:00+05:30,CN,Loan Prime Rate 1Y,,3.1%,3.1%,3.1%,2.0
2025-03-20 08:30:00+05:30,ID,M2 Money Supply YoYFEB,,5.9%,,,3.0
2025-03-20 08:30:00+05:30,EU,European Council Meeting,,,,,3.0
2025-03-20 09:30:00+05:30,ID,Tourist Arrivals YoYJAN,,8.72%,,10.0%,3.0
2025-03-20 09:30:00+05:30,EU,European Council Meeting,,,,,3.0
2025-03-20 12:30:00+05:30,GB,HMRC Payrolls ChangeFEB,,21K,95K,5.0K,3.0
2025-03-20 12:30:00+05:30,GB,Unemployment RateJAN,,4.4%,4.4%,4.4%,1.0
2025-03-20 12:30:00+05:30,GB,Employment ChangeJAN,,107K,95K,80.0K,2.0
2025-03-20 12:30:00+05:30,DE,PPI YoYFEB,,0.5%,1%,1.0%,2.0
2025-03-20 12:30:00+05:30,GB,Average Earnings incl. Bonus (3Mo/Yr)JAN,,6%,5.9%,5.9%,2.0
2025-03-20 12:30:00+05:30,GB,Claimant Count ChangeFEB,,22K,7.9K,15.0K,3.0
2025-03-20 12:30:00+05:30,GB,Average Earnings excl. Bonus (3Mo/Yr)JAN,,5.9%,5.9%,5.9%,3.0
2025-03-20 12:30:00+05:30,DE,PPI MoMFEB,,-0.1%,0.1%,0.1%,3.0
2025-03-20 12:50:00+05:30,ID,Loan Growth YoYFEB,,10.27%,,,3.0
2025-03-20 12:50:00+05:30,EU,European Council Meeting,,,,,3.0
2025-03-20 13:30:00+05:30,EA,ECB President Lagarde Speech,,,,,2.0
2025-03-20 14:30:00+05:30,IT,Construction Output YoYJAN,,-0.6%,,-1.6%,3.0
2025-03-20 14:30:00+05:30,EU,European Council Meeting,,,,,3.0
2025-03-20 15:10:00+05:30,ES,10-Year Obligacion Auction,,3.507%,,,3.0
2025-03-20 15:10:00+05:30,ES,5-Year Bonos Auction,,2.682%,,,3.0
2025-03-20 15:10:00+05:30,ES,Bonos Auction,,,,,3.0
2025-03-20 15:10:00+05:30,ES,Obligacion Auction,,,,,3.0
2025-03-20 15:10:00+05:30,ES,20-Year Obligacion Auction,,3.710%,,,3.0
2025-03-20 15:10:00+05:30,ES,Index-Linked Obligacion Auction,,,,,3.0
2025-03-20 15:30:00+05:30,EA,Construction Output YoYJAN,,-0.1%,,0.2%,3.0
2025-03-20 15:30:00+05:30,EU,European Council Meeting,,,,,3.0
2025-03-20 15:30:00+05:30,FR,5-Year OAT Auction,,2.75%,,,3.0
2025-03-20 15:30:00+05:30,FR,7-Year OAT Auction,,2.70%,,,3.0
2025-03-20 15:30:00+05:30,FR,8-Year OAT Auction,,2.77%,,,3.0
2025-03-20 15:30:00+05:30,FR,3-Year OAT Auction,,2.57%,,,3.0
2025-03-20 15:30:00+05:30,FR,OAT Auction,,,,,3.0
2025-03-20 16:30:00+05:30,FR,OATi Auction,,,,,3.0
2025-03-20 16:30:00+05:30,FR,Index-Linked OAT Auction,,,,,3.0
2025-03-20 16:30:00+05:30,FR,11-Year OATi Auction,,1.18%,,,3.0
2025-03-20 16:30:00+05:30,FR,15-Year Index-Linked OAT Auction,,1.38%,,,3.0
2025-03-20 16:30:00+05:30,FR,9-Year Index-Linked OAT Auction,,1.14%,,,3.0
2025-03-20 16:30:00+05:30,GB,CBI Industrial Trends OrdersMAR,,-28,-30,-30,2.0
2025-03-20 16:30:00+05:30,EA,ECB Economic Bulletin,,,,,2.0
2025-03-20 16:30:00+05:30,FR,28-Year Index-Linked OAT Auction,,1.35%,,,3.0
2025-03-20 16:30:00+05:30,ZA,Building Permits YoYJAN,,12.4%,,7.0%,3.0
2025-03-20 17:00:00+05:30,EU,European Council Meeting,,,,,3.0
2025-03-20 17:00:00+05:30,TR,Foreign Exchange ReservesMAR/14,,$97.8B,,,3.0
2025-03-20 17:30:00+05:30,MX,Private Spending YoYQ4,,2.9%,,0.7%,3.0
2025-03-20 17:30:00+05:30,MX,Private Spending QoQQ4,,1.1%,,-0.8%,3.0
2025-03-20 17:30:00+05:30,GB,BoE MPC Vote Cut,,9/9,2/9,,2.0
2025-03-20 17:30:00+05:30,GB,BoE MPC Vote Hike,,0/9,0/9,,2.0
2025-03-20 17:30:00+05:30,MX,Aggregate Demand QoQQ4,,1.2%,,-0.2%,3.0
2025-03-20 17:30:00+05:30,MX,Aggregate Demand YoYQ4,,2.3%,1.9%,1.2%,3.0
2025-03-20 17:30:00+05:30,GB,BoE Interest Rate Decision,,4.5%,4.5%,4.5%,1.0
2025-03-20 17:30:00+05:30,EA,ECB Lane Speech,,,,,3.0
2025-03-20 17:30:00+05:30,GB,MPC Meeting Minutes,,,,,2.0
2025-03-20 17:30:00+05:30,GB,BoE MPC Vote Unchanged,,0/9,7/9,,2.0
2025-03-20 18:00:00+05:30,US,Philly Fed EmploymentMAR,,5.3,,,3.0
2025-03-20 18:00:00+05:30,EU,European Council Meeting,,,,,3.0
2025-03-20 18:00:00+05:30,US,Initial Jobless ClaimsMAR/15,,220K,224K,225.0K,2.0
2025-03-20 18:00:00+05:30,US,Jobless Claims 4-week AverageMAR/15,,226K,,229.0K,3.0
2025-03-20 18:00:00+05:30,US,Philadelphia Fed Manufacturing IndexMAR,,18.1,8.5,11,2.0
2025-03-20 18:00:00+05:30,US,Philly Fed Business ConditionsMAR,,27.8,,,3.0
2025-03-20 18:00:00+05:30,US,Philly Fed New OrdersMAR,,21.9,,,3.0
2025-03-20 18:00:00+05:30,US,Current AccountQ4,,$-310.9B,$-325.5B,$ -340.0B,2.0
2025-03-20 18:00:00+05:30,CA,PPI MoMFEB,,1.6%,,0.3%,3.0
2025-03-20 18:00:00+05:30,US,Philly Fed CAPEX IndexMAR,,14.00,,,3.0
2025-03-20 18:00:00+05:30,US,Continuing Jobless ClaimsMAR/08,,1870K,1890K,1880.0K,3.0
2025-03-20 18:00:00+05:30,GB,BoE Gov Bailey Speech,,,,,2.0
2025-03-20 18:00:00+05:30,CA,Raw Materials Prices YoYFEB,,11.8%,,10.1%,3.0
2025-03-20 18:00:00+05:30,CA,Raw Materials Prices MoMFEB,,3.7%,,0.5%,3.0
2025-03-20 18:00:00+05:30,CA,PPI YoYFEB,,5.8%,,5.0%,3.0
2025-03-20 18:00:00+05:30,US,Philly Fed Prices PaidMAR,,40.50,,,3.0
2025-03-20 18:30:00+05:30,EU,European Council Meeting,,,,,3.0
2025-03-20 18:30:00+05:30,ZA,Prime Overdraft Rate,,11%,,11.0%,3.0
2025-03-20 18:30:00+05:30,AR,Consumer ConfidenceMAR,,47.3,,47.5,3.0
2025-03-20 18:30:00+05:30,ZA,Interest Rate Decision,,7.5%,7.5%,7.5%,3.0
2025-03-20 19:30:00+05:30,US,Existing Home SalesFEB,,4.08M,3.95M,4.05M,1.0
2025-03-20 19:30:00+05:30,US,CB Leading Index MoMFEB,,-0.3%,-0.2%,-0.2%,3.0
2025-03-20 19:30:00+05:30,US,Existing Home Sales MoMFEB,,-4.9%,,-0.7%,2.0
2025-03-20 20:00:00+05:30,EU,European Council Meeting,,,,,3.0
2025-03-20 20:00:00+05:30,TR,Central Government DebtFEB,,,,,3.0
2025-03-20 20:00:00+05:30,US,EIA Natural Gas Stocks ChangeMAR/14,,-62Bcf,5Bcf,,3.0
2025-03-20 21:00:00+05:30,EU,European Council Meeting,,,,,3.0
2025-03-20 21:00:00+05:30,TR,Central Government DebtFEB,,,,,3.0
2025-03-20 21:00:00+05:30,US,8-Week Bill Auction,,4.220%,,,3.0
2025-03-20 21:00:00+05:30,US,4-Week Bill Auction,,4.225%,,,3.0
2025-03-20 21:30:00+05:30,EU,European Council Meeting,,,,,3.0
2025-03-20 21:30:00+05:30,BR,6-Month LTN Auction,,14.598%,,,3.0
2025-03-20 21:30:00+05:30,US,15-Year Mortgage RateMAR/20,,5.8%,,,3.0
2025-03-20 21:30:00+05:30,BR,2-Year LTN Auction,,,,,3.0
2025-03-20 21:30:00+05:30,BR,10-Year NTN-F Auction,,,,,3.0
2025-03-20 21:30:00+05:30,TR,Central Government DebtFEB,,,,,3.0
2025-03-20 21:30:00+05:30,US,30-Year Mortgage RateMAR/20,,6.65%,,,3.0
2025-03-20 22:30:00+05:30,BR,6-Month LTN Auction,,14.598%,,,3.0
2025-03-20 22:30:00+05:30,TR,Central Government DebtFEB,,TRY9.579T,,TRY 9.7T,3.0
2025-03-20 22:30:00+05:30,BR,2-Year LTN Auction,,14.605%,,,3.0
2025-03-20 22:30:00+05:30,US,10-Year TIPS Auction,,2.243%,,,3.0
2025-03-20 22:30:00+05:30,EU,European Council Meeting,,,,,3.0
2025-03-20 22:30:00+05:30,BR,10-Year NTN-F Auction,,15.028%,,,3.0
2025-03-20 22:35:00+05:30,CA,BoC Macklem Speech,,,,,2.0
2025-03-20 22:35:00+05:30,BR,10-Year NTN-F Auction,,15.028%,,,2.0
2025-03-20 22:35:00+05:30,BR,6-Month LTN Auction,,14.598%,,,2.0
2025-03-20 22:35:00+05:30,BR,2-Year LTN Auction,,14.605%,,,2.0
2025-03-20 22:35:00+05:30,IN,M3 Money Supply YoYMAR/07,,9.6%,,,2.0
2025-03-20 22:35:00+05:30,AR,Tax RevenueFEB,,ARS15032B,,,2.0
2025-03-20 22:35:00+05:30,TR,Central Government DebtFEB,,TRY9.579T,,TRY 9.7T,2.0
2025-03-20 22:35:00+05:30,EU,European Council Meeting,,,,,2.0
2025-03-21 00:30:00+05:30,AR,Unemployment RateQ4,,6.9%,,7.30%,3.0
2025-03-21 02:00:00+05:30,US,Fed Balance SheetMAR/19,,$6.76T,,,3.0
2025-03-21 02:30:00+05:30,KR,PPI MoMFEB,,0.6%,,0.5%,3.0
2025-03-21 02:30:00+05:30,KR,PPI YoYFEB,,1.7%,,1.8%,3.0
2025-03-21 04:30:00+05:30,JP,Reuters Tankan IndexMAR,,3,,10,3.0
2025-03-21 05:00:00+05:30,JP,Core Inflation Rate YoYFEB,,3.2%,2.9%,2.8%,2.0
2025-03-21 05:00:00+05:30,JP,Inflation Rate MoMFEB,,0.5%,,0.2%,3.0
2025-03-21 05:00:00+05:30,JP,Inflation Rate Ex-Food and Energy YoYFEB,,2.5%,,2.3%,3.0
2025-03-21 05:00:00+05:30,JP,Inflation Rate YoYFEB,,4%,,4.2%,1.0
2025-03-21 05:20:00+05:30,JP,Stock Investment by ForeignersMAR/15,,¥-220.5B,,,3.0
2025-03-21 05:20:00+05:30,JP,Foreign Bond InvestmentMAR/15,,¥-355.9B,,,3.0
2025-03-21 05:31:00+05:30,GB,Gfk Consumer ConfidenceMAR,,-20,-21,-21,2.0
2025-03-21 09:05:00+05:30,JP,3-Month Bill Auction,,0.3070%,,,3.0
2025-03-21 12:30:00+05:30,TR,Consumer ConfidenceMAR,,82.1,,82.9,2.0
2025-03-21 12:30:00+05:30,CN,FDI (YTD) YoYFEB,,-13.4%,,-10.0%,3.0
2025-03-21 12:30:00+05:30,GB,Public Sector Net Borrowing Ex BanksFEB,,£15.44B,£-6.6B,£-7.2B,3.0
2025-03-21 13:15:00+05:30,FR,Business Climate IndicatorMAR,,96,,95,3.0
2025-03-21 13:15:00+05:30,FR,Business ConfidenceMAR,,97,97,96,2.0
2025-03-21 13:30:00+05:30,CN,FDI (YTD) YoYFEB,,-13.4%,,-10.0%,3.0
2025-03-21 13:30:00+05:30,TR,Tourist Arrivals YoYFEB,,6.1%,,,3.0
2025-03-21 14:30:00+05:30,EA,Current AccountJAN,,€50.5B,,€37B,3.0
2025-03-21 14:30:00+05:30,DE,Bundesbank Mauderer Speech,,,,,3.0
2025-03-21 14:30:00+05:30,EA,Current Account s.aJAN,,€38.4B,,€34B,3.0
2025-03-21 14:30:00+05:30,CN,FDI (YTD) YoYFEB,,-13.4%,,-10.0%,3.0
2025-03-21 15:30:00+05:30,IT,Current AccountJAN,,€4228M,,€-1200.0M,3.0
2025-03-21 16:00:00+05:30,RU,Interest Rate Decision,,21%,21%,21.0%,3.0
2025-03-21 16:00:00+05:30,CN,FDI (YTD) YoYFEB,,-13.4%,,-10.0%,3.0
2025-03-21 17:00:00+05:30,CN,FDI (YTD) YoYFEB,,-13.4%,,-10.0%,3.0
2025-03-21 17:00:00+05:30,IN,Foreign Exchange ReservesMAR/14,,,,,3.0
2025-03-21 17:30:00+05:30,RU,CBR Press Conference,,,,,3.0
2025-03-21 18:00:00+05:30,CN,FDI (YTD) YoYFEB,,-13.4%,,-10.0%,3.0
2025-03-21 18:00:00+05:30,CA,Retail Sales YoYJAN,,3.9%,,4.0%,3.0
2025-03-21 18:00:00+05:30,CA,New Housing Price Index MoMFEB,,-0.1%,0%,0.0%,2.0
2025-03-21 18:00:00+05:30,CA,Retail Sales Ex Autos MoMJAN,,2.7%,-0.2%,-0.5%,2.0
2025-03-21 18:00:00+05:30,CA,Retail Sales MoM FinalJAN,,2.5%,-0.4%,-0.4%,2.0
2025-03-21 18:00:00+05:30,BR,Federal Tax RevenuesFEB,,,,,3.0
2025-03-21 18:00:00+05:30,CA,New Housing Price Index YoYFEB,,0.1%,,0.2%,2.0
2025-03-21 18:00:00+05:30,CA,Retail Sales MoM PrelFEB,,,,0.3%,2.0
2025-03-21 18:35:00+05:30,US,Fed Williams Speech,,,,,2.0
2025-03-21 20:30:00+05:30,CN,FDI (YTD) YoYFEB,,-13.4%,,-10.0%,2.0
2025-03-21 20:30:00+05:30,BR,Federal Tax RevenuesFEB,,,,,2.0
2025-03-21 20:30:00+05:30,RU,Consumer ConfidenceQ1,,-9,,-12,2.0
2025-03-21 20:30:00+05:30,EA,Consumer Confidence FlashMAR,,-13.6,-13,-14.0,2.0
2025-03-21 22:30:00+05:30,US,Baker Hughes Oil Rig CountMAR/21,,487,,,3.0
2025-03-21 22:30:00+05:30,BR,Federal Tax RevenuesFEB,,,,,3.0
2025-03-21 22:30:00+05:30,RU,Consumer ConfidenceQ1,,-9,,-12,3.0
2025-03-21 22:30:00+05:30,BR,Federal Tax RevenuesJAN,,BRL261.3B,,,3.0
2025-03-21 22:30:00+05:30,US,Baker Hughes Total Rigs CountMAR/21,,592,,,3.0
2025-03-21 22:30:00+05:30,CN,FDI (YTD) YoYFEB,,-13.4%,,-10.0%,3.0
2025-03-22 00:30:00+05:30,AR,Retail Sales YoYJAN,,121.5%,,110.0%,3.0
2025-03-24 03:30:00+05:30,AU,S&P Global Manufacturing PMI FlashMAR,,50.4,,50.7,2.0
2025-03-24 03:30:00+05:30,AU,S&P Global Services PMI FlashMAR,,50.8,,50.9,2.0
2025-03-24 03:30:00+05:30,AU,S&P Global Composite PMI FlashMAR,,50.6,,50.8,3.0
2025-03-24 06:00:00+05:30,JP,Jibun Bank Composite PMI FlashMAR,,52,,52,3.0
2025-03-24 06:00:00+05:30,JP,Jibun Bank Services PMI FlashMAR,,53.7,,52,2.0
2025-03-24 06:00:00+05:30,JP,Jibun Bank Manufacturing PMI FlashMAR,,49.0,,49.4,2.0
2025-03-24 10:30:00+05:30,SG,Core Inflation Rate YoYFEB,,0.8%,,0.5%,3.0
2025-03-24 10:30:00+05:30,IN,HSBC Manufacturing PMI FlashMAR,,56.3,,56.5,2.0
2025-03-24 10:30:00+05:30,KR,5-Year KTB Auction,,2.685%,,,3.0
2025-03-24 10:30:00+05:30,SG,Inflation Rate YoYFEB,,1.2%,,0.9%,3.0
2025-03-24 10:30:00+05:30,IN,HSBC Composite PMI FlashMAR,,58.8,,59.1,2.0
2025-03-24 10:30:00+05:30,SG,Inflation Rate MoMFEB,,-0.7%,,0.6%,3.0
2025-03-24 10:30:00+05:30,IN,HSBC Services PMI FlashMAR,,59.0,,59.4,2.0
2025-03-24 13:45:00+05:30,FR,HCOB Manufacturing PMI FlashMAR,,45.8,,47,2.0
2025-03-24 13:45:00+05:30,FR,HCOB Composite PMI FlashMAR,,45.1,,47.7,2.0
2025-03-24 13:45:00+05:30,FR,HCOB Services PMI FlashMAR,,45.3,,47.8,2.0
2025-03-24 14:00:00+05:30,DE,HCOB Composite PMI FlashMAR,,50.4,,50.2,2.0
2025-03-24 14:00:00+05:30,DE,HCOB Manufacturing PMI FlashMAR,,46.5,,46,1.0
2025-03-24 14:00:00+05:30,DE,HCOB Services PMI FlashMAR,,51.1,,51,2.0
2025-03-24 14:30:00+05:30,EA,HCOB Services PMI FlashMAR,,50.6,,50.6,2.0
2025-03-24 14:30:00+05:30,EA,HCOB Manufacturing PMI FlashMAR,,47.6,,46.3,2.0
2025-03-24 14:30:00+05:30,EA,HCOB Composite PMI FlashMAR,,50.2,,50,2.0
2025-03-24 15:00:00+05:30,GB,S&P Global Manufacturing PMI FlashMAR,,,,47.9,1.0
2025-03-24 15:00:00+05:30,GB,S&P Global Services PMI FlashMAR,,51,,51.5,1.0
2025-03-24 15:00:00+05:30,GB,S&P Global Composite PMI FlashMAR,,50.5,,51.4,3.0
2025-03-24 16:00:00+05:30,DE,3-Month Bubill Auction,,,,,3.0
2025-03-24 16:00:00+05:30,DE,9-Month Bubill Auction,,,,,3.0
2025-03-24 16:15:00+05:30,EU,EU Bond Auction,,,,,3.0
2025-03-24 17:30:00+05:30,MX,Economic Activity MoMJAN,,-1%,,,3.0
2025-03-24 17:30:00+05:30,MX,Mid-month Inflation Rate MoMMAR,,0.15%,,,3.0
2025-03-24 17:30:00+05:30,MX,Mid-month Inflation Rate YoYMAR,,3.74%,,,3.0
2025-03-24 17:30:00+05:30,MX,Mid-month Core Inflation Rate MoMMAR,,0.27%,,,3.0
2025-03-24 17:30:00+05:30,MX,Mid-month Core Inflation Rate YoYMAR,,3.63%,,,3.0
2025-03-24 17:30:00+05:30,MX,Economic Activity YoYJAN,,-0.4%,,-1.1%,3.0
2025-03-24 18:00:00+05:30,US,Chicago Fed National Activity IndexFEB,,-0.03,,0.08,2.0
2025-03-24 19:15:00+05:30,US,S&P Global Composite PMI FlashMAR,,51.6,,50.2,2.0
2025-03-24 19:15:00+05:30,US,S&P Global Services PMI FlashMAR,,51,,49.5,2.0
2025-03-24 19:15:00+05:30,US,S&P Global Manufacturing PMI FlashMAR,,52.7,,51,2.0
2025-03-24 19:30:00+05:30,FR,12-Month BTF Auction,,2.279%,,,3.0
2025-03-24 19:30:00+05:30,FR,3-Month BTF Auction,,2.348%,,,3.0
2025-03-24 19:30:00+05:30,FR,6-Month BTF Auction,,2.306%,,,3.0
2025-03-24 21:00:00+05:30,BR,BCB Focus Market Readout,,,,,3.0
2025-03-24 21:00:00+05:30,US,3-Month Bill Auction,,,,,3.0
2025-03-24 21:00:00+05:30,US,6-Month Bill Auction,,,,,3.0
2025-03-25 02:30:00+05:30,KR,Consumer ConfidenceMAR,,95.2,,100,2.0
2025-03-25 04:40:00+05:30,AU,RBA Jones Speech,,,,,2.0
2025-03-25 05:20:00+05:30,AU,2025–26 Federal Budget,,,,,2.0
2025-03-25 05:20:00+05:30,JP,BoJ Monetary Policy Meeting Minutes,,,,,2.0
2025-03-25 10:30:00+05:30,AU,2025–26 Federal Budget,,,,,3.0
2025-03-25 10:30:00+05:30,KR,20-Year KTB Auction,,2.705%,,,3.0
2025-03-25 10:30:00+05:30,EU,New Car Registrations YoYFEB,,-2.6%,,-2%,2.0
2025-03-25 10:30:00+05:30,SG,MAS 4-Week Bill Auction,,2.7%,,,3.0
2025-03-25 10:30:00+05:30,SG,MAS 12-Week Bill Auction,,2.67%,,,3.0
2025-03-25 12:30:00+05:30,TR,Business ConfidenceMAR,,102.4,,102,2.0
2025-03-25 12:30:00+05:30,ZA,Leading Business Cycle Indicator MoMJAN,,-1.8%,,0.9%,3.0
2025-03-25 12:30:00+05:30,TR,Capacity UtilizationMAR,,74.5%,,74.9%,3.0
2025-03-25 13:30:00+05:30,AU,2025–26 Federal Budget,,,,,3.0
2025-03-25 13:30:00+05:30,ES,PPI YoYFEB,,2.6%,,2.9%,3.0
2025-03-25 13:30:00+05:30,ZA,Consumer ConfidenceQ1,,-6,,-8,3.0
2025-03-25 14:30:00+05:30,DE,Ifo ExpectationsMAR,,85.4,,88.5,3.0
2025-03-25 14:30:00+05:30,DE,Ifo Current ConditionsMAR,,85,,84.9,3.0
2025-03-25 14:30:00+05:30,DE,Ifo Business ClimateMAR,,85.2,,87.9,1.0
2025-03-25 14:30:00+05:30,AU,2025–26 Federal Budget,,,,,3.0
2025-03-25 15:30:00+05:30,GB,20-Year Treasury Gilt Auction,,4.836%,,,3.0
2025-03-25 16:00:00+05:30,ES,Consumer ConfidenceFEB,,84.9,,84.4,3.0
2025-03-25 16:00:00+05:30,AU,2025–26 Federal Budget,,,,,3.0
2025-03-25 16:00:00+05:30,DE,5-Year Bobl Auction,,,,,3.0
2025-03-25 16:30:00+05:30,ES,Consumer ConfidenceFEB,,84.9,,84.4,2.0
2025-03-25 16:30:00+05:30,GB,CBI Distributive TradesMAR,,-23,,-30,2.0
2025-03-25 16:30:00+05:30,BR,FGV Consumer ConfidenceMAR,,83.6,,,3.0
2025-03-25 16:30:00+05:30,AU,2025–26 Federal Budget,,,,,2.0
2025-03-25 16:30:00+05:30,BR,BCB Copom Meeting Minutes,,,,,2.0
2025-03-25 17:30:00+05:30,MX,Retail Sales YoYJAN,,-0.2%,,,3.0
2025-03-25 17:30:00+05:30,MX,Retail Sales MoMJAN,,0.1%,,,3.0
2025-03-25 18:00:00+05:30,US,Building Permits MoM FinalFEB,,,,,3.0
2025-03-25 18:00:00+05:30,AU,2025–26 Federal Budget,,,,,3.0
2025-03-25 18:00:00+05:30,CA,Manufacturing Sales MoM PrelFEB,,1.7%,,,3.0
2025-03-25 18:00:00+05:30,US,Building Permits FinalFEB,,,,,3.0
2025-03-25 18:00:00+05:30,ES,Consumer ConfidenceFEB,,84.9,,84.4,3.0
2025-03-25 18:25:00+05:30,US,Redbook YoYMAR/22,,5.2%,,,3.0
2025-03-25 18:30:00+05:30,US,House Price Index MoMJAN,,0.4%,,0.3%,3.0
2025-03-25 18:30:00+05:30,US,House Price Index YoYJAN,,4.7%,,4.7%,3.0
2025-03-25 18:30:00+05:30,US,S&P/Case-Shiller Home Price YoYJAN,,4.5%,,4.2%,2.0
2025-03-25 18:30:00+05:30,ES,Consumer ConfidenceFEB,,84.9,,84.4,3.0
2025-03-25 18:30:00+05:30,US,Building Permits FinalFEB,,,,,3.0
2025-03-25 18:30:00+05:30,US,S&P/Case-Shiller Home Price MoMJAN,,-0.1%,,-0.4%,3.0
2025-03-25 18:30:00+05:30,US,Building Permits MoM FinalFEB,,,,,3.0
2025-03-25 18:30:00+05:30,US,House Price IndexJAN,,436.1,,437.4,3.0
2025-03-25 18:30:00+05:30,AU,2025–26 Federal Budget,,,,,3.0
2025-03-25 19:30:00+05:30,US,New Home Sales MoMFEB,,-10.5%,,0.5%,2.0
2025-03-25 19:30:00+05:30,US,Richmond Fed Manufacturing Shipments IndexMAR,,12,,,3.0
2025-03-25 19:30:00+05:30,US,Building Permits FinalFEB,,,,,3.0
2025-03-25 19:30:00+05:30,ES,Consumer ConfidenceFEB,,84.9,,84.4,3.0
2025-03-25 19:30:00+05:30,US,Richmond Fed Services Revenues IndexMAR,,11,,,3.0
2025-03-25 19:30:00+05:30,US,Richmond Fed Manufacturing IndexMAR,,6,,3,3.0
2025-03-25 19:30:00+05:30,AU,2025–26 Federal Budget,,,,,3.0
2025-03-25 19:30:00+05:30,US,New Home SalesFEB,,0.657M,,0.66M,2.0
2025-03-25 19:30:00+05:30,US,CB Consumer ConfidenceMAR,,98.3,,97.4,2.0
2025-03-25 19:30:00+05:30,US,Building Permits MoM FinalFEB,,,,,3.0
2025-03-25 22:30:00+05:30,US,Money SupplyFEB,,,,,3.0
2025-03-25 22:30:00+05:30,US,2-Year Note Auction,,4.169%,,,3.0
2025-03-25 22:30:00+05:30,US,Building Permits FinalFEB,,,,,3.0
2025-03-25 22:30:00+05:30,ES,Consumer ConfidenceFEB,,84.9,,84.4,3.0
2025-03-25 22:30:00+05:30,US,Building Permits MoM FinalFEB,,-1.2%,,,3.0
2025-03-25 22:30:00+05:30,AU,2025–26 Federal Budget,,,,,3.0
2025-03-26 02:00:00+05:30,US,API Crude Oil Stock ChangeMAR/21,,4.593M,,,2.0
2025-03-26 02:30:00+05:30,KR,Business ConfidenceMAR,,65,,72,2.0
2025-03-26 06:00:00+05:30,AU,Monthly CPI IndicatorFEB,,2.5%,,2.6%,2.0
2025-03-26 10:30:00+05:30,SG,Industrial Production YoYFEB,,9.1%,,3.0%,3.0
2025-03-26 10:30:00+05:30,SG,5-Year Bond Auction,,2.56%,,,3.0
2025-03-26 10:30:00+05:30,SG,Industrial Production MoMFEB,,4.5%,,-2.3%,3.0
2025-03-26 10:30:00+05:30,SG,6-Month T-Bill Auction,,2.56%,,,3.0
2025-03-26 10:30:00+05:30,JP,Coincident Index FinalJAN,,116.1,,116.2,3.0
2025-03-26 10:30:00+05:30,JP,Leading Economic Index FinalJAN,,107.9,108.0,108.0,3.0
2025-03-26 12:30:00+05:30,GB,Retail Price Index YoYFEB,,3.6%,,3.3%,3.0
2025-03-26 12:30:00+05:30,GB,Core Inflation Rate MoMFEB,,-0.4%,,0.4%,3.0
2025-03-26 12:30:00+05:30,GB,Inflation Rate MoMFEB,,-0.1%,,0.3%,2.0
2025-03-26 12:30:00+05:30,GB,PPI Input YoYFEB,,-0.1%,,0.1%,3.0
2025-03-26 12:30:00+05:30,GB,Core Inflation Rate YoYFEB,,3.7%,,3.5%,2.0
2025-03-26 12:30:00+05:30,GB,PPI Output YoYFEB,,0.3%,,0.8%,3.0
2025-03-26 12:30:00+05:30,GB,Inflation Rate YoYFEB,,3%,,2.7%,1.0
2025-03-26 12:30:00+05:30,GB,PPI Core Output MoMFEB,,0.3%,,,3.0
2025-03-26 12:30:00+05:30,GB,Retail Price Index MoMFEB,,-0.1%,,,3.0
2025-03-26 12:30:00+05:30,GB,PPI Output MoMFEB,,0.5%,,,3.0
2025-03-26 12:30:00+05:30,GB,PPI Input MoMFEB,,0.8%,,0.5%,3.0
2025-03-26 12:30:00+05:30,GB,PPI Core Output YoYFEB,,1.5%,,1.9%,3.0
2025-03-26 13:15:00+05:30,FR,Consumer ConfidenceMAR,,93,,91,2.0
2025-03-26 13:30:00+05:30,GB,Spring Economic Statement,,,,,3.0
2025-03-26 13:30:00+05:30,EA,ECB Non-Monetary Policy Meeting,,,,,3.0
2025-03-26 13:30:00+05:30,ES,GDP Growth Rate YoY FinalQ4,,3.5%,3.5%,3.5%,3.0
2025-03-26 13:30:00+05:30,ES,GDP Growth Rate QoQ FinalQ4,,0.8%,0.8%,0.8%,3.0
2025-03-26 14:40:00+05:30,GB,Spring Economic Statement,,,,,3.0
2025-03-26 14:40:00+05:30,IT,BTP€i Auction,,,,,3.0
2025-03-26 15:40:00+05:30,IT,2-Year BTP Short Term Auction,,,,,3.0
2025-03-26 16:00:00+05:30,DE,15-Year Bund Auction,,,,,3.0
2025-03-26 16:00:00+05:30,GB,Spring Economic Statement,,,,,3.0
2025-03-26 16:30:00+05:30,US,MBA Mortgage Market IndexMAR/21,,,,,3.0
2025-03-26 16:30:00+05:30,US,MBA 30-Year Mortgage RateMAR/21,,6.72%,,,2.0
2025-03-26 16:30:00+05:30,US,MBA Mortgage ApplicationsMAR/21,,-6.2%,,,3.0
2025-03-26 16:30:00+05:30,US,MBA Purchase IndexMAR/21,,,,,3.0
2025-03-26 16:30:00+05:30,US,MBA Mortgage Refinance IndexMAR/21,,,,,3.0
2025-03-26 16:30:00+05:30,FR,Unemployment Benefit ClaimsFEB,,204.8K,,65.0K,2.0
2025-03-26 16:30:00+05:30,FR,Jobseekers TotalFEB,,3162K,,3227K,3.0
2025-03-26 17:00:00+05:30,GB,Spring Economic Statement,,,,,3.0
2025-03-26 17:00:00+05:30,BR,Foreign Direct InvestmentFEB,,$6.501B,,,3.0
2025-03-26 17:00:00+05:30,BR,Current AccountFEB,,$-8.655B,,,3.0
2025-03-26 18:00:00+05:30,CA,Wholesale Sales MoM PrelFEB,,1.2%,,,3.0
2025-03-26 18:00:00+05:30,US,Durable Goods Orders Ex Transp MoMFEB,,0%,,,2.0
2025-03-26 18:00:00+05:30,US,Durable Goods Orders MoMFEB,,3.1%,,,1.0
2025-03-26 18:00:00+05:30,US,Durable Goods Orders ex Defense MoMFEB,,3.5%,,,3.0
2025-03-26 18:00:00+05:30,GB,Spring Economic Statement,,,,,3.0
2025-03-26 18:00:00+05:30,US,Non Defense Goods Orders Ex AirFEB,,0.8%,,,3.0
2025-03-26 20:00:00+05:30,US,EIA Gasoline Production ChangeMAR/21,,,,,3.0
2025-03-26 20:00:00+05:30,US,EIA Crude Oil Imports ChangeMAR/21,,,,,3.0
2025-03-26 20:00:00+05:30,US,EIA Distillate Stocks ChangeMAR/21,,,,,3.0
2025-03-26 20:00:00+05:30,US,EIA Cushing Crude Oil Stocks ChangeMAR/21,,,,,3.0
2025-03-26 20:00:00+05:30,US,EIA Heating Oil Stocks ChangeMAR/21,,,,,3.0
2025-03-26 20:00:00+05:30,US,EIA Refinery Crude Runs ChangeMAR/21,,,,,3.0
2025-03-26 20:00:00+05:30,US,EIA Crude Oil Stocks ChangeMAR/21,,,,,2.0
2025-03-26 20:00:00+05:30,US,EIA Distillate Fuel Production ChangeMAR/21,,,,,3.0
2025-03-26 20:00:00+05:30,US,EIA Gasoline Stocks ChangeMAR/21,,,,,2.0
2025-03-26 20:00:00+05:30,GB,Spring Economic Statement,,,,,3.0
2025-03-26 21:30:00+05:30,RU,Industrial Production YoYFEB,,2.2%,,-3.0%,3.0
2025-03-26 21:30:00+05:30,RU,Corporate ProfitsJAN,,RUB30.43T,,RUB 2.7T,3.0
2025-03-26 21:30:00+05:30,GB,Spring Economic Statement,,,,,3.0
2025-03-26 22:30:00+05:30,US,5-Year Note Auction,,4.123%,,,3.0
2025-03-26 22:30:00+05:30,US,2-Year FRN Auction,,0.090%,,,3.0
2025-03-26 23:00:00+05:30,GB,Spring Economic Statement,,,,,2.0
2025-03-26 23:00:00+05:30,CA,BoC Summary of Deliberations,,,,,2.0
2025-03-27 05:20:00+05:30,JP,Stock Investment by ForeignersMAR/22,,,,,3.0
2025-03-27 05:20:00+05:30,JP,Foreign Bond InvestmentMAR/22,,,,,3.0
2025-03-27 05:31:00+05:30,GB,Car Production YoYFEB,,,,,3.0
2025-03-27 07:00:00+05:30,CN,Industrial Profits (YTD) YoYFEB,,-3.3%,,4.0%,3.0
2025-03-27 09:05:00+05:30,JP,40-Year JGB Auction,,2.570%,,,3.0
2025-03-27 11:30:00+05:30,SA,Balance of TradeJAN,,SAR15.3B,,,3.0
2025-03-27 11:30:00+05:30,SA,ImportsJAN,,SAR79.0B,,,3.0
2025-03-27 11:30:00+05:30,SA,ExportsJAN,,SAR94.3B,,,3.0
2025-03-27 11:30:00+05:30,SA,Unemployment RateQ4,,3.7%,,3.20%,3.0
2025-03-27 12:30:00+05:30,TR,Participation RateFEB,,53.7%,,,3.0
2025-03-27 12:30:00+05:30,SA,Unemployment RateQ4,,3.7%,,3.20%,3.0
2025-03-27 12:30:00+05:30,TR,Imports FinalFEB,,,,,3.0
2025-03-27 12:30:00+05:30,TR,Exports FinalFEB,,,,,3.0
2025-03-27 12:30:00+05:30,TR,Unemployment RateFEB,,8.4%,,,2.0
2025-03-27 12:30:00+05:30,TR,Balance of Trade FinalFEB,,,,,2.0
2025-03-27 13:30:00+05:30,ES,Retail Sales YoYFEB,,2.2%,,,3.0
2025-03-27 13:30:00+05:30,SA,Unemployment RateQ4,,3.7%,,3.20%,3.0
2025-03-27 13:30:00+05:30,EA,ECB General Council Meeting,,,,,2.0
2025-03-27 13:30:00+05:30,ES,Retail Sales MoMFEB,,,,,3.0
2025-03-27 14:30:00+05:30,EA,Loans to Households YoYFEB,,1.3%,,1.5%,3.0
2025-03-27 14:30:00+05:30,EA,M3 Money Supply YoYFEB,,3.6%,,3.4%,3.0
2025-03-27 14:30:00+05:30,EA,Loans to Companies YoYFEB,,2%,,2.3%,3.0
2025-03-27 14:45:00+05:30,ES,Current AccountJAN,,,,,3.0
2025-03-27 15:00:00+05:30,ZA,PPI YoYFEB,,1.1%,,1.3%,3.0
2025-03-27 15:00:00+05:30,ZA,PPI MoMFEB,,0.5%,,0.5%,3.0
2025-03-27 15:00:00+05:30,SA,Unemployment RateQ4,,3.7%,,3.20%,3.0
2025-03-27 15:30:00+05:30,GB,7-Year Treasury Gilt Auction,,4.155%,,,3.0
2025-03-27 15:40:00+05:30,SA,Unemployment RateQ4,,3.7%,,3.20%,3.0
2025-03-27 15:40:00+05:30,IT,6-Month BOT Auction,,,,,3.0
2025-03-27 17:00:00+05:30,SA,Unemployment RateQ4,,3.7%,,3.20%,3.0
2025-03-27 17:00:00+05:30,TR,Foreign Exchange ReservesMAR/21,,,,,3.0
2025-03-27 17:30:00+05:30,BR,IPCA mid-month CPI YoYMAR,,4.96%,,,3.0
2025-03-27 17:30:00+05:30,MX,Balance of TradeFEB,,$-4.558B,,,2.0
2025-03-27 17:30:00+05:30,BR,IPCA mid-month CPI MoMMAR,,1.23%,,,3.0
2025-03-27 18:00:00+05:30,US,PCE Prices QoQ FinalQ4,,1.5%,2.4%,2.4%,3.0
2025-03-27 18:00:00+05:30,US,Core PCE Prices QoQ FinalQ4,,,,,3.0
2025-03-27 18:00:00+05:30,CA,Average Weekly Earnings YoYJAN,,5.8%,,5.5%,3.0
2025-03-27 18:00:00+05:30,US,GDP Sales QoQ FinalQ4,,3.3%,,3.2%,3.0
2025-03-27 18:00:00+05:30,US,Real Consumer Spending QoQ FinalQ4,,3.7%,4.2%,4.2%,3.0
2025-03-27 18:00:00+05:30,US,GDP Growth Rate QoQ FinalQ4,,3.1%,,2.3%,1.0
2025-03-27 18:00:00+05:30,US,Continuing Jobless ClaimsMAR/15,,,,,3.0
2025-03-27 18:00:00+05:30,US,Initial Jobless ClaimsMAR/22,,,,,2.0
2025-03-27 18:00:00+05:30,US,GDP Price Index QoQ FinalQ4,,1.9%,,2.4%,2.0
2025-03-27 18:00:00+05:30,US,Retail Inventories Ex Autos MoM AdvFEB,,0.5%,,,2.0
2025-03-27 18:00:00+05:30,US,Wholesale Inventories MoM AdvFEB,,0.8%,,,2.0
2025-03-27 18:00:00+05:30,US,Corporate Profits QoQQ4,,-0.4%,,-0.9%,2.0
2025-03-27 18:00:00+05:30,US,Goods Trade Balance AdvFEB,,$-153.26B,,$-149.0B,2.0
2025-03-27 18:00:00+05:30,US,Jobless Claims 4-week AverageMAR/22,,,,,3.0
2025-03-27 18:25:00+05:30,SA,Unemployment RateQ4,,3.7%,,3.20%,2.0
2025-03-27 18:25:00+05:30,ES,Business ConfidenceMAR,,-6.2,,-6,2.0
2025-03-27 19:30:00+05:30,US,Pending Home Sales MoMFEB,,-4.6%,,2.9%,2.0
2025-03-27 19:30:00+05:30,US,Pending Home Sales YoYFEB,,-5.2%,,-3.7%,2.0
2025-03-27 19:30:00+05:30,SA,Unemployment RateQ4,,3.7%,,3.20%,2.0
2025-03-27 20:00:00+05:30,US,EIA Natural Gas Stocks ChangeMAR/21,,,,,3.0
2025-03-27 20:00:00+05:30,SA,Unemployment RateQ4,,3.7%,,3.20%,3.0
2025-03-27 20:30:00+05:30,US,Kansas Fed Composite IndexMAR,,-5,,,3.0
2025-03-27 20:30:00+05:30,US,Kansas Fed Manufacturing IndexMAR,,-13,,3,3.0
2025-03-27 21:00:00+05:30,SA,Unemployment RateQ4,,3.7%,,3.20%,3.0
2025-03-27 21:00:00+05:30,US,8-Week Bill Auction,,,,,3.0
2025-03-27 21:00:00+05:30,US,4-Week Bill Auction,,,,,3.0
2025-03-27 21:30:00+05:30,US,30-Year Mortgage RateMAR/27,,,,,3.0
2025-03-27 21:30:00+05:30,BR,10-Year NTN-F Auction,,,,,3.0
2025-03-27 21:30:00+05:30,SA,Unemployment RateQ4,,3.7%,,3.20%,3.0
2025-03-27 21:30:00+05:30,CA,2-Year Bond Auction,,,,,3.0
2025-03-27 21:30:00+05:30,BR,2-Year LTN Auction,,,,,3.0
2025-03-27 21:30:00+05:30,US,15-Year Mortgage RateMAR/27,,,,,3.0
2025-03-27 22:30:00+05:30,US,7-Year Note Auction,,4.194%,,,3.0
2025-03-27 22:30:00+05:30,BR,2-Year LTN Auction,,,,,3.0
2025-03-27 22:30:00+05:30,BR,10-Year NTN-F Auction,,,,,3.0
2025-03-27 22:30:00+05:30,RU,GDP YoYJAN,,4.5%,,4.4%,3.0
2025-03-27 22:30:00+05:30,SA,Unemployment RateQ4,,3.7%,,3.20%,3.0
2025-03-28 00:30:00+05:30,AR,Economic Activity YoYJAN,,,,,3.0
2025-03-28 00:30:00+05:30,MX,Interest Rate Decision,,9.5%,,9.00%,2.0
2025-03-28 00:30:00+05:30,AR,Current AccountQ4,,$1401M,,$950.0M,3.0
2025-03-28 02:00:00+05:30,US,Fed Barkin Speech,,,,,2.0
2025-03-28 02:00:00+05:30,US,Fed Balance SheetMAR/26,,,,,3.0
2025-03-28 05:00:00+05:30,JP,Tokyo CPI Ex Food and Energy YoYMAR,,,,,3.0
2025-03-28 05:00:00+05:30,JP,Tokyo Core CPI YoYMAR,,,,,3.0
2025-03-28 05:00:00+05:30,JP,Tokyo CPI YoYMAR,,,,,3.0
2025-03-28 05:20:00+05:30,JP,BoJ Summary of Opinions,,,,,2.0
2025-03-28 07:30:00+05:30,SG,Bank LendingFEB,,S$836.3B,,S$840.0B,3.0
2025-03-28 09:05:00+05:30,JP,3-Month Bill Auction,,,,,3.0
2025-03-28 10:30:00+05:30,JP,Housing Starts YoYFEB,,-4.6%,,,2.0
2025-03-28 10:30:00+05:30,SG,Import Prices YoYFEB,,-1.3%,,,3.0
2025-03-28 10:30:00+05:30,SG,PPI YoYFEB,,5.5%,,,3.0
2025-03-28 10:30:00+05:30,JP,Construction Orders YoYFEB,,,,,3.0
2025-03-28 10:30:00+05:30,SG,Export Prices YoYFEB,,-2.2%,,,3.0
2025-03-28 12:30:00+05:30,GB,Goods Trade Balance Non-EUJAN,,£-6.1B,,£ -8.0B,2.0
2025-03-28 12:30:00+05:30,GB,GDP Growth Rate QoQ FinalQ4,,0%,0.1%,0.1%,3.0
2025-03-28 12:30:00+05:30,GB,Goods Trade BalanceJAN,,£-17.45B,£-16.8B,£-18.6B,2.0
2025-03-28 12:30:00+05:30,GB,Business Investment QoQ FinalQ4,,1.9%,,,3.0
2025-03-28 12:30:00+05:30,GB,Retail Sales ex Fuel YoYFEB,,1.2%,,,3.0
2025-03-28 12:30:00+05:30,GB,Retail Sales MoMFEB,,1.7%,,,1.0
2025-03-28 12:30:00+05:30,GB,Retail Sales ex Fuel MoMFEB,,2.1%,,,3.0
2025-03-28 12:30:00+05:30,DE,GfK Consumer ConfidenceAPR,,-24.7,,-22,1.0
2025-03-28 12:30:00+05:30,GB,Business Investment YoY FinalQ4,,4.4%,,,3.0
2025-03-28 12:30:00+05:30,GB,GDP Growth Rate YoY FinalQ4,,1%,1.4%,1.4%,3.0
2025-03-28 12:30:00+05:30,GB,Balance of TradeJAN,,£-2.82B,,£-3.5B,3.0
2025-03-28 12:30:00+05:30,GB,Current AccountQ4,,£-18.1B,,£ -16.5B,2.0
2025-03-28 12:30:00+05:30,GB,Retail Sales YoYFEB,,1%,,,2.0
2025-03-28 12:30:00+05:30,TR,Economic Confidence IndexMAR,,,,100,3.0
2025-03-28 13:15:00+05:30,FR,Harmonised Inflation Rate YoY PrelMAR,,0.9%,,1.1%,3.0
2025-03-28 13:15:00+05:30,FR,Household Consumption MoMFEB,,-0.5%,,0.4%,3.0
2025-03-28 13:15:00+05:30,FR,PPI YoYFEB,,-2.1%,,-0.1%,3.0
2025-03-28 13:15:00+05:30,FR,Inflation Rate YoY PrelMAR,,0.8%,,1.0%,1.0
2025-03-28 13:15:00+05:30,FR,Inflation Rate MoM PrelMAR,,0%,,0.4%,2.0
2025-03-28 13:15:00+05:30,FR,PPI MoMFEB,,0.7%,,0.5%,3.0
2025-03-28 13:15:00+05:30,FR,Harmonised Inflation Rate MoM PrelMAR,,0.1%,,0.4%,3.0
2025-03-28 13:30:00+05:30,ES,Core Inflation Rate YoY PrelMAR,,2.2%,,,3.0
2025-03-28 13:30:00+05:30,ES,Harmonised Inflation Rate YoY PrelMAR,,2.9%,,2.5%,3.0
2025-03-28 13:30:00+05:30,ES,Inflation Rate YoY PrelMAR,,3%,,2.7%,2.0
2025-03-28 13:30:00+05:30,ES,Inflation Rate MoM PrelMAR,,,,0.3%,2.0
2025-03-28 13:30:00+05:30,ES,Harmonised Inflation Rate MoM PrelMAR,,0.4%,,,3.0
2025-03-28 14:25:00+05:30,DE,Unemployment RateMAR,,6.2%,,6.20%,2.0
2025-03-28 14:25:00+05:30,DE,Unemployed PersonsMAR,,2.886M,,2.9M,2.0
2025-03-28 14:25:00+05:30,DE,Unemployment ChangeMAR,,5K,,6.0K,2.0
2025-03-28 14:30:00+05:30,IT,Business ConfidenceMAR,,87.0,,86.2,2.0
2025-03-28 14:30:00+05:30,IT,Consumer ConfidenceMAR,,98.8,,97.9,2.0
2025-03-28 15:30:00+05:30,EA,Consumer Confidence FinalMAR,,-13.6,,,3.0
2025-03-28 15:30:00+05:30,IT,Industrial Sales YoYJAN,,-7.2%,,-6.3%,3.0
2025-03-28 15:30:00+05:30,IT,Industrial Sales MoMJAN,,-2.7%,,1.2%,3.0
2025-03-28 15:30:00+05:30,EA,Economic SentimentMAR,,96.3,,94.2,2.0
2025-03-28 15:30:00+05:30,EA,Industrial SentimentMAR,,-11.4,,-14,3.0
2025-03-28 15:30:00+05:30,EA,Selling Price ExpectationsMAR,,9.8,,9.1,3.0
2025-03-28 15:30:00+05:30,EA,Consumer Inflation ExpectationsMAR,,21.1,,19,3.0
2025-03-28 15:30:00+05:30,EA,Services SentimentMAR,,6.2,,6,3.0
2025-03-28 15:40:00+05:30,IT,BTP Auction,,,,,3.0
2025-03-28 16:30:00+05:30,IT,PPI YoYFEB,,4.4%,,5.8%,3.0
2025-03-28 16:30:00+05:30,CA,CFIB Business BarometerMAR,,49.5,,49.3,3.0
2025-03-28 16:30:00+05:30,IT,PPI MoMFEB,,1.6%,,0.4%,3.0
2025-03-28 16:30:00+05:30,BR,IGP-M Inflation MoMMAR,,1.06%,,,3.0
2025-03-28 17:00:00+05:30,IN,Bank Loan Growth YoYMAR/14,,,,,3.0
2025-03-28 17:00:00+05:30,IN,Foreign Exchange ReservesMAR/21,,,,,3.0
2025-03-28 17:00:00+05:30,IN,Deposit Growth YoYMAR/14,,,,,3.0
2025-03-28 17:30:00+05:30,BR,Unemployment RateFEB,,6.5%,,6.8%,2.0
2025-03-28 17:30:00+05:30,MX,Unemployment RateFEB,,2.7%,,,2.0
2025-03-28 18:00:00+05:30,US,Personal Spending MoMFEB,,-0.2%,,,1.0
2025-03-28 18:00:00+05:30,US,PCE Price Index MoMFEB,,0.3%,,0.5%,2.0
2025-03-28 18:00:00+05:30,US,PCE Price Index YoYFEB,,2.5%,,2.7%,2.0
2025-03-28 18:00:00+05:30,US,Core PCE Price Index YoYFEB,,2.6%,,2.8%,3.0
2025-03-28 18:00:00+05:30,US,Core PCE Price Index MoMFEB,,0.3%,,0.4%,1.0
2025-03-28 18:00:00+05:30,US,Personal Income MoMFEB,,0.9%,,0.3%,1.0
2025-03-28 18:00:00+05:30,CA,GDP MoMJAN,,0.2%,0.3%,0.3%,2.0
2025-03-28 18:00:00+05:30,CA,GDP MoM PrelFEB,,,,-0.1%,2.0
2025-03-28 19:30:00+05:30,US,Michigan Current Conditions FinalMAR,,65.7,,,3.0
2025-03-28 19:30:00+05:30,US,Michigan Consumer Expectations FinalMAR,,64.0,54.2,54.2,3.0
2025-03-28 19:30:00+05:30,US,Michigan 5 Year Inflation Expectations FinalMAR,,3.5%,,,3.0
2025-03-28 19:30:00+05:30,US,Michigan Consumer Sentiment FinalMAR,,64.7,57.9,57.9,2.0
2025-03-28 19:30:00+05:30,US,Michigan Inflation Expectations FinalMAR,,4.3%,4.9%,4.9%,3.0
2025-03-28 20:30:00+05:30,BR,Net PayrollsFEB,,137.303K,,150.0K,3.0
2025-03-28 20:30:00+05:30,CA,Budget BalanceJAN,,C$1B,,C$1.5B,3.0
2025-03-28 22:30:00+05:30,US,Baker Hughes Oil Rig CountMAR/28,,,,,3.0
2025-03-28 22:30:00+05:30,US,Baker Hughes Total Rigs CountMAR/28,,,,,3.0
2025-03-28 22:30:00+05:30,BR,Net PayrollsFEB,,137.303K,,150.0K,3.0
2025-03-29 05:20:00+05:30,JP,Retail Sales YoYFEB,,3.9%,,,2.0
2025-03-29 05:20:00+05:30,JP,Retail Sales MoMFEB,,0.5%,,,3.0
2025-04-05 14:45:00+05:30,EA,ECB Schnabel Speech,,,,,3.0
2025-04-07 05:00:00+05:30,JP,Overtime Pay YoYFEB,2.2%,3.1%,,0.4%,3.0
2025-04-07 05:00:00+05:30,JP,Average Cash Earnings YoYFEB,3.1%,1.8%,3.1%,2.9%,3.0
2025-04-07 05:20:00+05:30,JP,Foreign Exchange ReservesMAR,$1272.5B,$1253.3B,,,3.0
2025-04-07 07:00:00+05:30,AU,ANZ-Indeed Job Ads MoMMAR,0.4%,-1.3%,,0.9%,3.0
2025-04-07 07:30:00+05:30,CN,Foreign Exchange ReservesMAR,$3.241T,$3.227T,,$ 3.3T,3.0
2025-04-07 09:45:00+05:30,SA,Riyad Bank PMIMAR,58.1,58.4,,57,3.0
2025-04-07 10:30:00+05:30,JP,Leading Economic Index PrelFEB,107.9,108.2,107.8,107.9,3.0
2025-04-07 10:30:00+05:30,KR,3-Year KTB Auction,,2.586%,,,3.0
2025-04-07 10:30:00+05:30,JP,Coincident Index PrelFEB,116.9,116.1,,115.8,3.0
2025-04-07 11:15:00+05:30,KR,3-Year KTB Auction,2.420%,2.586%,,,3.0
2025-04-07 11:30:00+05:30,GB,Halifax House Price Index MoMMAR,-0.5%,-0.2%,0.2%,0.2%,2.0
2025-04-07 11:30:00+05:30,DE,Industrial Production MoMFEB,-1.3%,2%,-1.1%,-1.2%,2.0
2025-04-07 11:30:00+05:30,ZA,Foreign Exchange ReservesMAR,$67.45B,$66.26B,,$ 65.7B,3.0
2025-04-07 11:30:00+05:30,GB,Halifax House Price Index YoYMAR,2.8%,2.8%,,3.7%,2.0
2025-04-07 11:30:00+05:30,DE,Exports MoMFEB,1.8%,0%,,1.5%,2.0
2025-04-07 11:30:00+05:30,DE,Balance of TradeFEB,€17.7B,€16.2B,€17.8B,€17.4B,1.0
2025-04-07 11:30:00+05:30,DE,Imports MoMFEB,0.7%,5%,,0.6%,3.0
2025-04-07 12:15:00+05:30,FR,Foreign Exchange ReservesMAR,€305.12B,€295.98B,,€297B,3.0
2025-04-07 14:30:00+05:30,GB,BBA Mortgage RateMAR,7.23%,7.33%,,7.3%,3.0
2025-04-07 14:30:00+05:30,EA,Retail Sales YoYFEB,2.3%,1.8%,1.8%,2.1%,3.0
2025-04-07 14:30:00+05:30,EA,Retail Sales MoMFEB,0.3%,0%,0.5%,0.6%,2.0
2025-04-07 14:30:00+05:30,SG,Foreign Exchange ReservesMAR,S$512.2B,S$511.6B,,,3.0
2025-04-07 15:15:00+05:30,EA,ECB Cipollone Speech,,,,,3.0
2025-04-07 17:00:00+05:30,TR,Foreign Exchange ReservesMAR/28,$80.61B,$88.33B,,,3.0
2025-04-07 17:30:00+05:30,MX,Auto Production YoYMAR,12.1%,-0.8%,,-1.0%,3.0
2025-04-07 17:30:00+05:30,MX,Auto Exports YoYMAR,3.8%,-9.2%,,-8.0%,3.0
2025-04-07 18:30:00+05:30,FR,6-Month BTF Auction,2.092%,2.211%,,,3.0
2025-04-07 18:30:00+05:30,FR,3-Month BTF Auction,2.212%,2.244%,,,3.0
2025-04-07 18:30:00+05:30,RU,Foreign Exchange ReservesMAR,$647.4B,$632.4B,,$625.0B,3.0
2025-04-07 18:30:00+05:30,FR,12-Month BTF Auction,1.996%,2.131%,,,3.0
2025-04-07 19:15:00+05:30,US,Used Car Prices MoMMAR,-0.7%,-0.7%,,,3.0
2025-04-07 19:15:00+05:30,US,Used Car Prices YoYMAR,-0.2%,0.1%,,,3.0
2025-04-07 20:00:00+05:30,US,Fed Kugler Speech,,,,,2.0
2025-04-07 20:00:00+05:30,CA,BoC Business Outlook Survey,,,,,2.0
2025-04-07 21:00:00+05:30,US,6-Month Bill Auction,4.000%,4.070%,,,3.0
2025-04-07 21:00:00+05:30,ID,Motorbike Sales YoYMAR,,4.0%,,,3.0
2025-04-07 21:00:00+05:30,US,Used Car Prices MoMMAR,,-0.7%,,,3.0
2025-04-07 21:00:00+05:30,BR,BCB Focus Market Readout,,,,,3.0
2025-04-07 21:00:00+05:30,TR,Foreign Exchange ReservesMAR/28,,$88.33B,,,3.0
2025-04-07 21:00:00+05:30,CN,Foreign Exchange ReservesMAR,,$3.227T,,$ 3.3T,3.0
2025-04-07 21:00:00+05:30,US,3-Month Bill Auction,4.175%,4.205%,,,3.0
2025-04-07 21:00:00+05:30,US,Used Car Prices YoYMAR,,0.1%,,,3.0
2025-04-08 00:30:00+05:30,US,Consumer Credit ChangeFEB,$-0.81B,$8.9B,$15.2B,$15.0B,3.0
2025-04-08 04:30:00+05:30,KR,Current AccountFEB,$7.18B,$2.94B,,$4.7B,3.0
2025-04-08 05:20:00+05:30,JP,Bank Lending YoYMAR,,3.1%,3.1%,2.8%,3.0
2025-04-08 05:20:00+05:30,JP,Current AccountFEB,¥4061B,¥-248.1B,¥3800B,¥3600B,2.0
2025-04-08 06:00:00+05:30,AU,Westpac Consumer Confidence IndexAPR,90.1,95.9,,95,2.0
2025-04-08 06:00:00+05:30,AU,Westpac Consumer Confidence ChangeAPR,-6%,4%,,-0.9%,1.0
2025-04-08 07:00:00+05:30,AU,NAB Business ConfidenceMAR,-3,-2,,-3,1.0
2025-04-08 09:05:00+05:30,JP,30-Year JGB Auction,2.414%,2.500%,,,3.0
2025-04-08 09:30:00+05:30,ID,Core Inflation Rate YoYMAR,2.48%,2.48%,2.50%,2.5%,3.0
2025-04-08 09:30:00+05:30,ID,Inflation Rate YoYMAR,1.03%,-0.09%,1.16%,1.3%,2.0
2025-04-08 09:30:00+05:30,ID,Inflation Rate MoMMAR,1.65%,-0.48%,1.79%,1.9%,3.0
2025-04-08 10:30:00+05:30,JP,Eco Watchers Survey CurrentMAR,45.1,45.6,45.3,45,3.0
2025-04-08 10:30:00+05:30,SG,MAS 12-Week Bill Auction,2.68%,2.61%,,,3.0
2025-04-08 10:30:00+05:30,SG,MAS 4-Week Bill Auction,2.70%,2.62%,,,3.0
2025-04-08 10:30:00+05:30,JP,Eco Watchers Survey OutlookMAR,45.2,46.6,,46,3.0
2025-04-08 11:30:00+05:30,ZA,Foreign Exchange ReservesMAR,,$66.26B,,$ 65.7B,3.0
2025-04-08 12:15:00+05:30,FR,Current AccountFEB,€-1.9B,€-1.3B,,€-0.6B,3.0
2025-04-08 12:15:00+05:30,FR,ExportsFEB,€49.7B,€49.7B,,€51.5B,3.0
2025-04-08 12:15:00+05:30,FR,Balance of TradeFEB,€-7.9B,€-6.5B,€-5.4B,€-5.5B,2.0
2025-04-08 12:15:00+05:30,FR,ImportsFEB,€57.5B,€56.2B,,€57.0B,3.0
2025-04-08 14:10:00+05:30,ES,12-Month Letras Auction,2.007%,2.173%,,,3.0
2025-04-08 14:10:00+05:30,ES,6-Month Letras Auction,2.115%,2.255%,,,3.0
2025-04-08 14:30:00+05:30,EA,ECB Guindos Speech,,,,,3.0
2025-04-08 14:30:00+05:30,EA,ECB de Guindos Speech,,,,,3.0
2025-04-08 14:30:00+05:30,GB,30-Year Treasury Gilt Auction,5.357%,5.104%,,,3.0
2025-04-08 15:00:00+05:30,DE,10-Year Bund/g Auction,2.62%,2.16%,,,3.0
2025-04-08 15:30:00+05:30,US,NFIB Business Optimism IndexMAR,97.4,100.7,101.3,100,3.0
2025-04-08 17:00:00+05:30,BR,Gross Debt to GDPFEB,76.2%,75.3%,76.2%,75.0%,3.0
2025-04-08 17:00:00+05:30,BR,Nominal Budget BalanceFEB,BRL-97.226B,BRL63.737B,BRL -91.8B,BRL-105.0B,3.0
2025-04-08 18:25:00+05:30,US,Redbook YoYAPR/05,7.2%,4.8%,,,3.0
2025-04-08 19:30:00+05:30,EA,ECB Cipollone Speech,,,,,3.0
2025-04-08 19:30:00+05:30,BR,Car Production MoMMAR,-12.6%,23.8%,,-11.0%,3.0
2025-04-08 19:30:00+05:30,CA,Ivey PMI s.aMAR,51.3,55.3,53.2,48,1.0
2025-04-08 19:30:00+05:30,BR,New Car Registrations MoMMAR,5.7%,8%,,2.0%,3.0
2025-04-08 20:00:00+05:30,TR,Treasury Cash BalanceMAR,TRY-298.42B,TRY-397.602B,,TRY-200.0B,3.0
2025-04-08 22:30:00+05:30,US,3-Year Note Auction,3.784%,3.908%,,,3.0
2025-04-08 23:30:00+05:30,ID,Tourist Arrivals YoYJAN,,8.72%,,10.0%,2.0
2025-04-08 23:30:00+05:30,US,Fed Daly Speech,,,,,2.0
2025-04-08 23:30:00+05:30,ID,Motorbike Sales YoYMAR,,4.0%,,,2.0
2025-04-08 23:30:00+05:30,ID,Tourist Arrivals YoYFEB,,,,,2.0
2025-04-09 02:00:00+05:30,US,API Crude Oil Stock ChangeAPR/04,-1.057M,6.037M,,,2.0
2025-04-09 05:20:00+05:30,JP,Bank Lending YoYMAR,,3.1%,3.1%,2.8%,3.0
2025-04-09 05:30:00+05:30,KR,Unemployment RateMAR,2.9%,2.7%,,2.7%,2.0
2025-04-09 07:00:00+05:30,AU,Building Permits MoM FinalFEB,-0.3%,6.9%,-0.3%,-0.3%,3.0
2025-04-09 07:00:00+05:30,AU,Private House Approvals MoM FinalFEB,1.0%,1.4%,1.0%,1.0%,3.0
2025-04-09 09:05:00+05:30,JP,6-Month Bill Auction,0.4137%,0.4373%,,,3.0
2025-04-09 10:00:00+05:30,IN,RBI Interest Rate Decision,6%,6.25%,6%,6.0%,2.0
2025-04-09 10:00:00+05:30,IN,Cash Reserve Ratio,4%,4%,4%,4.0%,3.0
2025-04-09 10:30:00+05:30,JP,Consumer ConfidenceMAR,34.1,34.8,34.7,34.3,1.0
2025-04-09 11:30:00+05:30,JP,Machine Tool Orders YoYMAR,11.4%,3.5%,,0.5%,3.0
2025-04-09 11:45:00+05:30,JP,BOJ Gov Ueda Speech,,,,,2.0
2025-04-09 14:30:00+05:30,GB,5-Year Treasury Gilt Auction,4.142%,4.311%,,,3.0
2025-04-09 16:30:00+05:30,US,MBA 30-Year Mortgage RateAPR/04,6.61%,6.7%,,,2.0
2025-04-09 16:30:00+05:30,US,MBA Mortgage ApplicationsAPR/04,20%,-1.6%,,,3.0
2025-04-09 16:30:00+05:30,US,MBA Mortgage Market IndexAPR/04,292.3,243.6,,,3.0
2025-04-09 16:30:00+05:30,US,MBA Purchase IndexAPR/04,172.7,158.2,,,3.0
2025-04-09 16:30:00+05:30,US,MBA Mortgage Refinance IndexAPR/04,961.4,710.4,,,3.0
2025-04-09 17:00:00+05:30,BR,Bank Lending MoMFEB,0.4%,0%,,0.2%,3.0
2025-04-09 17:30:00+05:30,MX,Inflation Rate YoYMAR,3.8%,3.77%,3.80%,3.8%,2.0
2025-04-09 17:30:00+05:30,BR,PPI YoYFEB,9.41%,9.71%,,9.2%,3.0
2025-04-09 17:30:00+05:30,BR,Retail Sales YoYFEB,1.5%,3.1%,1.6%,2.0%,3.0
2025-04-09 17:30:00+05:30,MX,Core Inflation Rate MoMMAR,0.43%,0.48%,0.43%,0.4%,3.0
2025-04-09 17:30:00+05:30,MX,Inflation Rate MoMMAR,0.31%,0.28%,0.31%,0.3%,2.0
2025-04-09 17:30:00+05:30,MX,Core Inflation Rate YoYMAR,3.64%,3.65%,3.65%,3.7%,3.0
2025-04-09 17:30:00+05:30,BR,Retail Sales MoMFEB,0.5%,0.2%,0.5%,0.2%,2.0
2025-04-09 17:30:00+05:30,BR,PPI MoMFEB,-0.12%,0.15%,,-0.3%,3.0
2025-04-09 18:00:00+05:30,EA,ECB Cipollone Speech,,,,,3.0
2025-04-09 19:30:00+05:30,US,Wholesale Inventories MoMFEB,0.3%,0.8%,0.3%,0.3%,3.0
2025-04-09 20:00:00+05:30,US,EIA Crude Oil Imports ChangeAPR/04,0.36M,0.999M,,,3.0
2025-04-09 20:00:00+05:30,US,EIA Refinery Crude Runs ChangeAPR/04,0.069M,-0.192M,,,3.0
2025-04-09 20:00:00+05:30,US,EIA Crude Oil Stocks ChangeAPR/04,2.553M,6.165M,2.2M,,2.0
2025-04-09 20:00:00+05:30,US,EIA Cushing Crude Oil Stocks ChangeAPR/04,0.681M,2.373M,,,3.0
2025-04-09 20:00:00+05:30,US,EIA Distillate Stocks ChangeAPR/04,-3.544M,0.264M,0.2M,,3.0
2025-04-09 20:00:00+05:30,US,EIA Distillate Fuel Production ChangeAPR/04,-0.019M,0.164M,,,3.0
2025-04-09 20:00:00+05:30,US,EIA Gasoline Production ChangeAPR/04,-0.338M,0.062M,,,3.0
2025-04-09 20:00:00+05:30,US,EIA Gasoline Stocks ChangeAPR/04,-1.6M,-1.551M,-1.7M,,2.0
2025-04-09 20:00:00+05:30,US,EIA Heating Oil Stocks ChangeAPR/04,-0.02M,0.209M,,,3.0
2025-04-09 21:00:00+05:30,US,17-Week Bill Auction,4.250%,4.200%,,,3.0
2025-04-09 21:30:00+05:30,RU,GDP Growth Rate YoYQ4,,3.1%,,3.5%,2.0
2025-04-09 21:30:00+05:30,CA,2-Year Bond Auction,2.532%,2.563%,,,3.0
2025-04-09 22:00:00+05:30,US,Fed Barkin Speech,,,,,2.0
2025-04-09 22:30:00+05:30,US,10-Year Note Auction,4.435%,4.310%,,,3.0
2025-04-09 23:30:00+05:30,US,FOMC Minutes,,,,,1.0
2025-04-09 23:30:00+05:30,ID,Motorbike Sales YoYMAR,,4.0%,,,1.0
2025-04-10 00:30:00+05:30,AR,Industrial Production YoYFEB,5.6%,7.6%,,6.8%,3.0
2025-04-10 04:30:00+05:30,KR,Unemployment RateMAR,,2.7%,,2.7%,2.0
2025-04-10 04:31:00+05:30,GB,RICS House Price BalanceMAR,2%,11%,8%,10.0%,2.0
2025-04-10 05:20:00+05:30,JP,PPI MoMMAR,0.4%,0.2%,0.2%,0.3%,3.0
2025-04-10 05:20:00+05:30,JP,Stock Investment by ForeignersAPR/05,¥1808.4B,¥-449.8B,,,3.0
2025-04-10 05:20:00+05:30,JP,Foreign Bond InvestmentAPR/05,¥-2569.8B,¥-5.9B,,,3.0
2025-04-10 05:20:00+05:30,JP,Bank Lending YoYMAR,2.8%,3.1%,3.1%,2.8%,3.0
2025-04-10 05:20:00+05:30,JP,PPI YoYMAR,4.2%,4.1%,3.9%,4.2%,3.0
2025-04-10 06:30:00+05:30,AU,Consumer Inflation ExpectationsAPR,4.2%,3.6%,,3.6%,3.0
2025-04-10 07:00:00+05:30,CN,Inflation Rate MoMMAR,-0.4%,-0.2%,-0.2%,-0.4%,2.0
2025-04-10 07:00:00+05:30,CN,Inflation Rate YoYMAR,-0.1%,-0.7%,0.1%,0.0%,1.0
2025-04-10 07:00:00+05:30,CN,PPI YoYMAR,-2.5%,-2.2%,-2.3%,-2.0%,2.0
2025-04-10 09:05:00+05:30,JP,5-Year JGB Auction,0.938%,1.157%,,,3.0
2025-04-10 10:30:00+05:30,SG,6-Month T-Bill Auction,2.5%,2.73%,,,3.0
2025-04-10 11:30:00+05:30,SA,Industrial Production YoYFEB,-0.2%,1.5%,,1.6%,3.0
2025-04-10 11:45:00+05:30,EA,ECB Montagner Speech,,,,,3.0
2025-04-10 12:30:00+05:30,TR,Industrial Production YoYFEB,-1.9%,1.2%,,-2.0%,2.0
2025-04-10 12:30:00+05:30,TR,Industrial Production MoMFEB,-1.6%,-2.6%,,1.5%,3.0
2025-04-10 13:30:00+05:30,IT,Industrial Production YoYFEB,-2.7%,-0.8%,-1.9%,-1%,3.0
2025-04-10 13:30:00+05:30,IT,Industrial Production MoMFEB,-0.9%,2.5%,-1%,-1.8%,2.0
2025-04-10 14:10:00+05:30,ES,4-Year Obligacion Auction,2.462%,2.463%,,,3.0
2025-04-10 14:10:00+05:30,ES,7-Year Obligacion Auction,3.014%,3.067%,,,3.0
2025-04-10 14:10:00+05:30,ES,10-Year Obligacion Auction,3.349%,3.382%,,,3.0
2025-04-10 14:40:00+05:30,IT,12-Month BOT Auction,2.12%,2.337%,,,3.0
2025-04-10 14:45:00+05:30,EA,ECB Tuominen Speech,,,,,3.0
2025-04-10 15:30:00+05:30,AU,RBA Bullock Speech,,,,,2.0
2025-04-10 16:30:00+05:30,ZA,Manufacturing Production MoMFEB,0.3%,0.4%,,1.0%,3.0
2025-04-10 16:30:00+05:30,ZA,Manufacturing Production YoYFEB,-3.2%,-3.2%,,-1.0%,3.0
2025-04-10 17:00:00+05:30,TR,Foreign Exchange ReservesAPR/04,$77.84B,$80.61B,,,3.0
2025-04-10 17:30:00+05:30,EA,ECB Buch Speech,,,,,3.0
2025-04-10 18:00:00+05:30,US,CPI s.aMAR,319.615,319.775,,320.1,2.0
2025-04-10 18:00:00+05:30,US,Core Inflation Rate MoMMAR,0.1%,0.2%,0.3%,0.3%,1.0
2025-04-10 18:00:00+05:30,US,Inflation Rate MoMMAR,-0.1%,0.2%,0.1%,0.1%,1.0
2025-04-10 18:00:00+05:30,US,Core Inflation Rate YoYMAR,2.8%,3.1%,3%,3.0%,1.0
2025-04-10 18:00:00+05:30,CA,Building Permits MoMFEB,2.9%,-4.3%,-0.5%,0.3%,3.0
2025-04-10 18:00:00+05:30,US,Inflation Rate YoYMAR,2.4%,2.8%,2.6%,2.5%,1.0
2025-04-10 18:00:00+05:30,US,Initial Jobless ClaimsAPR/05,223K,219K,223K,226.0K,2.0
2025-04-10 18:00:00+05:30,US,Jobless Claims 4-week AverageAPR/05,223K,223K,,226.0K,3.0
2025-04-10 18:00:00+05:30,US,CPIMAR,319.799,319.082,320.17,320.1,2.0
2025-04-10 18:00:00+05:30,US,Continuing Jobless ClaimsMAR/29,1850K,1893K,1880K,1915.0K,3.0
2025-04-10 19:00:00+05:30,US,Fed Logan Speech,,,,,2.0
2025-04-10 20:00:00+05:30,US,EIA Natural Gas Stocks ChangeAPR/04,57Bcf,29Bcf,60Bcf,,3.0
2025-04-10 20:30:00+05:30,MX,Monetary Policy Meeting Minutes,,,,,3.0
2025-04-10 21:00:00+05:30,US,4-Week Bill Auction,4.245%,4.24%,,,3.0
2025-04-10 21:00:00+05:30,US,8-Week Bill Auction,4.235%,4.240%,,,3.0
2025-04-10 21:30:00+05:30,US,30-Year Mortgage RateAPR/10,6.62%,6.64%,,,3.0
2025-04-10 21:30:00+05:30,US,Fed Goolsbee Speech,,,,,2.0
2025-04-10 21:30:00+05:30,US,WASDE Report,,,,,3.0
2025-04-10 21:30:00+05:30,US,15-Year Mortgage RateAPR/10,5.82%,5.82%,,,3.0
2025-04-10 21:30:00+05:30,EA,ECB Donnery Speech,,,,,3.0
2025-04-10 21:30:00+05:30,CA,5-Year Bond Auction,2.848%,2.768%,,,3.0
2025-04-10 22:30:00+05:30,US,30-Year Bond Auction,4.813%,4.623%,,,3.0
2025-04-10 23:30:00+05:30,ID,Motorbike Sales YoYMAR,,4.0%,,,2.0
2025-04-10 23:30:00+05:30,US,Monthly Budget StatementMAR,$-161B,$-307B,$-236.6B,$-315.6B,2.0
2025-04-10 23:30:00+05:30,SA,Industrial Production YoYFEB,,1.3%,,1.6%,2.0
2025-04-11 02:00:00+05:30,US,Fed Balance SheetAPR/09,$6.73T,$6.72T,,,3.0
2025-04-11 09:05:00+05:30,JP,3-Month Bill Auction,0.3468%,0.3870%,,,3.0
2025-04-11 10:30:00+05:30,KR,50-Year KTB Auction,,2.440%,,,3.0
2025-04-11 11:30:00+05:30,GB,Manufacturing Production YoYFEB,0.3%,-0.9%,-2.4%,-3.0%,3.0
2025-04-11 11:30:00+05:30,DE,Inflation Rate YoY FinalMAR,2.2%,2.3%,2.2%,2.2%,3.0
2025-04-11 11:30:00+05:30,GB,Industrial Production YoYFEB,0.1%,-0.5%,-2.3%,-1.6%,3.0
2025-04-11 11:30:00+05:30,GB,Goods Trade Balance Non-EUFEB,£-8.58B,£-7.37B,,£ -6.7B,2.0
2025-04-11 11:30:00+05:30,GB,Manufacturing Production MoMFEB,2.2%,-1%,0.2%,0.3%,2.0
2025-04-11 11:30:00+05:30,DE,Harmonised Inflation Rate MoM FinalMAR,0.4%,0.5%,0.4%,0.4%,3.0
2025-04-11 11:30:00+05:30,GB,Construction Output YoYFEB,1.6%,0%,1.6%,1.5%,3.0
2025-04-11 11:30:00+05:30,GB,Balance of TradeFEB,£-1.956B,£0.301B,,£-1.1B,3.0
2025-04-11 11:30:00+05:30,GB,GDP MoMFEB,0.5%,0%,0.1%,0.1%,1.0
2025-04-11 11:30:00+05:30,GB,GDP YoYFEB,1.4%,1.2%,0.9%,0.9%,3.0
2025-04-11 11:30:00+05:30,GB,Goods Trade BalanceFEB,£-20.81B,£-18.22B,£-17.6B,£-18.3B,2.0
2025-04-11 11:30:00+05:30,GB,Industrial Production MoMFEB,1.5%,-0.5%,0%,0.3%,2.0
2025-04-11 11:30:00+05:30,DE,Harmonised Inflation Rate YoY FinalMAR,2.3%,2.6%,2.3%,2.3%,3.0
2025-04-11 11:30:00+05:30,GB,GDP 3-Month AvgFEB,0.6%,0.3%,0.4%,0.4%,2.0
2025-04-11 11:30:00+05:30,KR,50-Year KTB Auction,2.415%,2.440%,,,3.0
2025-04-11 11:30:00+05:30,DE,Inflation Rate MoM FinalMAR,0.3%,0.4%,0.3%,0.3%,3.0
2025-04-11 12:30:00+05:30,ES,Harmonised Inflation Rate MoM FinalMAR,0.7%,0.4%,0.7%,0.7%,3.0
2025-04-11 12:30:00+05:30,ES,Harmonised Inflation Rate YoY FinalMAR,2.2%,2.9%,2.2%,2.2%,3.0
2025-04-11 12:30:00+05:30,TR,Retail Sales YoYFEB,12.2%,12.6%,,9.0%,3.0
2025-04-11 12:30:00+05:30,TR,Retail Sales MoMFEB,1.1%,2%,,0.1%,3.0
2025-04-11 12:30:00+05:30,ES,Inflation Rate YoY FinalMAR,2.3%,3%,2.3%,2.3%,3.0
2025-04-11 12:30:00+05:30,ES,Core Inflation Rate YoY FinalMAR,2%,2.2%,2%,2.0%,3.0
2025-04-11 12:30:00+05:30,ES,Inflation Rate MoM FinalMAR,0.1%,0.4%,0.1%,0.1%,3.0
2025-04-11 14:00:00+05:30,CN,Vehicle Sales YoYMAR,8.2%,34.4%,,12.0%,3.0
2025-04-11 14:40:00+05:30,IT,BTP Auction,,,,,3.0
2025-04-11 14:40:00+05:30,IT,10-Year BTP Auction,3.34%,3.83%,,,3.0
2025-04-11 14:40:00+05:30,IT,7-Year BTP Auction,3.30%,3.18%,,,3.0
2025-04-11 14:40:00+05:30,IT,15-Year BTP Auction,4.06%,3.72%,,,3.0
2025-04-11 14:40:00+05:30,IT,3-Year BTP Auction,2.44%,2.77%,,,3.0
2025-04-11 15:15:00+05:30,EA,ECB President Lagarde Speech,,,,,2.0
2025-04-11 16:00:00+05:30,IN,Inflation Rate YoYMAR,,3.61%,3.60%,3.9%,2.0
2025-04-11 16:00:00+05:30,GB,NIESR Monthly GDP TrackerMAR,0.6%,0.6%,,0.3%,3.0
2025-04-11 16:00:00+05:30,IN,Inflation Rate MoMMAR,,-0.47%,,0.2%,3.0
2025-04-11 16:00:00+05:30,IN,Manufacturing Production YoYFEB,2.9%,5.8%,,4.6%,2.0
2025-04-11 16:00:00+05:30,IN,Industrial Production YoYFEB,2.9%,5.2%,4%,3.7%,2.0
2025-04-11 16:55:00+05:30,GB,NIESR Monthly GDP TrackerMAR,,0.4%,,0.3%,3.0
2025-04-11 17:00:00+05:30,IN,Bank Loan Growth YoYMAR/28,11%,11.1%,,,3.0
2025-04-11 17:00:00+05:30,IN,Deposit Growth YoYMAR/28,10.3%,10.2%,,,3.0
2025-04-11 17:00:00+05:30,IN,Foreign Exchange ReservesAPR/04,$676.27B,$665.4B,,,3.0
2025-04-11 17:30:00+05:30,US,Fed Kashkari Speech,,,,,2.0
2025-04-11 17:30:00+05:30,MX,Industrial Production YoYFEB,-1.3%,-2.9%,-3.9%,-3.2%,3.0
2025-04-11 17:30:00+05:30,MX,Industrial Production MoMFEB,2.5%,-0.6%,0.1%,-0.2%,3.0
2025-04-11 17:30:00+05:30,BR,IBC-BR Economic ActivityFEB,0.4%,0.9%,0.2%,0.4%,3.0
2025-04-11 17:30:00+05:30,BR,Inflation Rate MoMMAR,0.56%,1.31%,0.56%,0.4%,2.0
2025-04-11 17:30:00+05:30,BR,Inflation Rate YoYMAR,5.48%,5.06%,5.48%,5.2%,2.0
2025-04-11 18:00:00+05:30,US,Core PPI YoYMAR,3.3%,3.5%,3.6%,3.5%,3.0
2025-04-11 18:00:00+05:30,US,PPI MoMMAR,-0.4%,0.1%,0.2%,0.1%,1.0
2025-04-11 18:00:00+05:30,US,"PPI Ex Food, Energy and Trade YoYMAR",3.4%,3.5%,,3.3%,3.0
2025-04-11 18:00:00+05:30,US,Core PPI MoMMAR,-0.1%,0.1%,0.3%,0.2%,2.0
2025-04-11 18:00:00+05:30,US,PPIMAR,147.464,148.045,,148.1,3.0
2025-04-11 18:00:00+05:30,US,"PPI Ex Food, Energy and Trade MoMMAR",0.1%,0.4%,,0.1%,3.0
2025-04-11 18:00:00+05:30,US,PPI YoYMAR,2.7%,3.2%,3.3%,3.3%,3.0
2025-04-11 18:15:00+05:30,DE,Current AccountFEB,€20B,€15B,,€15.9B,3.0
2025-04-11 18:30:00+05:30,RU,Current AccountQ1,$19.8B,$4.8B,,$ 17.5B,3.0
2025-04-11 18:30:00+05:30,US,Fed Collins Speech,,,,,2.0
2025-04-11 18:30:00+05:30,RU,Balance of TradeFEB,$10.5B,$7.16B,,$9.0B,3.0
2025-04-11 19:30:00+05:30,US,Michigan Current Conditions PrelAPR,56.5,63.8,61.5,61.4,3.0
2025-04-11 19:30:00+05:30,US,Michigan Consumer Expectations PrelAPR,47.2,52.6,50.8,50.3,3.0
2025-04-11 19:30:00+05:30,US,Michigan 5 Year Inflation Expectations PrelAPR,4.4%,4.1%,,4.1%,3.0
2025-04-11 19:30:00+05:30,US,Michigan Inflation Expectations PrelAPR,6.7%,5%,,5%,3.0
2025-04-11 19:30:00+05:30,BR,Business ConfidenceAPR,48,49.2,,49,2.0
2025-04-11 19:30:00+05:30,US,Michigan Consumer Sentiment PrelAPR,50.8,57.0,54.5,54.4,1.0
2025-04-11 19:30:00+05:30,US,Fed Musalem Speech,,,,,2.0
2025-04-11 20:30:00+05:30,US,Fed Williams Speech,,,,,2.0
2025-04-11 21:30:00+05:30,RU,Inflation Rate YoYMAR,10.3%,10.1%,,10.5%,2.0
2025-04-11 21:30:00+05:30,RU,Inflation Rate MoMMAR,0.7%,0.8%,,0.7%,2.0
2025-04-11 22:30:00+05:30,US,Baker Hughes Oil Rig CountAPR/11,480,489,,,3.0
2025-04-11 22:30:00+05:30,ZA,SACCI Business ConfidenceFEB,,120,,118.5,3.0
2025-04-11 22:30:00+05:30,CN,Outstanding Loan Growth YoYMAR,,7.3%,7.3%,7.4%,3.0
2025-04-11 22:30:00+05:30,CN,Vehicle Sales YoYMAR,,34.4%,,12.0%,3.0
2025-04-11 22:30:00+05:30,CN,Total Social FinancingMAR,,CNY2290B,CNY 4800B,CNY 4810B,3.0
2025-04-11 22:30:00+05:30,CN,New Yuan LoansMAR,,CNY1010B,CNY3000B,CNY4000.0B,3.0
2025-04-11 22:30:00+05:30,TR,Auto Sales YoYMAR,,-14.4%,,-15.5%,3.0
2025-04-11 22:30:00+05:30,ZA,SACCI Business ConfidenceMAR,,,,116,3.0
2025-04-11 22:30:00+05:30,ID,Motorbike Sales YoYMAR,,4.0%,,,3.0
2025-04-11 22:30:00+05:30,ID,Car Sales YoYMAR,,2.2%,,,3.0
2025-04-11 22:30:00+05:30,TR,Auto Production YoYMAR,,-13.4%,,-15.0%,3.0
2025-04-11 22:30:00+05:30,EA,Eurogroup Meeting,,,,,3.0
2025-04-11 22:30:00+05:30,US,Baker Hughes Total Rigs CountAPR/11,583,590,,,3.0
2025-04-11 22:30:00+05:30,CN,M2 Money Supply YoYMAR,,7%,7.1%,7.1%,3.0
2025-04-11 22:30:00+05:30,EA,ECOFIN Meeting,,,,,3.0
2025-04-11 22:30:00+05:30,RU,GDP Growth Rate YoYQ4,,3.1%,,3.5%,3.0
2025-04-12 00:30:00+05:30,EA,ECOFIN Meeting,,,,,3.0
2025-04-12 00:30:00+05:30,AR,Inflation Rate YoYMAR,55.9%,66.9%,54.2%,49.0%,3.0
2025-04-12 00:30:00+05:30,AR,Inflation Rate MoMMAR,3.7%,2.4%,2.6%,3.0%,3.0
2025-04-12 12:40:00+05:30,CN,Exports YoYMAR,,2.3%,4.4%,5.2%,1.0
2025-04-12 12:40:00+05:30,EA,ECOFIN Meeting,,,,,1.0
2025-04-12 12:40:00+05:30,CN,Balance of TradeMAR,,$170.52B,$77B,$ 84B,1.0
2025-04-12 12:40:00+05:30,CN,Imports YoYMAR,,-8.4%,-2%,-1%,1.0
2025-04-13 15:30:00+05:30,CN,M2 Money Supply YoYMAR,7%,7%,7.1%,7.1%,3.0
2025-04-13 15:30:00+05:30,CN,New Yuan LoansMAR,CNY3640B,CNY1010B,CNY3000B,CNY4000.0B,2.0
2025-04-13 15:30:00+05:30,CN,Total Social FinancingMAR,CNY5890B,CNY2230B,CNY 4800B,CNY 4810B,3.0
2025-04-13 15:30:00+05:30,CN,Outstanding Loan Growth YoYMAR,7.4%,7.3%,7.3%,7.4%,3.0
2025-04-14 05:00:00+05:30,ID,Motorbike Sales YoYMAR,-7.2%,4.0%,,,3.0
2025-04-14 05:30:00+05:30,SG,GDP Growth Rate YoY AdvQ1,3.8%,5.0%,4.2%,4.4%,3.0
2025-04-14 05:30:00+05:30,SG,GDP Growth Rate QoQ AdvQ1,-0.8%,0.5%,-0.4%,-0.2%,2.0
2025-04-14 08:30:00+05:30,CN,Imports YoYMAR,-4.3%,-8.4%,-2%,-1%,1.0
2025-04-14 08:30:00+05:30,CN,Balance of TradeMAR,$102.64B,$170.52B,$77B,$ 84B,1.0
2025-04-14 08:30:00+05:30,ID,Foreign Exchange ReservesMAR,$157.1B,$154.5B,,$ 155.0B,3.0
2025-04-14 08:30:00+05:30,CN,Exports YoYMAR,12.4%,2.3%,4.4%,5.2%,1.0
2025-04-14 08:30:00+05:30,ID,Consumer ConfidenceMAR,,126.4,,127.3,3.0
2025-04-14 10:00:00+05:30,JP,Industrial Production MoM FinalFEB,2.3%,-1.1%,2.5%,2.5%,3.0
2025-04-14 10:00:00+05:30,JP,Capacity Utilization MoMFEB,-1.1%,4.5%,,-0.6%,3.0
2025-04-14 10:00:00+05:30,JP,Industrial Production YoY FinalFEB,0.1%,2.2%,,0.3%,3.0
2025-04-14 10:30:00+05:30,KR,10-Year KTB Auction,2.700%,2.830%,,,3.0
2025-04-14 12:00:00+05:30,IN,WPI Fuel YoYMAR,,-0.71%,,-1.5%,3.0
2025-04-14 12:00:00+05:30,IN,WPI Food Index YoYMAR,,5.94%,,5.0%,3.0
2025-04-14 12:00:00+05:30,IN,WPI Manufacturing YoYMAR,,2.86%,,3.2%,3.0
2025-04-14 12:30:00+05:30,TR,Current AccountFEB,$-4.405B,$-4.002B,$-4.3B,$-4.5B,3.0
2025-04-14 13:00:00+05:30,TR,Auto Sales YoYMAR,6.4%,-14.4%,,-15.5%,3.0
2025-04-14 13:00:00+05:30,TR,Auto Production YoYMAR,-9.2%,-13.4%,,-15.0%,3.0
2025-04-14 15:00:00+05:30,DE,12-Month Bubill Auction,1.864%,2.133%,,,3.0
2025-04-14 18:00:00+05:30,CA,New Motor Vehicle SalesFEB,125.4K,121.3K,,119.0K,3.0
2025-04-14 18:00:00+05:30,CA,Wholesale Sales MoM FinalFEB,0.3%,1.4%,0.4%,0.4%,3.0
2025-04-14 18:30:00+05:30,FR,6-Month BTF Auction,2.101%,2.092%,,,3.0
2025-04-14 18:30:00+05:30,FR,12-Month BTF Auction,2.013%,1.996%,,,3.0
2025-04-14 18:30:00+05:30,FR,3-Month BTF Auction,2.192%,2.212%,,,3.0
2025-04-14 20:30:00+05:30,US,Consumer Inflation ExpectationsMAR,3.6%,3.1%,,3.3%,3.0
2025-04-14 21:00:00+05:30,US,3-Month Bill Auction,4.225%,4.175%,,,3.0
2025-04-14 21:00:00+05:30,US,6-Month Bill Auction,4.060%,4.000%,,,3.0
2025-04-14 21:30:00+05:30,US,Fed Barkin Speech,,,,,2.0
2025-04-14 21:30:00+05:30,BR,BCB Focus Market Readout,,,,,2.0
2025-04-14 21:30:00+05:30,OP,OPEC Monthly Report,,,,,2.0
2025-04-14 21:30:00+05:30,ID,Motorbike Sales YoYMAR,,4.0%,,,2.0
2025-04-14 22:30:00+05:30,CN,New Yuan LoansMAR,,CNY1010B,CNY3000B,CNY4000.0B,2.0
2025-04-14 22:30:00+05:30,ZA,SACCI Business ConfidenceMAR,,,,116,2.0
2025-04-14 22:30:00+05:30,CN,M2 Money Supply YoYMAR,,7%,7.1%,7.1%,2.0
2025-04-14 22:30:00+05:30,CN,Total Social FinancingMAR,,CNY2290B,CNY 4800B,CNY 4810B,2.0
2025-04-14 22:30:00+05:30,OP,OPEC Monthly Report,,,,,2.0
2025-04-14 22:30:00+05:30,ID,Car Sales YoYMAR,,2.2%,,,2.0
2025-04-14 22:30:00+05:30,TR,Auto Sales YoYMAR,,-14.4%,,-15.5%,2.0
2025-04-14 22:30:00+05:30,ID,Motorbike Sales YoYMAR,,4.0%,,,2.0
2025-04-14 22:30:00+05:30,CN,Outstanding Loan Growth YoYMAR,,7.3%,7.3%,7.4%,2.0
2025-04-14 22:30:00+05:30,BR,BCB Focus Market Readout,,,,,2.0
2025-04-14 22:30:00+05:30,TR,Auto Production YoYMAR,,-13.4%,,-15.0%,2.0
2025-04-14 22:30:00+05:30,US,Fed Waller Speech,,,,,2.0
2025-04-14 22:30:00+05:30,ZA,SACCI Business ConfidenceFEB,,120,,118.5,2.0
2025-04-15 03:30:00+05:30,US,Fed Harker Speech,,,,,2.0
2025-04-15 04:31:00+05:30,GB,BRC Retail Sales Monitor YoYMAR,0.9%,0.9%,0.5%,0.7%,2.0
2025-04-15 05:10:00+05:30,US,Fed Bostic Speech,,,,,2.0
2025-04-15 06:30:00+05:30,ID,Car Sales YoYMAR,-5.1%,2.2%,,,3.0
2025-04-15 07:00:00+05:30,AU,RBA Meeting Minutes,,,,,1.0
2025-04-15 08:30:00+05:30,ID,Retail Sales YoYFEB,,0.5%,,,3.0
2025-04-15 08:30:00+05:30,ID,Consumer ConfidenceMAR,121.1,126.4,,127.3,3.0
2025-04-15 09:05:00+05:30,JP,20-Year JGB Auction,2.349%,2.278%,,,3.0
2025-04-15 09:50:00+05:30,RU,GDP Growth Rate YoYQ4,4.5%,3.3%,,3.5%,2.0
2025-04-15 10:30:00+05:30,SG,MAS 4-Week Bill Auction,2.55%,2.70%,,,3.0
2025-04-15 10:30:00+05:30,SG,MAS 12-Week Bill Auction,2.45%,2.68%,,,3.0
2025-04-15 11:15:00+05:30,SA,Inflation Rate MoMMAR,0.3%,0.2%,0.2%,0.3%,3.0
2025-04-15 11:15:00+05:30,SA,Inflation Rate YoYMAR,2.3%,2%,2.2%,2.1%,3.0
2025-04-15 11:30:00+05:30,GB,Claimant Count ChangeMAR,18.7K,16.5K,30.3K,25K,3.0
2025-04-15 11:30:00+05:30,GB,Unemployment RateFEB,4.4%,4.4%,4.4%,4.4%,1.0
2025-04-15 11:30:00+05:30,GB,Average Earnings excl. Bonus (3Mo/Yr)FEB,5.9%,5.8%,6%,5.9%,3.0
2025-04-15 11:30:00+05:30,GB,HMRC Payrolls ChangeMAR,-78K,-8K,,-35.0K,3.0
2025-04-15 11:30:00+05:30,GB,Average Earnings incl. Bonus (3Mo/Yr)FEB,5.6%,5.6%,5.7%,5.7%,2.0
2025-04-15 11:30:00+05:30,SA,Wholesale Prices YoYMAR,1.5%,1.5%,,2.2%,3.0
2025-04-15 11:30:00+05:30,GB,Employment ChangeFEB,206K,144K,,95.0K,2.0
2025-04-15 11:30:00+05:30,DE,Wholesale Prices MoMMAR,-0.2%,0.6%,0.2%,0.4%,2.0
2025-04-15 11:30:00+05:30,DE,Wholesale Prices YoYMAR,1.3%,1.6%,,1.8%,2.0
2025-04-15 12:00:00+05:30,IN,WPI Food Index YoYMAR,4.66%,5.94%,,5.0%,3.0
2025-04-15 12:00:00+05:30,IN,WPI Manufacturing YoYMAR,3.07%,2.86%,,2.6%,3.0
2025-04-15 12:00:00+05:30,IN,WPI Inflation YoYMAR,2.05%,2.38%,2.5%,2.2%,3.0
2025-04-15 12:00:00+05:30,IN,WPI Fuel YoYMAR,0.2%,-0.71%,,-1.5%,3.0
2025-04-15 12:15:00+05:30,FR,Inflation Rate YoY FinalMAR,0.8%,0.8%,0.8%,0.8%,3.0
2025-04-15 12:15:00+05:30,FR,Inflation Rate MoM FinalMAR,0.2%,0%,0.2%,0.2%,3.0
2025-04-15 12:15:00+05:30,FR,Harmonised Inflation Rate YoY FinalMAR,0.9%,0.9%,0.9%,0.9%,3.0
2025-04-15 12:15:00+05:30,FR,Harmonised Inflation Rate MoM FinalMAR,0.2%,0.1%,0.2%,0.2%,3.0
2025-04-15 13:30:00+05:30,EA,ECB Bank Lending Survey,,,,,3.0
2025-04-15 13:30:00+05:30,FR,IEA Oil Market Report,,,,,2.0
2025-04-15 13:30:00+05:30,TR,Budget BalanceMAR,TRY-261.5B,TRY-310.1B,,,3.0
2025-04-15 14:30:00+05:30,IN,ImportsMAR,$63.51B,$50.96B,,$ 58B,3.0
2025-04-15 14:30:00+05:30,EA,Industrial Production YoYFEB,1.2%,-0.5%,-0.8%,-0.6%,3.0
2025-04-15 14:30:00+05:30,GB,10-Year Treasury Gilt Auction,4.638%,4.679%,,,3.0
2025-04-15 14:30:00+05:30,DE,ZEW Economic Sentiment IndexAPR,-14.0,51.6,9.5,9,1.0
2025-04-15 14:30:00+05:30,DE,ZEW Current ConditionsAPR,-81.2,-87.6,-86.8,-86,3.0
2025-04-15 14:30:00+05:30,IN,ExportsMAR,$41.97B,$36.91B,,$ 37B,3.0
2025-04-15 14:30:00+05:30,EA,ZEW Economic Sentiment IndexAPR,-18.5,39.8,14.2,11.5,2.0
2025-04-15 14:30:00+05:30,EA,Industrial Production MoMFEB,1.1%,0.6%,0.3%,0.1%,2.0
2025-04-15 14:30:00+05:30,IN,Balance of TradeMAR,$-21.54B,$-14.05B,,$ -21B,2.0
2025-04-15 15:00:00+05:30,DE,5-Year Bobl Auction,2.06%,2.44%,,,3.0
2025-04-15 15:00:00+05:30,ZA,Gold Production YoYFEB,-7.6%,1%,,-3.0%,3.0
2025-04-15 15:00:00+05:30,ZA,Mining Production MoMFEB,-4.4%,0%,,2.0%,3.0
2025-04-15 15:00:00+05:30,ZA,Mining Production YoYFEB,-9.6%,-1.5%,,-6.5%,3.0
2025-04-15 16:00:00+05:30,IN,Inflation Rate MoMMAR,-0.26%,-0.47%,,0.2%,3.0
2025-04-15 16:00:00+05:30,IN,Inflation Rate YoYMAR,3.34%,3.61%,3.60%,3.9%,2.0
2025-04-15 17:45:00+05:30,CA,Housing StartsMAR,214.2K,221.4K,242.5K,220.0K,2.0
2025-04-15 18:00:00+05:30,CA,Core Inflation Rate YoYMAR,2.2%,2.7%,,2.8%,2.0
2025-04-15 18:00:00+05:30,CA,Inflation Rate YoYMAR,2.3%,2.6%,2.6%,2.8%,1.0
2025-04-15 18:00:00+05:30,US,Import Prices YoYMAR,0.9%,1.6%,,2.4%,3.0
2025-04-15 18:00:00+05:30,US,NY Empire State Manufacturing IndexAPR,-8.10,-20.00,-14.5,-18,2.0
2025-04-15 18:00:00+05:30,US,Import Prices MoMMAR,-0.1%,0.2%,0%,0.1%,2.0
2025-04-15 18:00:00+05:30,CA,Core Inflation Rate MoMMAR,0.1%,0.7%,,0.7%,3.0
2025-04-15 18:00:00+05:30,CA,Manufacturing Sales MoM FinalFEB,0.2%,1.7%,-0.2%,-0.2%,3.0
2025-04-15 18:00:00+05:30,US,Export Prices YoYMAR,2.4%,2.6%,,2.5%,3.0
2025-04-15 18:00:00+05:30,CA,CPI Trimmed-Mean YoYMAR,2.8%,2.9%,3%,3.0%,3.0
2025-04-15 18:00:00+05:30,CA,Inflation Rate MoMMAR,0.3%,1.1%,0.6%,0.8%,2.0
2025-04-15 18:00:00+05:30,CA,CPI Median YoYMAR,2.9%,2.9%,3%,3.0%,3.0
2025-04-15 18:00:00+05:30,US,Export Prices MoMMAR,0%,0.5%,0%,0.2%,2.0
2025-04-15 18:25:00+05:30,US,Redbook YoYAPR/12,6.6%,7.2%,,,3.0
2025-04-15 20:00:00+05:30,ZA,SARB Monetary Policy Review,,,,,3.0
2025-04-15 21:00:00+05:30,US,52-Week Bill Auction,3.820%,3.945%,,,3.0
2025-04-15 21:05:00+05:30,US,Fed Barkin Speech,,,,,2.0
2025-04-15 21:30:00+05:30,IN,ImportsMAR,,$50.96B,,$ 58B,3.0
2025-04-15 21:30:00+05:30,IN,ExportsMAR,,$36.91B,,$ 37B,3.0
2025-04-15 21:30:00+05:30,ID,Tourist Arrivals YoYJAN,,8.72%,,10.0%,3.0
2025-04-15 21:30:00+05:30,ID,Tourist Arrivals YoYFEB,,,,,3.0
2025-04-15 21:30:00+05:30,IN,Balance of TradeMAR,,$-14.05B,,$ -21B,3.0
2025-04-15 21:30:00+05:30,ID,Car Sales YoYMAR,,2.2%,,,3.0
2025-04-15 21:30:00+05:30,ZA,SACCI Business ConfidenceFEB,,120,,118.5,3.0
2025-04-15 21:30:00+05:30,SA,Inflation Rate MoMMAR,,0.2%,0.2%,0.3%,3.0
2025-04-15 21:30:00+05:30,US,NOPA Crush Report,,,,,3.0
2025-04-15 21:30:00+05:30,TR,Budget BalanceMAR,,TRY-310.1B,,,3.0
2025-04-15 21:30:00+05:30,SA,Wholesale Prices YoYMAR,,1.5%,,2.2%,3.0
2025-04-15 21:30:00+05:30,ZA,SACCI Business ConfidenceMAR,,,,116,3.0
2025-04-15 21:30:00+05:30,SA,Inflation Rate YoYMAR,,2.0%,2.2%,2.1%,3.0
2025-04-16 02:00:00+05:30,US,API Crude Oil Stock ChangeAPR/11,2.4M,-1.057M,-1.68M,,2.0
2025-04-16 02:30:00+05:30,KR,Export Prices YoYMAR,6.3%,6.3%,,3%,3.0
2025-04-16 02:30:00+05:30,KR,Import Prices YoYMAR,3.4%,4.3%,,3.9%,3.0
2025-04-16 04:30:00+05:30,JP,Reuters Tankan IndexAPR,9,-1,,-3,3.0
2025-04-16 04:40:00+05:30,US,Fed Cook Speech,,,,,2.0
2025-04-16 05:20:00+05:30,JP,Machinery Orders YoYFEB,1.5%,4.4%,-1.4%,-1.2%,2.0
2025-04-16 05:20:00+05:30,JP,Machinery Orders MoMFEB,4.3%,-3.5%,0.8%,1%,2.0
2025-04-16 06:30:00+05:30,AU,Westpac Leading Index MoMMAR,-0.1%,0.1%,,0.2%,3.0
2025-04-16 07:00:00+05:30,CN,House Price Index YoYMAR,-4.5%,-4.8%,,-4.4%,2.0
2025-04-16 07:30:00+05:30,CN,Fixed Asset Investment (YTD) YoYMAR,4.2%,4.1%,4.1%,4.5%,2.0
2025-04-16 07:30:00+05:30,CN,Industrial Production YoYMAR,7.7%,5.9%,5.6%,5.8%,1.0
2025-04-16 07:30:00+05:30,CN,Unemployment RateMARCH,5.2%,5.4%,5.3%,5.4%,3.0
2025-04-16 07:30:00+05:30,CN,GDP Growth Rate QoQQ1,1.2%,1.6%,1.4%,1.5%,2.0
2025-04-16 07:30:00+05:30,CN,Industrial Capacity UtilizationQ1,74.1%,76.2%,,76.5%,3.0
2025-04-16 07:30:00+05:30,CN,Retail Sales YoYMAR,5.9%,4%,4.2%,4.4%,1.0
2025-04-16 07:30:00+05:30,CN,GDP Growth Rate YoYQ1,5.4%,5.4%,5.1%,5.2%,1.0
2025-04-16 08:30:00+05:30,ID,Retail Sales YoYFEB,,0.5%,,1.0%,3.0
2025-04-16 08:50:00+05:30,ID,Retail Sales YoYFEB,2.0%,0.5%,,1.0%,3.0
2025-04-16 10:00:00+05:30,IN,Passenger Vehicles Sales YoYMAR,3.7%,3.7%,,,3.0
2025-04-16 10:30:00+05:30,SG,1-Year T-Bill Auction,2.29%,2.95%,,,3.0
2025-04-16 11:30:00+05:30,GB,Core Inflation Rate YoYMAR,3.4%,3.5%,3.4%,3.3%,2.0
2025-04-16 11:30:00+05:30,GB,Retail Price Index YoYMAR,3.2%,3.4%,3.2%,3.1%,3.0
2025-04-16 11:30:00+05:30,GB,Inflation Rate MoMMAR,0.3%,0.4%,0.4%,0.4%,2.0
2025-04-16 11:30:00+05:30,GB,Core Inflation Rate MoMMAR,0.5%,0.4%,0.5%,0.4%,3.0
2025-04-16 11:30:00+05:30,GB,Inflation Rate YoYMAR,2.6%,2.8%,2.7%,2.8%,1.0
2025-04-16 11:30:00+05:30,GB,Retail Price Index MoMMAR,0.3%,0.6%,0-4%,0.4%,3.0
2025-04-16 13:30:00+05:30,IT,Inflation Rate MoM FinalMAR,0.3%,0.2%,0.4%,0.4%,3.0
2025-04-16 13:30:00+05:30,EA,Current Account s.aFEB,€34.3B,€40.3B,€37.3B,€36.0B,3.0
2025-04-16 13:30:00+05:30,IT,Harmonised Inflation Rate MoM FinalMAR,1.6%,0.1%,1.6%,1.6%,3.0
2025-04-16 13:30:00+05:30,IT,Harmonised Inflation Rate YoY FinalMAR,2.1%,1.7%,2.1%,2.1%,3.0
2025-04-16 13:30:00+05:30,IT,Inflation Rate YoY FinalMAR,1.9%,1.6%,2%,2.0%,3.0
2025-04-16 13:30:00+05:30,EA,Current AccountFEB,€33.1B,€18B,,€19.5B,3.0
2025-04-16 14:30:00+05:30,EA,Core Inflation Rate YoY FinalMAR,2.4%,2.6%,2.4%,2.4%,3.0
2025-04-16 14:30:00+05:30,GB,3-Year Treasury Gilt Auction,3.631%,4.082%,,,3.0
2025-04-16 14:30:00+05:30,IT,Current AccountFEB,€1604M,€-3873M,,€1950.0M,3.0
2025-04-16 14:30:00+05:30,EA,CPI FinalMAR,128.04,127.26,128.04,128.04,3.0
2025-04-16 14:30:00+05:30,EA,Inflation Rate YoY FinalMAR,2.2%,2.3%,2.2%,2.2%,3.0
2025-04-16 14:30:00+05:30,EA,Inflation Rate MoM FinalMAR,0.6%,0.4%,0.6%,0.6%,3.0
2025-04-16 15:00:00+05:30,ZA,SACCI Business ConfidenceFEB,125.8,120,,118.5,3.0
2025-04-16 15:00:00+05:30,ZA,SACCI Business ConfidenceMAR,123.5,125.8,,116,3.0
2025-04-16 15:00:00+05:30,DE,30-Year Bund Auction,2.83%,3.04%,,,3.0
2025-04-16 15:40:00+05:30,EU,6-Month Bill Auction,2.117%,2.220%,,,3.0
2025-04-16 15:40:00+05:30,EU,3-Month Bill Auction,2.158%,2.254%,,,3.0
2025-04-16 15:40:00+05:30,EU,12-Month Bill Auction,1.956%,2.141%,,,3.0
2025-04-16 16:30:00+05:30,US,MBA Mortgage ApplicationsAPR/11,-8.5%,20%,,,3.0
2025-04-16 16:30:00+05:30,US,MBA 30-Year Mortgage RateAPR/11,6.81%,6.61%,,,2.0
2025-04-16 16:30:00+05:30,US,MBA Mortgage Refinance IndexAPR/11,841.9,961.4,,,3.0
2025-04-16 16:30:00+05:30,US,MBA Mortgage Market IndexAPR/11,267.5,292.3,,,3.0
2025-04-16 16:30:00+05:30,ZA,Retail Sales YoYFEB,3.9%,7%,,6.5%,3.0
2025-04-16 16:30:00+05:30,ZA,Retail Sales MoMFEB,-1.3%,0.7%,,0.3%,3.0
2025-04-16 16:30:00+05:30,US,MBA Purchase IndexAPR/11,164.2,172.7,,,3.0
2025-04-16 17:00:00+05:30,IN,M3 Money Supply YoYAPR/04,,9.6%,,,3.0
2025-04-16 18:00:00+05:30,US,Retail Sales Ex Autos MoMMAR,0.5%,0.7%,0.3%,0.1%,2.0
2025-04-16 18:00:00+05:30,US,Retail Sales YoYMAR,4.6%,3.5%,,2.6%,3.0
2025-04-16 18:00:00+05:30,US,Retail Sales MoMMAR,1.4%,0.2%,1.3%,1.1%,1.0
2025-04-16 18:00:00+05:30,US,Retail Sales Control Group MoMMAR,0.4%,1.3%,0.6%,0.3%,2.0
2025-04-16 18:00:00+05:30,US,Retail Sales Ex Gas/Autos MoMMAR,0.8%,0.8%,,0.3%,3.0
2025-04-16 18:45:00+05:30,US,Industrial Production YoYMAR,1.3%,1.5%,,1.2%,3.0
2025-04-16 18:45:00+05:30,US,Manufacturing Production MoMMAR,0.3%,1%,0.3%,-0.1%,3.0
2025-04-16 18:45:00+05:30,US,Industrial Production MoMMAR,-0.3%,0.8%,-0.2%,-0.2%,2.0
2025-04-16 18:45:00+05:30,US,Manufacturing Production YoYMAR,1%,0.8%,,2.4%,3.0
2025-04-16 18:45:00+05:30,US,Capacity UtilizationMAR,77.8%,78.2%,78%,78.0%,3.0
2025-04-16 19:15:00+05:30,CA,BoC Interest Rate Decision,2.75%,2.75%,2.75%,2.75%,1.0
2025-04-16 19:15:00+05:30,CA,BoC Monetary Policy Report,,,,,1.0
2025-04-16 19:30:00+05:30,US,NAHB Housing Market IndexAPR,40,39,37,38,2.0
2025-04-16 19:30:00+05:30,US,Business Inventories MoMFEB,0.2%,0.3%,0.2%,0.2%,2.0
2025-04-16 19:30:00+05:30,US,Retail Inventories Ex Autos MoMFEB,0.1%,0.5%,0.1%,0.2%,3.0
2025-04-16 20:00:00+05:30,US,EIA Distillate Fuel Production ChangeAPR/11,0.03M,-0.019M,,,3.0
2025-04-16 20:00:00+05:30,US,EIA Refinery Crude Runs ChangeAPR/11,-0.063M,0.069M,,,3.0
2025-04-16 20:00:00+05:30,US,EIA Cushing Crude Oil Stocks ChangeAPR/11,-0.654M,0.681M,,,3.0
2025-04-16 20:00:00+05:30,CA,BoC Press Conference,,,,,2.0
2025-04-16 20:00:00+05:30,US,EIA Gasoline Stocks ChangeAPR/11,-1.958M,-1.6M,-1.6M,,2.0
2025-04-16 20:00:00+05:30,US,EIA Gasoline Production ChangeAPR/11,0.466M,-0.338M,,,3.0
2025-04-16 20:00:00+05:30,US,EIA Crude Oil Imports ChangeAPR/11,-2.044M,0.36M,,,3.0
2025-04-16 20:00:00+05:30,US,EIA Crude Oil Stocks ChangeAPR/11,0.515M,2.553M,0.4M,,2.0
2025-04-16 20:00:00+05:30,US,EIA Heating Oil Stocks ChangeAPR/11,0.019M,-0.02M,,,3.0
2025-04-16 20:00:00+05:30,US,EIA Distillate Stocks ChangeAPR/11,-1.851M,-3.544M,-1.2M,,3.0
2025-04-16 21:00:00+05:30,US,17-Week Bill Auction,4.225%,4.250%,,,3.0
2025-04-16 21:30:00+05:30,US,Fed Hammack Speech,,,,,2.0
2025-04-16 21:30:00+05:30,RU,PPI YoYMAR,5.9%,9.8%,,10.2%,3.0
2025-04-16 21:30:00+05:30,RU,PPI MoMMAR,-1.5%,0.9%,,2.6%,3.0
2025-04-16 22:30:00+05:30,US,20-Year Bond Auction,4.810%,4.632%,,,3.0
2025-04-16 22:30:00+05:30,AR,Leading Indicator MoMMAR,,2.31%,,1.6%,3.0
2025-04-16 23:00:00+05:30,ID,Tourist Arrivals YoYFEB,,,,,1.0
2025-04-16 23:00:00+05:30,US,Fed Chair Powell Speech,,,,,1.0
2025-04-16 23:00:00+05:30,AR,Leading Indicator MoMMAR,,2.31%,,1.6%,1.0
2025-04-16 23:00:00+05:30,ID,Tourist Arrivals YoYJAN,,8.72%,,10.0%,1.0
2025-04-16 23:00:00+05:30,GB,3-Year Treasury Gilt Auction,,4.082%,,,1.0
2025-04-17 00:30:00+05:30,AR,Balance of TradeMAR,$323M,$227M,$800M,$ 900M,3.0
2025-04-17 01:30:00+05:30,US,Foreign Bond InvestmentFEB,$106.2B,$-13.3B,,,3.0
2025-04-17 01:30:00+05:30,US,Overall Net Capital FlowsFEB,$284.7B,$-46.6B,,,3.0
2025-04-17 01:30:00+05:30,US,Net Long-term TIC FlowsFEB,$112B,$-42.2B,$35.2B,,2.0
2025-04-17 04:30:00+05:30,US,Fed Schmid Speech,,,,,2.0
2025-04-17 05:20:00+05:30,JP,Imports YoYMAR,2%,-0.7%,3.1%,,3.0
2025-04-17 05:20:00+05:30,JP,Stock Investment by ForeignersAPR/12,¥1043.7B,¥1783.5B,,,3.0
2025-04-17 05:20:00+05:30,JP,Foreign Bond InvestmentAPR/12,¥-512B,¥-2569.9B,,,3.0
2025-04-17 05:20:00+05:30,JP,Exports YoYMAR,3.9%,11.4%,4.5%,,2.0
2025-04-17 05:20:00+05:30,JP,Balance of TradeMAR,¥544.1B,¥590.5B,¥485.3B,¥300.0B,1.0
2025-04-17 06:00:00+05:30,SG,Non-Oil Exports YoYMAR,5.4%,7.6%,13.6%,15.5%,3.0
2025-04-17 06:00:00+05:30,SG,Non-Oil Exports MoMMAR,-7.6%,2.6%,,6.5%,3.0
2025-04-17 06:30:00+05:30,SG,Balance of TradeMAR,$5.24B,$6.18B,,$ 5.3B,3.0
2025-04-17 06:30:00+05:30,KR,Interest Rate Decision,2.75%,2.75%,2.75%,2.75%,2.0
2025-04-17 07:00:00+05:30,AU,Part Time Employment ChgMAR,17.2K,-13.7K,,15.0K,3.0
2025-04-17 07:00:00+05:30,AU,Participation RateMAR,66.8%,66.7%,67%,67.0%,3.0
2025-04-17 07:00:00+05:30,AU,Full Time Employment ChgMAR,15K,-43.9K,,20.0K,2.0
2025-04-17 07:00:00+05:30,AU,Employment ChangeMAR,32.2K,-57.4K,40K,30.0K,2.0
2025-04-17 07:00:00+05:30,AU,Unemployment RateMAR,4.1%,4.0%,4.2%,4.1%,2.0
2025-04-17 07:00:00+05:30,JP,BoJ Nakagawa Speech,,,,,2.0
2025-04-17 09:05:00+05:30,JP,52-Week Bill Auction,0.5292%,0.6184%,,,3.0
2025-04-17 11:30:00+05:30,DE,PPI YoYMAR,-0.2%,0.7%,0.4%,0.5%,2.0
2025-04-17 11:30:00+05:30,DE,PPI MoMMAR,-0.7%,-0.2%,-0.1%,0.0%,3.0
2025-04-17 14:30:00+05:30,FR,3-Year OAT Auction,2.32%,2.59%,,,3.0
2025-04-17 14:30:00+05:30,FR,OAT Auction,,,,,3.0
2025-04-17 14:30:00+05:30,FR,6-Year OAT Auction,2.73%,2.76%,,,3.0
2025-04-17 14:30:00+05:30,FR,7-Year OAT Auction,2.98%,3.10%,,,3.0
2025-04-17 15:30:00+05:30,FR,28-Year Index-Linked OAT Auction,1.68%,1.57%,,,3.0
2025-04-17 15:30:00+05:30,FR,14-Year OATi Auction,1.56%,1.41%,,,3.0
2025-04-17 15:30:00+05:30,FR,Index-Linked OAT Auction,,,,,3.0
2025-04-17 15:30:00+05:30,FR,9-Year Index-Linked OAT Auction,1.25%,1.20%,,,3.0
2025-04-17 15:30:00+05:30,FR,11-Year Index-Linked OAT Auction,1.40%,1.20%,,,3.0
2025-04-17 15:30:00+05:30,FR,OATi Auction,,,,,3.0
2025-04-17 16:30:00+05:30,CA,CFIB Business BarometerAPR,34.8,25.5,,,3.0
2025-04-17 16:30:00+05:30,TR,Overnight Borrowing RateAPR,44.5%,41%,,41%,3.0
2025-04-17 16:30:00+05:30,ZA,Building Permits YoYFEB,-9%,33.2%,,25.6%,3.0
2025-04-17 16:30:00+05:30,TR,TCMB Interest Rate Decision,46%,42.5%,42.5%,42.5%,2.0
2025-04-17 16:30:00+05:30,TR,Overnight Lending RateAPR,49%,46%,46%,46%,3.0
2025-04-17 17:00:00+05:30,TR,Foreign Exchange ReservesAPR/11,$68.01B,$77.84B,,,3.0
2025-04-17 17:00:00+05:30,IN,M3 Money Supply YoYAPR/04,9.5%,9.6%,,,3.0
2025-04-17 17:45:00+05:30,EA,Deposit Facility Rate,2.25%,2.5%,2.25%,2.25%,1.0
2025-04-17 17:45:00+05:30,EA,Marginal Lending Rate,2.65%,2.9%,,2.65%,3.0
2025-04-17 17:45:00+05:30,EA,ECB Interest Rate Decision,2.4%,2.65%,2.40%,2.40%,1.0
2025-04-17 18:00:00+05:30,US,Building Permits MoM PrelMAR,1.6%,-1%,,-4%,2.0
2025-04-17 18:00:00+05:30,US,Philly Fed Prices PaidAPR,51.00,48.30,,,3.0
2025-04-17 18:00:00+05:30,US,Continuing Jobless ClaimsAPR/05,1885K,1844K,1870K,1890.0K,3.0
2025-04-17 18:00:00+05:30,US,Philly Fed Business ConditionsAPR,6.9,5.6,,,3.0
2025-04-17 18:00:00+05:30,EA,ECB Press Conference,,,,,1.0
2025-04-17 18:00:00+05:30,CA,Foreign Securities Purchases by CanadiansFEB,C$27.15B,C$-3B,,,3.0
2025-04-17 18:00:00+05:30,US,Philly Fed EmploymentAPR,0.2,19.7,,,3.0
2025-04-17 18:00:00+05:30,US,Jobless Claims 4-week AverageAPR/12,220.75K,223.25K,,227.0K,3.0
2025-04-17 18:00:00+05:30,US,Housing Starts MoMMAR,-11.4%,9.8%,,-5.3%,2.0
2025-04-17 18:00:00+05:30,US,Building Permits PrelMAR,1.482M,1.459M,1.45M,1.4M,1.0
2025-04-17 18:00:00+05:30,US,Philly Fed New OrdersAPR,-34.2,8.7,,,3.0
2025-04-17 18:00:00+05:30,US,Philly Fed CAPEX IndexAPR,2.00,13.40,,,3.0
2025-04-17 18:00:00+05:30,US,Philadelphia Fed Manufacturing IndexAPR,-26.4,12.5,2,10,2.0
2025-04-17 18:00:00+05:30,US,Housing StartsMAR,1.324M,1.494M,1.42M,1.42M,1.0
2025-04-17 18:00:00+05:30,US,Initial Jobless ClaimsAPR/12,215K,224K,225K,227.0K,2.0
2025-04-17 18:00:00+05:30,CA,Foreign Securities PurchasesFEB,C$-6.46B,C$7.91B,C$12.89B,,3.0
2025-04-17 18:15:00+05:30,EA,ECB Press Conference,,,,,1.0
2025-04-17 19:30:00+05:30,US,4-Week Bill Auction,4.24%,4.245%,,,3.0
2025-04-17 19:30:00+05:30,US,8-Week Bill Auction,4.235%,4.235%,,,3.0
2025-04-17 20:00:00+05:30,US,EIA Natural Gas Stocks ChangeAPR/11,16Bcf,57Bcf,24Bcf,,3.0
2025-04-17 21:00:00+05:30,US,5-Year TIPS Auction,1.702%,2.121%,,,3.0
2025-04-17 21:00:00+05:30,US,4-Week Bill Auction,,4.245%,,,3.0
2025-04-17 21:00:00+05:30,US,8-Week Bill Auction,,4.235%,,,3.0
2025-04-17 21:15:00+05:30,US,Fed Barr Speech,,,,,2.0
2025-04-17 21:30:00+05:30,US,15-Year Mortgage RateAPR/17,6.03%,5.82%,,,3.0
2025-04-17 21:30:00+05:30,US,30-Year Mortgage RateAPR/17,6.83%,6.62%,,,3.0
2025-04-17 22:30:00+05:30,ES,Consumer ConfidenceMAR,,81.4,,81,3.0
2025-04-17 22:30:00+05:30,AR,Leading Indicator MoMMAR,,2.31%,,1.6%,3.0
2025-04-17 22:30:00+05:30,ZA,SACCI Business ConfidenceMAR,,,,116,3.0
2025-04-17 22:30:00+05:30,RU,GDP Growth Rate YoYQ4,,3.1%,,3.5%,3.0
2025-04-17 22:30:00+05:30,US,5-Year TIPS Auction,,2.121%,,,3.0
2025-04-17 22:30:00+05:30,US,Baker Hughes Oil Rig CountAPR/18,481,480,,,3.0
2025-04-17 22:30:00+05:30,US,Baker Hughes Total Rigs CountAPR/18,585,583,,,3.0
2025-04-17 22:30:00+05:30,ZA,SACCI Business ConfidenceFEB,,120,,118.5,3.0
2025-04-17 23:00:00+05:30,AR,Leading Indicator MoMMAR,2.1%,2.31%,,1.6%,3.0
2025-04-18 02:00:00+05:30,US,Fed Balance SheetAPR/16,,$6.73T,,,3.0
2025-04-18 02:05:00+05:30,US,Fed Balance SheetAPR/16,$6.73T,$6.73T,,,3.0
2025-04-18 05:00:00+05:30,JP,Inflation Rate Ex-Food and Energy YoYMAR,2.9%,2.6%,,2.7%,3.0
2025-04-18 05:00:00+05:30,JP,Inflation Rate YoYMAR,3.6%,3.7%,,3.7%,1.0
2025-04-18 05:00:00+05:30,JP,Core Inflation Rate YoYMAR,3.2%,3%,3.2%,3%,2.0
2025-04-18 05:00:00+05:30,JP,Inflation Rate MoMMAR,0.3%,-0.1%,,0.2%,3.0
2025-04-18 09:05:00+05:30,JP,3-Month Bill Auction,,0.3468%,,,3.0
2025-04-18 09:15:00+05:30,JP,3-Month Bill Auction,0.3716%,0.3468%,,,3.0
2025-04-18 10:30:00+05:30,JP,Tertiary Industry Index MoMFEB,,-0.3%,,-0.2%,3.0
2025-04-18 13:30:00+05:30,IT,Balance of TradeFEB,€4.466B,€-0.288B,€3.31B,€5.1B,2.0
2025-04-18 14:30:00+05:30,ES,Consumer ConfidenceMAR,,81.4,,82.1,3.0
2025-04-18 14:30:00+05:30,CN,FDI (YTD) YoYMAR,-10.8%,-20.4%,,-22.0%,2.0
2025-04-18 14:30:00+05:30,IT,Construction Output YoYFEB,6%,4.2%,,3.2%,3.0
2025-04-18 17:00:00+05:30,ES,Consumer ConfidenceMAR,,81.4,,82.1,3.0
2025-04-18 17:00:00+05:30,IN,Passenger Vehicles Sales YoYMAR,,3.7%,,,3.0
2025-04-18 17:00:00+05:30,IN,Foreign Exchange ReservesAPR/11,$677.84B,$676.27B,,,3.0
2025-04-18 17:00:00+05:30,CN,FDI (YTD) YoYMAR,,-20.4%,,-22.0%,3.0
2025-04-18 19:30:00+05:30,AR,Consumer ConfidenceAPR,,44.1,,42,3.0
2025-04-18 19:30:00+05:30,ES,Consumer ConfidenceMAR,,81.4,,81,3.0
2025-04-18 19:30:00+05:30,IN,Passenger Vehicles Sales YoYMAR,,3.7%,,,3.0
2025-04-18 19:30:00+05:30,CN,FDI (YTD) YoYMAR,,-20.4%,,-22.0%,3.0
2025-04-18 20:30:00+05:30,ES,Consumer ConfidenceMAR,,81.4,,81,2.0
2025-04-18 20:30:00+05:30,US,Fed Daly Speech,,,,,2.0
2025-04-18 20:30:00+05:30,IN,Passenger Vehicles Sales YoYMAR,,3.7%,,,2.0
2025-04-18 20:30:00+05:30,CN,FDI (YTD) YoYMAR,,-20.4%,,-22.0%,2.0
2025-04-18 22:30:00+05:30,CN,FDI (YTD) YoYMAR,,-20.4%,,-22.0%,3.0
2025-04-18 22:30:00+05:30,US,Baker Hughes Oil Rig CountAPR/18,,,,,3.0
2025-04-18 22:30:00+05:30,IN,Passenger Vehicles Sales YoYMAR,,3.7%,,,3.0
2025-04-18 22:30:00+05:30,ES,Consumer ConfidenceMAR,,81.4,,81,3.0
2025-04-18 22:30:00+05:30,US,Baker Hughes Total Rigs CountAPR/18,,,,,3.0
2025-04-20 06:45:00+05:30,CN,Loan Prime Rate 1Y,,3.1%,3.1%,3.1%,2.0
2025-04-20 06:45:00+05:30,CN,Loan Prime Rate 5YAPR,,3.6%,3.6%,3.6%,2.0
2025-04-21 06:45:00+05:30,CN,Loan Prime Rate 5YAPR,3.6%,3.6%,3.6%,3.6%,2.0
2025-04-21 06:45:00+05:30,CN,Loan Prime Rate 1Y,3.1%,3.1%,3.1%,3.1%,2.0
2025-04-21 09:30:00+05:30,ID,Balance of TradeMAR,$4.33B,$3.10B,$2.64B,$2.5B,2.0
2025-04-21 09:30:00+05:30,ID,Exports YoYMAR,3.16%,13.86%,-3.4%,-2.1%,3.0
2025-04-21 09:30:00+05:30,ID,Imports YoYMAR,5.34%,2.3%,6.6%,6%,3.0
2025-04-21 10:30:00+05:30,KR,5-Year KTB Auction,,2.680%,,,3.0
2025-04-21 17:00:00+05:30,IN,Infrastructure Output YoYMAR,3.8%,3.4%,,5%,3.0
2025-04-21 18:30:00+05:30,FR,6-Month BTF Auction,,2.101%,,,3.0
2025-04-21 18:30:00+05:30,FR,12-Month BTF Auction,,2.013%,,,3.0
2025-04-21 18:30:00+05:30,FR,3-Month BTF Auction,,2.192%,,,3.0
2025-04-21 19:30:00+05:30,US,CB Leading Index MoMMAR,-0.7%,0.2%,-0.5%,-0.5%,3.0
2025-04-21 19:30:00+05:30,AR,Consumer ConfidenceAPR,44.1,44.1,,42,3.0
2025-04-21 20:00:00+05:30,TR,Central Government DebtMAR,TRY10.271T,TRY9.91T,,TRY9.9T,3.0
2025-04-21 21:00:00+05:30,KR,5-Year KTB Auction,,2.680%,,,3.0
2025-04-21 21:00:00+05:30,US,3-Month Bill Auction,4.225%,4.225%,,,3.0
2025-04-21 21:00:00+05:30,US,6-Month Bill Auction,4.050%,4.060%,,,3.0
2025-04-21 21:00:00+05:30,BR,BCB Focus Market Readout,,,,,3.0
2025-04-21 21:00:00+05:30,IF,IMF/World Bank Spring Meetings,,,,,3.0
2025-04-21 21:00:00+05:30,TR,Central Government DebtMAR,,TRY9.91T,,TRY9.9T,3.0
2025-04-22 02:30:00+05:30,KR,PPI MoMMAR,0%,0%,,0.1%,3.0
2025-04-22 02:30:00+05:30,KR,PPI YoYMAR,1.3%,1.5%,,2.2%,3.0
2025-04-22 10:30:00+05:30,KR,20-Year KTB Auction,2.560%,2.700%,,,3.0
2025-04-22 10:30:00+05:30,KR,5-Year KTB Auction,2.440%,2.680%,,,3.0
2025-04-22 10:30:00+05:30,SG,MAS 12-Week Bill Auction,2.48%,2.45%,,,3.0
2025-04-22 10:30:00+05:30,SG,MAS 4-Week Bill Auction,2.44%,2.55%,,,3.0
2025-04-22 12:30:00+05:30,ZA,Leading Business Cycle Indicator MoMFEB,-0.2%,1.0%,,0.7%,3.0
2025-04-22 12:30:00+05:30,TR,Consumer ConfidenceAPR,83.9,85.9,,84,2.0
2025-04-22 13:30:00+05:30,EA,ECB Survey of Professional Forecasters,,,,,3.0
2025-04-22 13:30:00+05:30,EA,ECB Survey of Monetary Analysts,,,,,3.0
2025-04-22 13:30:00+05:30,ES,Balance of TradeFEB,€-3.42B,€-6.19B,,€-5.0B,2.0
2025-04-22 14:10:00+05:30,ES,9-Month Letras Auction,1.919%,2.269%,,,3.0
2025-04-22 14:10:00+05:30,ES,3-Month Letras Auction,2.100%,2.359%,,,3.0
2025-04-22 14:30:00+05:30,EA,Government Debt to GDP2024,87.4%,87.3%,,87.8%,2.0
2025-04-22 14:30:00+05:30,EA,Government Budget to GDP2024,-3.1%,-3.5%,,-3.2%,2.0
2025-04-22 15:00:00+05:30,DE,2-Year Schatz Auction,1.67%,2.01%,,,3.0
2025-04-22 16:00:00+05:30,EA,ECB Knot Speech,,,,,3.0
2025-04-22 18:00:00+05:30,CA,Raw Materials Prices YoYMAR,3.9%,9.2%,,6.5%,3.0
2025-04-22 18:00:00+05:30,CA,PPI YoYMAR,4.7%,5.1%,,4.5%,3.0
2025-04-22 18:00:00+05:30,CA,PPI MoMMAR,0.5%,0.6%,0.3%,0.5%,3.0
2025-04-22 18:00:00+05:30,CA,Raw Materials Prices MoMMAR,-1%,0.3%,0%,-0.5%,3.0
2025-04-22 18:25:00+05:30,US,Redbook YoYAPR/19,7.4%,6.6%,,,3.0
2025-04-22 18:30:00+05:30,FR,3-Month BTF Auction,2.121%,2.192%,,,3.0
2025-04-22 18:30:00+05:30,US,Fed Jefferson Speech,,,,,2.0
2025-04-22 18:30:00+05:30,FR,6-Month BTF Auction,2.021%,2.101%,,,3.0
2025-04-22 18:30:00+05:30,FR,12-Month BTF Auction,1.893%,2.013%,,,3.0
2025-04-22 18:30:00+05:30,IF,IMF/World Economic Outlook,,,,,2.0
2025-04-22 19:00:00+05:30,US,Fed Harker Speech,,,,,2.0
2025-04-22 19:30:00+05:30,US,Richmond Fed Services Revenues IndexAPR,-7,-4,,-6,3.0
2025-04-22 19:30:00+05:30,AR,Consumer ConfidenceAPR,,44.1,,42,3.0
2025-04-22 19:30:00+05:30,US,Richmond Fed Manufacturing Shipments IndexAPR,-17,-7,,-2,3.0
2025-04-22 19:30:00+05:30,EA,Consumer Confidence FlashAPR,-16.7,-14.5,-15,-15.2,2.0
2025-04-22 19:30:00+05:30,US,Richmond Fed Manufacturing IndexAPR,-13,-4,-6,-5,3.0
2025-04-22 22:30:00+05:30,EA,ECB Guindos Speech,,,,,3.0
2025-04-22 22:30:00+05:30,US,2-Year Note Auction,3.795%,3.984%,,,3.0
2025-04-22 22:30:00+05:30,US,Money SupplyMAR,$21.76T,$21.67T,,,3.0
2025-04-22 23:30:00+05:30,IF,IMF/World Bank Spring Meetings,,,,,2.0
2025-04-22 23:30:00+05:30,GB,BoE Breeden Speech,,,,,2.0
2025-04-22 23:30:00+05:30,BR,BCB Focus Market Readout,,,,,2.0
2025-04-22 23:30:00+05:30,KR,5-Year KTB Auction,,2.680%,,,2.0
2025-04-22 23:30:00+05:30,US,Fed Kashkari Speech,,,,,2.0
2025-04-22 23:30:00+05:30,ES,Consumer ConfidenceMAR,,81.4,,81,2.0
2025-04-23 00:30:00+05:30,AR,Economic Activity YoYFEB,5.7%,6.5%,,6.0%,3.0
2025-04-23 02:00:00+05:30,US,API Crude Oil Stock ChangeAPR/18,-4.565M,2.4M,,,2.0
2025-04-23 02:30:00+05:30,KR,Consumer ConfidenceAPR,93.8,93.4,,91,2.0
2025-04-23 03:30:00+05:30,US,Fed Kugler Speech,,,,,2.0
2025-04-23 04:30:00+05:30,AU,S&P Global Composite PMI FlashAPR,51.4,51.6,,49.5,3.0
2025-04-23 04:30:00+05:30,AU,S&P Global Manufacturing PMI FlashAPR,51.7,52.1,,49,2.0
2025-04-23 04:30:00+05:30,AU,S&P Global Services PMI FlashAPR,51.4,51.6,,50.1,2.0
2025-04-23 06:00:00+05:30,JP,Jibun Bank Services PMI FlashAPR,52.2,50.0,,49.7,2.0
2025-04-23 06:00:00+05:30,JP,Jibun Bank Composite PMI FlashAPR,51.1,48.9,,48,3.0
2025-04-23 06:00:00+05:30,JP,Jibun Bank Manufacturing PMI FlashAPR,48.5,48.4,,47.8,2.0
2025-04-23 10:15:00+05:30,JP,Tertiary Industry Index MoMFEB,0.0%,1.4%,,0.2%,3.0
2025-04-23 10:30:00+05:30,SG,Inflation Rate YoYMAR,0.9%,0.9%,1%,1.0%,3.0
2025-04-23 10:30:00+05:30,IN,HSBC Manufacturing PMI FlashAPR,58.4,58.1,,,2.0
2025-04-23 10:30:00+05:30,IN,HSBC Composite PMI FlashAPR,60.0,59.5,,,2.0
2025-04-23 10:30:00+05:30,SG,Inflation Rate MoMMAR,-0.1%,0.8%,,0.1%,3.0
2025-04-23 10:30:00+05:30,SG,Core Inflation Rate YoYMAR,0.5%,0.6%,,0.8%,3.0
2025-04-23 10:30:00+05:30,JP,Tertiary Industry Index MoMFEB,,-0.3%,,0.2%,3.0
2025-04-23 10:30:00+05:30,IN,HSBC Services PMI FlashAPR,59.1,58.5,,,2.0
2025-04-23 11:30:00+05:30,GB,Public Sector Net Borrowing Ex BanksMAR,£-16.44B,£-12.31B,£-16.05B,£-16.2B,3.0
2025-04-23 12:45:00+05:30,FR,HCOB Services PMI FlashAPR,46.8,47.9,47.7,47.8,2.0
2025-04-23 12:45:00+05:30,FR,HCOB Manufacturing PMI FlashAPR,48.2,48.5,48,48.1,2.0
2025-04-23 12:45:00+05:30,FR,HCOB Composite PMI FlashAPR,47.3,48,47.8,47.9,2.0
2025-04-23 12:50:00+05:30,ID,Loan Growth YoYMAR,9.16%,10.3%,,12%,3.0
2025-04-23 13:00:00+05:30,DE,HCOB Services PMI FlashAPR,48.8,50.9,50.2,50.7,2.0
2025-04-23 13:00:00+05:30,DE,HCOB Manufacturing PMI FlashAPR,48,48.3,47.6,48.1,1.0
2025-04-23 13:00:00+05:30,ID,Interest Rate Decision,5.75%,5.75%,5.75%,5.75%,2.0
2025-04-23 13:00:00+05:30,ID,Deposit Facility RateAPR,5%,5%,,5%,3.0
2025-04-23 13:00:00+05:30,DE,HCOB Composite PMI FlashAPR,49.7,51.3,50.4,51,2.0
2025-04-23 13:00:00+05:30,ID,Lending Facility RateAPR,6.5%,6.5%,,6.5%,3.0
2025-04-23 13:30:00+05:30,ZA,Core Inflation Rate MoMMAR,0.5%,1.1%,,0.4%,3.0
2025-04-23 13:30:00+05:30,EA,HCOB Services PMI FlashAPR,49.7,51,50.5,50.7,2.0
2025-04-23 13:30:00+05:30,EA,HCOB Composite PMI FlashAPR,50.1,50.9,50.3,50.6,2.0
2025-04-23 13:30:00+05:30,ZA,Core Inflation Rate YoYMAR,3.1%,3.4%,,3.5%,3.0
2025-04-23 13:30:00+05:30,ZA,Inflation Rate MoMMAR,0.4%,0.9%,,0.2%,2.0
2025-04-23 13:30:00+05:30,ZA,Inflation Rate YoYMAR,2.7%,3.2%,2.9%,3.0%,2.0
2025-04-23 13:30:00+05:30,EA,HCOB Manufacturing PMI FlashAPR,48.7,48.6,47.5,47.5,2.0
2025-04-23 14:00:00+05:30,GB,S&P Global Services PMI FlashAPR,48.9,52.5,51.3,52,1.0
2025-04-23 14:00:00+05:30,GB,S&P Global Composite PMI FlashAPR,48.2,51.5,50.4,50.5,3.0
2025-04-23 14:00:00+05:30,GB,S&P Global Manufacturing PMI FlashAPR,44,44.9,44,44.3,1.0
2025-04-23 14:30:00+05:30,EA,Construction Output YoYFEB,0.2%,0.1%,,0.7%,3.0
2025-04-23 14:30:00+05:30,EA,Balance of TradeFEB,€24B,€0.8B,,€15.1B,2.0
2025-04-23 15:00:00+05:30,DE,10-Year Bund Auction,2.47%,2.68%,,,3.0
2025-04-23 16:30:00+05:30,US,MBA Mortgage Refinance IndexAPR/18,673.6,841.9,,,3.0
2025-04-23 16:30:00+05:30,US,MBA 30-Year Mortgage RateAPR/18,6.9%,6.81%,,,2.0
2025-04-23 16:30:00+05:30,US,MBA Mortgage ApplicationsAPR/18,-12.7%,-8.5%,,,3.0
2025-04-23 16:30:00+05:30,US,MBA Mortgage Market IndexAPR/18,233.5,267.5,,,3.0
2025-04-23 16:30:00+05:30,US,MBA Purchase IndexAPR/18,153.4,164.2,,,3.0
2025-04-23 17:00:00+05:30,US,Building Permits FinalMAR,1.467M,1.459M,1.482M,1.482M,3.0
2025-04-23 17:00:00+05:30,US,Building Permits MoM FinalMAR,0.5%,-1%,1.6%,1.6%,3.0
2025-04-23 17:30:00+05:30,MX,Retail Sales MoMFEB,0.2%,0.7%,0.3%,0.4%,3.0
2025-04-23 17:30:00+05:30,MX,Retail Sales YoYFEB,-1.1%,2.7%,,0.9%,3.0
2025-04-23 18:00:00+05:30,US,Building Permits MoM FinalMAR,,-1%,,,2.0
2025-04-23 18:00:00+05:30,CA,New Housing Price Index MoMMAR,0.0%,0.1%,0%,0.1%,2.0
2025-04-23 18:00:00+05:30,US,Building Permits FinalMAR,,1.459M,,,2.0
2025-04-23 18:00:00+05:30,CA,New Housing Price Index YoYMAR,0.1%,0.1%,,0.3%,2.0
2025-04-23 18:30:00+05:30,US,Fed Goolsbee Speech,,,,,2.0
2025-04-23 18:30:00+05:30,US,Fed Beth Speech,,,,,2.0
2025-04-23 19:05:00+05:30,US,Fed Waller Speech,,,,,2.0
2025-04-23 19:15:00+05:30,US,S&P Global Manufacturing PMI FlashAPR,50.7,50.2,49.1,49.5,2.0
2025-04-23 19:15:00+05:30,US,S&P Global Composite PMI FlashAPR,51.2,53.5,,51,2.0
2025-04-23 19:15:00+05:30,US,S&P Global Services PMI FlashAPR,51.4,54.4,52.5,52,2.0
2025-04-23 19:30:00+05:30,US,New Home SalesMAR,0.724M,0.674M,0.68M,0.68M,2.0
2025-04-23 19:30:00+05:30,US,New Home Sales MoMMAR,7.4%,3.1%,,0.2%,2.0
2025-04-23 20:00:00+05:30,US,EIA Gasoline Stocks ChangeAPR/18,-4.476M,-1.958M,-1.15M,,2.0
2025-04-23 20:00:00+05:30,US,EIA Refinery Crude Runs ChangeAPR/18,0.325M,-0.063M,,,3.0
2025-04-23 20:00:00+05:30,US,Building Permits FinalMAR,,1.459M,,,3.0
2025-04-23 20:00:00+05:30,US,EIA Heating Oil Stocks ChangeAPR/18,-0.021M,0.019M,,,3.0
2025-04-23 20:00:00+05:30,US,EIA Gasoline Production ChangeAPR/18,0.661M,0.466M,,,3.0
2025-04-23 20:00:00+05:30,US,EIA Cushing Crude Oil Stocks ChangeAPR/18,-0.086M,-0.654M,,,3.0
2025-04-23 20:00:00+05:30,US,EIA Crude Oil Imports ChangeAPR/18,1.139M,-2.044M,,,3.0
2025-04-23 20:00:00+05:30,US,EIA Distillate Stocks ChangeAPR/18,-2.353M,-1.851M,-0.1M,,3.0
2025-04-23 20:00:00+05:30,US,EIA Crude Oil Stocks ChangeAPR/18,0.244M,0.515M,-0.7M,,2.0
2025-04-23 20:00:00+05:30,US,EIA Distillate Fuel Production ChangeAPR/18,-0.062M,0.03M,,,3.0
2025-04-23 20:00:00+05:30,US,Building Permits MoM FinalMAR,,-1%,,,3.0
2025-04-23 21:00:00+05:30,US,2-Year FRN Auction,0.160%,0.105%,,,3.0
2025-04-23 21:00:00+05:30,US,17-Week Bill Auction,4.210%,4.225%,,,3.0
2025-04-23 21:30:00+05:30,RU,Corporate ProfitsFEB,RUB5.4T,RUB2.8T,,RUB 5.0T,3.0
2025-04-23 21:30:00+05:30,US,Building Permits FinalMAR,,1.459M,,,3.0
2025-04-23 21:30:00+05:30,CA,30-Year Bond Auction,3.545%,3.229%,,,3.0
2025-04-23 21:30:00+05:30,US,Building Permits MoM FinalMAR,,-1%,,,3.0
2025-04-23 21:30:00+05:30,RU,Industrial Production YoYMAR,0.8%,0.2%,1.8%,1.5%,3.0
2025-04-23 22:00:00+05:30,GB,BoE Bailey Speech,,,,,2.0
2025-04-23 22:30:00+05:30,US,5-Year Note Auction,3.995%,4.100%,,,3.0
2025-04-23 22:30:00+05:30,US,2-Year FRN Auction,,0.105%,,,3.0
2025-04-23 23:30:00+05:30,GB,BoE Breeden Speech,,,,,2.0
2025-04-23 23:30:00+05:30,US,2-Year FRN Auction,,0.105%,,,3.0
2025-04-23 23:30:00+05:30,US,Building Permits FinalMAR,,1.459M,1.482M,1.482M,3.0
2025-04-23 23:30:00+05:30,IF,IMF/World Bank Spring Meetings,,,,,3.0
2025-04-23 23:30:00+05:30,ES,Consumer ConfidenceMAR,,81.4,,81,3.0
2025-04-23 23:30:00+05:30,G2,G20 Finance Ministers and Central Bank Governors Meeting,,,,,3.0
2025-04-23 23:30:00+05:30,US,17-Week Bill Auction,,4.225%,,,3.0
2025-04-23 23:30:00+05:30,US,Fed Beige Book,,,,,3.0
2025-04-23 23:30:00+05:30,US,Building Permits MoM FinalMAR,,-1%,1.6%,1.6%,3.0
2025-04-24 00:30:00+05:30,AR,Retail Sales YoYFEB,80.7%,109.8%,,103.4%,3.0
2025-04-24 00:45:00+05:30,EA,ECB Lane Speech,,,,,3.0
2025-04-24 01:15:00+05:30,EA,ECB Cipollone Speech,,,,,3.0
2025-04-24 02:30:00+05:30,KR,Business ConfidenceAPR,68,68,,60,2.0
2025-04-24 04:30:00+05:30,KR,GDP Growth Rate QoQ AdvQ1,-0.2%,0.1%,0.1%,0.2%,2.0
2025-04-24 04:30:00+05:30,KR,GDP Growth Rate YoY AdvQ1,-0.1%,1.2%,0.2%,0.3%,2.0
2025-04-24 05:20:00+05:30,JP,Stock Investment by ForeignersAPR/19,¥705.6B,¥1044.9B,,,3.0
2025-04-24 05:20:00+05:30,JP,Foreign Bond InvestmentAPR/19,¥223.7B,¥-511.9B,,,3.0
2025-04-24 06:00:00+05:30,SG,URA Property Index QoQ FinalQ1,,2.3%,0.6%,0.6%,3.0
2025-04-24 07:00:00+05:30,AU,RBA Bulletin,,,,,2.0
2025-04-24 08:30:00+05:30,ID,M2 Money Supply YoYMAR,,5.7%,,,3.0
2025-04-24 09:05:00+05:30,JP,2-Year JGB Auction,0.691%,0.863%,,,3.0
2025-04-24 09:30:00+05:30,EU,New Car Registrations YoYMAR,-0.2%,-3.4%,,-2.4%,2.0
2025-04-24 10:30:00+05:30,SG,6-Month T-Bill Auction,2.38%,2.5%,,,3.0
2025-04-24 11:30:00+05:30,SA,Balance of TradeFEB,SAR30.6B,SAR21.1B,,SAR22.0B,3.0
2025-04-24 11:30:00+05:30,SA,ExportsFEB,SAR93.7B,SAR97.4B,,,3.0
2025-04-24 11:30:00+05:30,SA,ImportsFEB,SAR63.2B,SAR76.2B,,,3.0
2025-04-24 12:15:00+05:30,FR,Consumer ConfidenceAPR,92,92,91,91,2.0
2025-04-24 12:30:00+05:30,TR,Capacity UtilizationAPR,74.3%,74.4%,,74.5%,3.0
2025-04-24 12:30:00+05:30,ES,PPI YoYMAR,4.9%,6.7%,,3.2%,3.0
2025-04-24 12:30:00+05:30,TR,Business ConfidenceAPR,103.2,104.1,,103,2.0
2025-04-24 12:50:00+05:30,ID,Loan Growth YoYMAR,,10.3%,,12%,3.0
2025-04-24 13:30:00+05:30,DE,Ifo Business ClimateAPR,86.9,86.7,85.2,85.5,1.0
2025-04-24 13:30:00+05:30,DE,Ifo ExpectationsAPR,87.4,87.7,85,86,3.0
2025-04-24 13:30:00+05:30,DE,Ifo Current ConditionsAPR,86.4,85.7,85.5,85.5,3.0
2025-04-24 14:30:00+05:30,GB,20-Year Treasury Gilt Auction,5.155%,5.232%,,,3.0
2025-04-24 14:40:00+05:30,IT,BTP€i Auction,,,,,3.0
2025-04-24 14:40:00+05:30,IT,2-Year BTP Short Term Auction,2%,2.38%,,,3.0
2025-04-24 15:00:00+05:30,ZA,PPI YoYMAR,0.5%,1%,,1.2%,3.0
2025-04-24 15:00:00+05:30,ZA,PPI MoMMAR,0.6%,0.4%,,0.8%,3.0
2025-04-24 15:30:00+05:30,GB,CBI Business Optimism IndexQ2,-33,-47,,-40,2.0
2025-04-24 15:30:00+05:30,ID,M2 Money Supply YoYMAR,6.1%,6.2%,,,3.0
2025-04-24 15:30:00+05:30,GB,CBI Industrial Trends OrdersAPR,-26,-29,-35,-30,2.0
2025-04-24 16:30:00+05:30,BR,FGV Consumer ConfidenceAPR,84.8,84.3,,85.1,3.0
2025-04-24 17:00:00+05:30,TR,Foreign Exchange ReservesAPR/18,$56.64B,$68.01B,,,3.0
2025-04-24 17:30:00+05:30,MX,Mid-month Inflation Rate MoMAPR,0.12%,0.14%,0.1%,0.1%,3.0
2025-04-24 17:30:00+05:30,MX,Mid-month Inflation Rate YoYAPR,3.96%,3.67%,3.89%,3.7%,3.0
2025-04-24 17:30:00+05:30,MX,Mid-month Core Inflation Rate MoMAPR,0.34%,0.24%,0.2%,0.2%,3.0
2025-04-24 17:30:00+05:30,MX,Mid-month Core Inflation Rate YoYAPR,3.90%,3.56%,3.78%,3.7%,3.0
2025-04-24 18:00:00+05:30,US,Jobless Claims 4-week AverageAPR/19,220.25K,221K,,222.0K,3.0
2025-04-24 18:00:00+05:30,US,Durable Goods Orders Ex Transp MoMMAR,0%,0.7%,0.3%,0.1%,2.0
2025-04-24 18:00:00+05:30,US,Non Defense Goods Orders Ex AirMAR,0.1%,-0.3%,0.2%,0.2%,3.0
2025-04-24 18:00:00+05:30,CA,Average Weekly Earnings YoYFEB,5.4%,5.6%,,5.2%,3.0
2025-04-24 18:00:00+05:30,US,Continuing Jobless ClaimsAPR/12,1841K,1878K,1880K,1888.0K,3.0
2025-04-24 18:00:00+05:30,US,Durable Goods Orders MoMMAR,9.2%,0.9%,2%,1.7%,1.0
2025-04-24 18:00:00+05:30,US,Chicago Fed National Activity IndexMAR,-0.03,0.24,,0.11,2.0
2025-04-24 18:00:00+05:30,US,Initial Jobless ClaimsAPR/19,222K,216K,222K,218.0K,2.0
2025-04-24 18:00:00+05:30,US,Durable Goods Orders ex Defense MoMMAR,10.4%,0.8%,0.2%,0.1%,3.0
2025-04-24 18:30:00+05:30,EA,ECB Lane Speech,,,,,3.0
2025-04-24 19:30:00+05:30,US,Existing Home Sales MoMMAR,-5.9%,4.4%,-3%,-1.9%,2.0
2025-04-24 19:30:00+05:30,US,Existing Home SalesMAR,4.02M,4.27M,4.13M,4.18M,1.0
2025-04-24 20:00:00+05:30,US,EIA Natural Gas Stocks ChangeAPR/18,88Bcf,16Bcf,65Bcf,,3.0
2025-04-24 20:30:00+05:30,US,Kansas Fed Manufacturing IndexAPR,-5,1,,-2,3.0
2025-04-24 20:30:00+05:30,US,Kansas Fed Composite IndexAPR,-4,-2,,-4,3.0
2025-04-24 20:35:00+05:30,EA,ECB Montagner Speech,,,,,3.0
2025-04-24 21:00:00+05:30,US,4-Week Bill Auction,4.220%,4.24%,,,3.0
2025-04-24 21:00:00+05:30,US,8-Week Bill Auction,4.225%,4.235%,,,3.0
2025-04-24 21:30:00+05:30,US,15-Year Mortgage RateAPR/24,5.94%,6.03%,,,3.0
2025-04-24 21:30:00+05:30,EA,ECB Donnery Speech,,,,,3.0
2025-04-24 21:30:00+05:30,CA,5-Year Bond Auction,2.898%,2.848%,,,3.0
2025-04-24 21:30:00+05:30,US,30-Year Mortgage RateAPR/24,6.81%,6.83%,,,3.0
2025-04-24 22:30:00+05:30,G2,G20 Finance Ministers and Central Bank Governors Meeting,,,,,3.0
2025-04-24 22:30:00+05:30,US,4-Week Bill Auction,,4.24%,,,3.0
2025-04-24 22:30:00+05:30,US,8-Week Bill Auction,,4.235%,,,3.0
2025-04-24 22:30:00+05:30,US,7-Year Note Auction,4.123%,4.233%,,,3.0
2025-04-24 22:30:00+05:30,ES,Consumer ConfidenceMAR,,81.4,,81,3.0
2025-04-24 22:30:00+05:30,IF,IMF/World Bank Spring Meetings,,,,,3.0
2025-04-25 02:00:00+05:30,US,Fed Balance SheetAPR/23,$6.73T,$6.73T,,,3.0
2025-04-25 02:30:00+05:30,US,Fed Kashkari Speech,,,,,2.0
2025-04-25 04:31:00+05:30,GB,Gfk Consumer ConfidenceAPR,-23,-19,-22,-20,2.0
2025-04-25 04:31:00+05:30,GB,Car Production YoYMAR,17.1%,-11.6%,,-12.0%,3.0
2025-04-25 05:00:00+05:30,JP,Tokyo CPI Ex Food and Energy YoYAPR,2%,1.1%,,1.4%,3.0
2025-04-25 05:00:00+05:30,JP,Tokyo Core CPI YoYAPR,3.4%,2.4%,3.2%,2.7%,3.0
2025-04-25 05:00:00+05:30,JP,Tokyo CPI YoYAPR,3.5%,2.9%,,3.1%,3.0
2025-04-25 06:00:00+05:30,SG,URA Property Index QoQ FinalQ1,0.8%,2.3%,0.6%,0.6%,3.0
2025-04-25 06:30:00+05:30,SG,URA Property Index QoQ FinalQ1,,2.3%,,0.6%,3.0
2025-04-25 06:50:00+05:30,SG,URA Property Index QoQ FinalQ1,,2.3%,,0.6%,3.0
2025-04-25 08:30:00+05:30,ID,M2 Money Supply YoYMAR,,5.7%,,,3.0
2025-04-25 09:05:00+05:30,JP,3-Month Bill Auction,0.3793%,0.3716%,,,3.0
2025-04-25 10:30:00+05:30,SG,Industrial Production YoYMAR,5.8%,0.9%,8.1%,6.8%,3.0
2025-04-25 10:30:00+05:30,JP,Coincident Index FinalFEB,,116.1,,116.9,3.0
2025-04-25 10:30:00+05:30,SG,Industrial Production MoMMAR,-3.6%,-2.9%,0.6%,1.1%,3.0
2025-04-25 10:30:00+05:30,JP,Leading Economic Index FinalFEB,,108.2,107.9,107.9,3.0
2025-04-25 11:30:00+05:30,GB,Retail Sales YoYMAR,2.6%,1.8%,1.8%,1.7%,2.0
2025-04-25 11:30:00+05:30,GB,Retail Sales MoMMAR,0.4%,0.7%,-0.4%,-0.3%,1.0
2025-04-25 11:30:00+05:30,GB,Retail Sales ex Fuel MoMMAR,0.5%,0.7%,-0.4%,-0.2%,3.0
2025-04-25 11:30:00+05:30,GB,Retail Sales ex Fuel YoYMAR,3.3%,1.8%,2.2%,1.5%,3.0
2025-04-25 12:15:00+05:30,FR,Business ConfidenceAPR,99,96,96,95,2.0
2025-04-25 12:15:00+05:30,EA,ECB Consumer Inflation ExpectationsMAR,,2.6%,,2.9%,3.0
2025-04-25 12:15:00+05:30,FR,Business Climate IndicatorAPR,96,97,,96,3.0
2025-04-25 16:00:00+05:30,RU,Interest Rate Decision,21%,21%,21%,21.0%,3.0
2025-04-25 16:30:00+05:30,TR,MPC Meeting Summary,,,,,2.0
2025-04-25 17:00:00+05:30,IN,Foreign Exchange ReservesAPR/18,$686.15B,$677.84B,,,3.0
2025-04-25 17:00:00+05:30,IN,Deposit Growth YoYAPR/11,10.1%,10.3%,,,3.0
2025-04-25 17:00:00+05:30,IN,Bank Loan Growth YoYAPR/11,11%,11%,,,3.0
2025-04-25 17:30:00+05:30,RU,CBR Press Conference,,,,,3.0
2025-04-25 17:30:00+05:30,BR,IPCA mid-month CPI YoYAPR,5.49%,5.26%,5.49%,5.4%,3.0
2025-04-25 17:30:00+05:30,BR,IPCA mid-month CPI MoMAPR,0.43%,0.64%,0.43%,0.3%,3.0
2025-04-25 17:30:00+05:30,MX,Economic Activity YoYFEB,-0.7%,0%,-0.8%,-0.6%,3.0
2025-04-25 17:30:00+05:30,MX,Economic Activity MoMFEB,1%,0.1%,0.6%,0.4%,3.0
2025-04-25 18:00:00+05:30,EA,ECB Consumer Inflation ExpectationsMAR,,2.6%,,2.9%,3.0
2025-04-25 18:00:00+05:30,CA,Retail Sales MoM PrelMAR,0.7%,-0.4%,,0.1%,2.0
2025-04-25 18:00:00+05:30,CA,Retail Sales YoYFEB,4.7%,5.3%,,3.9%,3.0
2025-04-25 18:00:00+05:30,CA,Retail Sales MoM FinalFEB,-0.4%,-0.6%,-0.4%,-0.4%,2.0
2025-04-25 18:00:00+05:30,CA,Retail Sales Ex Autos MoMFEB,0.5%,0.1%,-0.4%,-0.3%,2.0
2025-04-25 18:00:00+05:30,CA,Manufacturing Sales MoM PrelMAR,-1.9%,0.2%,0%,0.7%,3.0
2025-04-25 19:30:00+05:30,US,Michigan Current Conditions FinalAPR,59.8,63.8,56.5,56.5,3.0
2025-04-25 19:30:00+05:30,US,Michigan Inflation Expectations FinalAPR,6.5%,5%,6.7%,6.7%,3.0
2025-04-25 19:30:00+05:30,US,Michigan Consumer Sentiment FinalAPR,52.2,57.0,50.8,50.8,2.0
2025-04-25 19:30:00+05:30,US,Michigan 5 Year Inflation Expectations FinalAPR,4.4%,4.1%,4.4%,4.4%,3.0
2025-04-25 19:30:00+05:30,EA,ECB Buch Speech,,,,,3.0
2025-04-25 19:30:00+05:30,US,Michigan Consumer Expectations FinalAPR,47.3,52.6,47.1,47.2,3.0
2025-04-25 20:30:00+05:30,EA,ECB Consumer Inflation ExpectationsMAR,,2.6%,,2.9%,3.0
2025-04-25 20:30:00+05:30,BR,Federal Tax RevenuesMAR,,,,,3.0
2025-04-25 20:30:00+05:30,CA,Budget BalanceFEB,C$7.57B,C$-5.13B,,C$6.0B,3.0
2025-04-25 20:30:00+05:30,BR,Federal Tax RevenuesFEB,,,,,3.0
2025-04-25 20:30:00+05:30,BR,Federal Tax RevenuesJAN,,BRL261.3B,,,3.0
2025-04-25 21:00:00+05:30,ES,Consumer ConfidenceMAR,79.6,81.4,,81,2.0
2025-04-25 22:30:00+05:30,US,Baker Hughes Oil Rig CountAPR/25,483,481,479,,3.0
2025-04-25 22:30:00+05:30,BR,Federal Tax RevenuesJAN,,BRL261.3B,,,3.0
2025-04-25 22:30:00+05:30,BR,Federal Tax RevenuesMAR,,,,,3.0
2025-04-25 22:30:00+05:30,EA,ECB Consumer Inflation ExpectationsMAR,,2.6%,,2.9%,3.0
2025-04-25 22:30:00+05:30,BR,Federal Tax RevenuesFEB,,,,,3.0
2025-04-25 22:30:00+05:30,IF,IMF/World Bank Spring Meetings,,,,,3.0
2025-04-25 22:30:00+05:30,US,Baker Hughes Total Rigs CountAPR/25,587,585,,,3.0
2025-04-26 04:31:00+05:30,GB,Car Production YoYMAR,,-11.6%,,,3.0
2025-04-27 07:00:00+05:30,CN,Industrial Profits (YTD) YoYMAR,0.8%,-0.3%,,0.1%,3.0
2025-04-28 07:00:00+05:30,CA,General Elections,,,,,
2025-04-28 09:30:00+05:30,SG,Unemployment Rate PrelQ1,2.1%,1.9%,,2.0%,3.0
2025-04-28 10:30:00+05:30,CA,General Elections,,,,,3.0
2025-04-28 10:30:00+05:30,KR,2-Year KTB Auction,2.350%,2.675%,,,3.0
2025-04-28 12:30:00+05:30,ES,Retail Sales YoYMAR,3.6%,3.6%,,3.6%,3.0
2025-04-28 12:30:00+05:30,ES,Retail Sales MoMMAR,-0.2%,1.3%,,-0.4%,3.0
2025-04-28 12:30:00+05:30,ES,Unemployment RateQ1,11.36%,10.61%,10.7%,10.8%,2.0
2025-04-28 14:40:00+05:30,IT,6-Month BOT Auction,2.069%,2.268%,,,3.0
2025-04-28 14:40:00+05:30,IT,12-Month BOT Auction,,2.12%,,,3.0
2025-04-28 15:00:00+05:30,DE,3-Month Bubill Auction,1.903%,2.1581%,,,3.0
2025-04-28 15:00:00+05:30,DE,9-Month Bubill Auction,1.7891%,2.1052%,,,3.0
2025-04-28 15:15:00+05:30,EU,14-Year Bond Auction,3.380%,3.284%,,,3.0
2025-04-28 15:15:00+05:30,EU,10-Year Bond Auction,2.984%,2.982%,,,3.0
2025-04-28 15:15:00+05:30,EU,EU Bond Auction,,,,,3.0
2025-04-28 15:15:00+05:30,EU,5-Year Bond Auction,2.330%,2.805%,,,3.0
2025-04-28 15:30:00+05:30,FR,Unemployment Benefit ClaimsMAR,-28.5K,67.6K,,15K,2.0
2025-04-28 15:30:00+05:30,GB,CBI Distributive TradesAPR,-8,-41,-20,-32,2.0
2025-04-28 15:30:00+05:30,FR,Jobseekers TotalMAR,3189K,3218K,,3244K,3.0
2025-04-28 16:00:00+05:30,IN,Manufacturing Production YoYMAR,3%,2.8%,,4.9%,2.0
2025-04-28 16:00:00+05:30,IN,Industrial Production YoYMAR,3%,2.7%,3.3%,3%,2.0
2025-04-28 17:00:00+05:30,BR,Current AccountMAR,$-2.25B,$-8.76B,$-2.95B,$-7.4B,3.0
2025-04-28 17:00:00+05:30,BR,Foreign Direct InvestmentMAR,$5.99B,$9.3B,$8.53b,$8.6B,3.0
2025-04-28 17:30:00+05:30,MX,Balance of TradeMAR,$3.442B,$2.212B,$2.60B,$1.0B,2.0
2025-04-28 17:30:00+05:30,MX,Unemployment RateMAR,2.2%,2.5%,2.4%,2.5%,2.0
2025-04-28 18:00:00+05:30,CA,General Elections,,,,,3.0
2025-04-28 18:00:00+05:30,CA,Wholesale Sales MoM PrelMAR,-0.3%,0.3%,,0.6%,3.0
2025-04-28 18:30:00+05:30,FR,6-Month BTF Auction,"2,015 %",2.021%,,,3.0
2025-04-28 18:30:00+05:30,EA,ECB Guindos Speech,,,,,3.0
2025-04-28 18:30:00+05:30,FR,3-Month BTF Auction,"2,128 %",2.121%,,,3.0
2025-04-28 18:30:00+05:30,FR,12-Month BTF Auction,"1,905 %",1.893%,,,3.0
2025-04-28 20:00:00+05:30,US,Dallas Fed Manufacturing IndexAPR,-35.8,-16.3,,-15,2.0
2025-04-28 21:00:00+05:30,BR,BCB Focus Market Readout,,,,,3.0
2025-04-28 21:00:00+05:30,US,6-Month Bill Auction,4.065%,4.05%,,,3.0
2025-04-28 21:00:00+05:30,CA,General Elections,,,,,3.0
2025-04-28 21:00:00+05:30,CA,Federal Election,,,,,3.0
2025-04-28 21:00:00+05:30,US,3-Month Bill Auction,4.2%,4.225%,,,3.0
2025-04-29 00:30:00+05:30,US,Treasury Refunding Financing Estimates,,,,,3.0
2025-04-29 07:35:00+05:30,AU,RBA Kent Speech,,,,,2.0
2025-04-29 08:00:00+05:30,SG,Unemployment Rate PrelQ1,,1.9%,,2.0%,3.0
2025-04-29 09:30:00+05:30,ID,Foreign Direct Investment YoYQ1,,33.3%,,13.0%,3.0
2025-04-29 10:30:00+05:30,SG,MAS 12-Week Bill Auction,2.45%,2.48%,,,3.0
2025-04-29 10:30:00+05:30,SG,MAS 4-Week Bill Auction,2.44%,2.44%,,,3.0
2025-04-29 10:30:00+05:30,KR,30-Year KTB Auction,2.485%,2.605%,,,3.0
2025-04-29 10:30:00+05:30,SG,PPI YoYMAR,3.9%,5.5%,,4.2%,3.0
2025-04-29 10:30:00+05:30,SG,Import Prices YoYMAR,-4.0%,-3.4%,,2.8%,3.0
2025-04-29 10:30:00+05:30,SG,Export Prices YoYMAR,-5.1%,-3.5%,,4.5%,3.0
2025-04-29 11:10:00+05:30,ID,Foreign Direct Investment YoYQ1,12.7%,33.3%,,13.0%,3.0
2025-04-29 11:30:00+05:30,DE,GfK Consumer ConfidenceMAY,-20.6,-24.3,-26,-28,1.0
2025-04-29 12:30:00+05:30,ES,GDP Growth Rate YoY FlashQ1,2.8%,3.3%,,3.2%,1.0
2025-04-29 12:30:00+05:30,ES,GDP Growth Rate QoQ FlashQ1,0.6%,0.7%,0.7%,0.7%,1.0
2025-04-29 12:30:00+05:30,ES,Inflation Rate YoY PrelAPR,2.2%,2.3%,2%,2.2%,2.0
2025-04-29 12:30:00+05:30,TR,Unemployment RateMAR,7.9%,8.2%,,8.5%,2.0
2025-04-29 12:30:00+05:30,EA,ECB Cipollone Speech,,,,,3.0
2025-04-29 12:30:00+05:30,ES,Harmonised Inflation Rate YoY PrelAPR,2.2%,2.2%,2%,2.2%,3.0
2025-04-29 12:30:00+05:30,TR,Economic Confidence IndexAPR,96.6,100.8,,99,3.0
2025-04-29 12:30:00+05:30,TR,Participation RateMAR,53.4%,53.0%,,53.5%,3.0
2025-04-29 12:30:00+05:30,ES,Core Inflation Rate YoY PrelAPR,2.4%,2%,,1.9%,3.0
2025-04-29 12:30:00+05:30,ES,Inflation Rate MoM PrelAPR,0.6%,0.1%,0.4%,0.1%,2.0
2025-04-29 12:30:00+05:30,ES,Harmonised Inflation Rate MoM PrelAPR,0.6%,0.7%,,0.5%,3.0
2025-04-29 13:10:00+05:30,EA,ECB Donnery Speech,,,,,3.0
2025-04-29 13:30:00+05:30,IT,Industrial Sales MoMFEB,-0.4%,3.7%,,-2.0%,3.0
2025-04-29 13:30:00+05:30,EA,ECB Consumer Inflation ExpectationsMAR,2.9%,2.6%,,2.9%,3.0
2025-04-29 13:30:00+05:30,IT,Business ConfidenceAPR,85.7,86.0,85.4,85.1,2.0
2025-04-29 13:30:00+05:30,EA,Loans to Companies YoYMAR,2.3%,2.2%,,2.3%,3.0
2025-04-29 13:30:00+05:30,IT,Industrial Sales YoYFEB,-1.5%,1.8%,,1.5%,3.0
2025-04-29 13:30:00+05:30,IT,Consumer ConfidenceAPR,92.7,95,94,94,2.0
2025-04-29 13:30:00+05:30,EA,Loans to Households YoYMAR,1.7%,1.5%,1.6%,1.5%,3.0
2025-04-29 13:30:00+05:30,EA,M3 Money Supply YoYMAR,3.6%,3.9%,4%,4.2%,3.0
2025-04-29 14:30:00+05:30,EA,Consumer Confidence FinalAPR,-16.7,-14.5,-16.7,-16.7,3.0
2025-04-29 14:30:00+05:30,GB,30-Year Index-linked Treasury Gilt Auction,2.175%,,,,3.0
2025-04-29 14:30:00+05:30,IT,Industrial Sales YoYFEB,,1.7%,,1.5%,3.0
2025-04-29 14:30:00+05:30,EA,Economic SentimentAPR,93.6,95.0,94.5,94,2.0
2025-04-29 14:30:00+05:30,EA,Services SentimentAPR,1.4,2.2,2.2,2,3.0
2025-04-29 14:30:00+05:30,EA,Selling Price ExpectationsAPR,11.0,11.3,,12.8,3.0
2025-04-29 14:30:00+05:30,IT,Industrial Sales MoMFEB,,3.8%,,-2.0%,3.0
2025-04-29 14:30:00+05:30,EA,Consumer Inflation ExpectationsAPR,29.6,24.5,,25.1,3.0
2025-04-29 14:30:00+05:30,EA,Industrial SentimentAPR,-11.2,-10.7,-10.1,-12,3.0
2025-04-29 14:40:00+05:30,IT,10-Year BTP Auction,3.62%,3.34%,,,3.0
2025-04-29 14:40:00+05:30,IT,5-Year BTP Auction,2.74%,3.05%,,,3.0
2025-04-29 14:40:00+05:30,IT,BTP Auction,,,,,3.0
2025-04-29 15:10:00+05:30,GB,BoE Ramsden Speech,,,,,3.0
2025-04-29 15:30:00+05:30,IT,Industrial Sales MoMFEB,,3.8%,,-2.0%,3.0
2025-04-29 15:30:00+05:30,IT,Industrial Sales YoYFEB,,1.7%,,1.5%,3.0
2025-04-29 16:30:00+05:30,BR,IGP-M Inflation MoMAPR,0.24%,-0.34%,-0.09%,-0.1%,3.0
2025-04-29 17:00:00+05:30,BR,Bank Lending MoMMAR,,0.4%,,0.2%,3.0
2025-04-29 18:00:00+05:30,US,Goods Trade Balance AdvMAR,$-161.99B,$-147.85B,$-146B,$-140.0B,2.0
2025-04-29 18:00:00+05:30,ES,Business ConfidenceAPR,,-5.4,,,2.0
2025-04-29 18:00:00+05:30,US,Retail Inventories Ex Autos MoM AdvMAR,0.4%,0.1%,,-0.2%,2.0
2025-04-29 18:00:00+05:30,US,Wholesale Inventories MoM AdvMAR,0.5%,0.5%,0.7%,0.6%,2.0
2025-04-29 18:25:00+05:30,US,Redbook YoYAPR/26,6.1%,7.4%,,,3.0
2025-04-29 18:30:00+05:30,US,House Price Index YoYFEB,3.9%,5%,,4%,3.0
2025-04-29 18:30:00+05:30,US,S&P/Case-Shiller Home Price MoMFEB,0.7%,0.1%,,0.7%,3.0
2025-04-29 18:30:00+05:30,US,House Price IndexFEB,437.3,436.7,,438.2,3.0
2025-04-29 18:30:00+05:30,US,S&P/Case-Shiller Home Price YoYFEB,4.5%,4.7%,4.7%,4.7%,2.0
2025-04-29 18:30:00+05:30,US,House Price Index MoMFEB,0.1%,0.3%,0.3%,0.4%,3.0
2025-04-29 19:30:00+05:30,US,JOLTs Job QuitsMAR,3.332M,3.250M,,3.19M,3.0
2025-04-29 19:30:00+05:30,BR,Net PayrollsMAR,,431.995K,,100.0K,3.0
2025-04-29 19:30:00+05:30,US,CB Consumer ConfidenceAPR,86.0,93.9,87.5,89,2.0
2025-04-29 19:30:00+05:30,US,JOLTs Job OpeningsMAR,7.192M,7.48M,7.48M,7.4M,1.0
2025-04-29 20:00:00+05:30,ES,Business ConfidenceAPR,,-5.4,,-6,3.0
2025-04-29 20:00:00+05:30,BR,Net PayrollsMAR,,431.995K,201.7K,100.0K,3.0
2025-04-29 20:00:00+05:30,US,Dallas Fed Services IndexAPR,-19.4,-11.3,,-9,3.0
2025-04-29 20:00:00+05:30,US,Dallas Fed Services Revenues IndexAPR,3.8,27.3,,1,3.0
2025-04-30 02:00:00+05:30,US,API Crude Oil Stock ChangeAPR/25,3.76M,-4.565M,0.39M,,2.0
2025-04-30 04:30:00+05:30,KR,Retail Sales MoMMAR,-0.3%,1.9%,,0.2%,3.0
2025-04-30 04:30:00+05:30,KR,Industrial Production YoYMAR,5.3%,7.1%,3.3%,3.5%,3.0
2025-04-30 04:30:00+05:30,KR,Industrial Production MoMMAR,2.9%,1.4%,0.2%,0.3%,3.0
2025-04-30 05:20:00+05:30,JP,Industrial Production MoM PrelMAR,-1.1%,2.3%,-0.4%,-0.4%,2.0
2025-04-30 05:20:00+05:30,JP,Retail Sales YoYMAR,3.1%,1.3%,3.5%,3.3%,2.0
2025-04-30 05:20:00+05:30,JP,Industrial Production YoY PrelMAR,-0.3%,0.1%,,2%,3.0
2025-04-30 05:20:00+05:30,JP,Retail Sales MoMMAR,-1.2%,0.4%,,-0.2%,3.0
2025-04-30 07:00:00+05:30,CN,NBS Manufacturing PMIAPR,49.0,50.5,49.8,50,1.0
2025-04-30 07:00:00+05:30,AU,RBA Trimmed Mean CPI QoQQ1,0.7%,0.5%,0.7%,0.6%,2.0
2025-04-30 07:00:00+05:30,AU,Inflation Rate YoYQ1,2.4%,2.4%,2.3%,2.2%,2.0
2025-04-30 07:00:00+05:30,CN,NBS General PMIAPR,50.2,51.4,,49.5,3.0
2025-04-30 07:00:00+05:30,AU,Private Sector Credit YoYMAR,6.5%,6.5%,,6.4%,3.0
2025-04-30 07:00:00+05:30,AU,Housing Credit MoMMAR,0.5%,0.4%,,0.4%,3.0
2025-04-30 07:00:00+05:30,AU,RBA Weighted Median CPI QoQQ1,0.7%,0.6%,0.7%,0.7%,3.0
2025-04-30 07:00:00+05:30,AU,Private Sector Credit MoMMAR,0.5%,0.5%,0.5%,0.6%,3.0
2025-04-30 07:00:00+05:30,AU,RBA Trimmed Mean CPI YoYQ1,2.9%,3.3%,2.9%,2.8%,2.0
2025-04-30 07:00:00+05:30,AU,Monthly CPI IndicatorMAR,2.4%,2.4%,,2.3%,2.0
2025-04-30 07:00:00+05:30,AU,CPIQ1,140.7,139.4,,140.4,3.0
2025-04-30 07:00:00+05:30,CN,NBS Non Manufacturing PMIAPR,50.4,50.8,50.7,50.5,2.0
2025-04-30 07:00:00+05:30,AU,RBA Weighted Median CPI YoYQ1,3%,3.5%,2.9%,3.2%,3.0
2025-04-30 07:00:00+05:30,AU,Inflation Rate QoQQ1,0.9%,0.2%,0.8%,0.7%,2.0
2025-04-30 07:15:00+05:30,CN,Caixin Manufacturing PMIAPR,50.4,51.2,49.8,49.8,1.0
2025-04-30 07:30:00+05:30,SG,Bank LendingMAR,S$846.5B,S$841.1B,,S$ 843.3B,3.0
2025-04-30 09:30:00+05:30,ID,Foreign Direct Investment YoYQ1,,33.3%,,,3.0
2025-04-30 10:30:00+05:30,SG,Business ConfidenceQ1,-6,16,,11,3.0
2025-04-30 10:30:00+05:30,JP,Coincident Index FinalFEB,117.3,116.4,,116.9,3.0
2025-04-30 10:30:00+05:30,JP,Housing Starts YoYMAR,39.1%,2.4%,1%,0.8%,2.0
2025-04-30 10:30:00+05:30,JP,Leading Economic Index FinalFEB,107.9,108.2,107.9,107.9,3.0
2025-04-30 10:30:00+05:30,JP,Construction Orders YoYMAR,3.5%,-3.3%,,-9.0%,3.0
2025-04-30 11:00:00+05:30,FR,Household Consumption MoMMAR,-1%,-0.2%,0.2%,0.1%,3.0
2025-04-30 11:00:00+05:30,FR,GDP Growth Rate YoY PrelQ1,0.8%,0.8%,0.7%,0.6%,1.0
2025-04-30 11:00:00+05:30,FR,GDP Growth Rate QoQ PrelQ1,0.1%,-0.1%,0.2%,0.1%,1.0
2025-04-30 11:30:00+05:30,ZA,Private Sector Credit YoYMAR,3.45%,3.68%,,3.9%,3.0
2025-04-30 11:30:00+05:30,DE,Retail Sales YoYMAR,2.2%,4.3%,,3.2%,2.0
2025-04-30 11:30:00+05:30,GB,Nationwide Housing Prices MoMAPR,-0.6%,0%,0%,-0.2%,2.0
2025-04-30 11:30:00+05:30,GB,Nationwide Housing Prices YoYAPR,3.4%,3.9%,4.1%,4.0%,2.0
2025-04-30 11:30:00+05:30,ZA,M3 Money Supply YoYMAR,5.75%,6.05%,,,3.0
2025-04-30 11:30:00+05:30,DE,Import Prices MoMMAR,-1%,0.3%,-0.7%,-0.7%,3.0
2025-04-30 11:30:00+05:30,DE,Retail Sales MoMMAR,-0.2%,0.2%,-0.4%,-0.6%,2.0
2025-04-30 11:30:00+05:30,DE,Import Prices YoYMAR,2.1%,3.6%,,2.5%,3.0
2025-04-30 12:15:00+05:30,FR,PPI MoMMAR,-0.6%,-0.4%,,-0.2%,3.0
2025-04-30 12:15:00+05:30,FR,Harmonised Inflation Rate YoY PrelAPR,0.8%,0.9%,0.7%,1.0%,3.0
2025-04-30 12:15:00+05:30,FR,Harmonised Inflation Rate MoM PrelAPR,0.6%,0.2%,0.3%,0.7%,3.0
2025-04-30 12:15:00+05:30,FR,Inflation Rate YoY PrelAPR,0.8%,0.8%,0.8%,0.9%,1.0
2025-04-30 12:15:00+05:30,FR,Inflation Rate MoM PrelAPR,0.5%,0.2%,0.3%,0.6%,2.0
2025-04-30 12:15:00+05:30,FR,PPI YoYMAR,-0.6%,-1.2%,,-0.4%,3.0
2025-04-30 12:30:00+05:30,TR,Exports FinalMAR,$23.42B,$20.75B,$23.4B,$23.4B,3.0
2025-04-30 12:30:00+05:30,TR,Imports FinalMAR,$30.61B,$28.53B,,$30.7B,3.0
2025-04-30 12:30:00+05:30,TR,Tourism RevenuesQ1,$9.45B,$13.79B,,$9.1B,3.0
2025-04-30 12:30:00+05:30,TR,Balance of Trade FinalMAR,$-7.2B,$-7.78B,,$-7.3B,2.0
2025-04-30 13:25:00+05:30,DE,Unemployment ChangeAPR,4K,26K,20K,15K,2.0
2025-04-30 13:25:00+05:30,DE,Unemployed PersonsAPR,2.922M,2.922M,,2.937M,2.0
2025-04-30 13:25:00+05:30,DE,Unemployment RateAPR,6.3%,6.3%,6.3%,6.4%,2.0
2025-04-30 13:30:00+05:30,DE,Baden Wuerttemberg CPI MoMAPR,0.5%,0.2%,,,3.0
2025-04-30 13:30:00+05:30,DE,Brandenburg CPI YoYAPR,2.2%,2.3%,,,3.0
2025-04-30 13:30:00+05:30,DE,Baden Wuerttemberg CPI YoYAPR,2.4%,2.2%,,,3.0
2025-04-30 13:30:00+05:30,DE,Brandenburg CPI MoMAPR,0.4%,0.4%,,,3.0
2025-04-30 13:30:00+05:30,DE,Saxony CPI MoMAPR,0.5%,0.6%,,,3.0
2025-04-30 13:30:00+05:30,IT,GDP Growth Rate YoY AdvQ1,0.6%,0.5%,0.4%,0.7%,1.0
2025-04-30 13:30:00+05:30,DE,GDP Growth Rate QoQ FlashQ1,0.2%,-0.2%,0.2%,0.2%,1.0
2025-04-30 13:30:00+05:30,IT,GDP Growth Rate QoQ AdvQ1,0.3%,0.2%,0.2%,0.2%,1.0
2025-04-30 13:30:00+05:30,EA,ECB Consumer Inflation ExpectationsMAR,,2.6%,,2.9%,3.0
2025-04-30 13:30:00+05:30,TR,Tourist Arrivals YoYMAR,,-5.34%,,,3.0
2025-04-30 13:30:00+05:30,ES,Current AccountFEB,€2.31B,€1.2B,,€1.3B,3.0
2025-04-30 13:30:00+05:30,DE,Bavaria CPI YoYAPR,2.1%,2.3%,,,3.0
2025-04-30 13:30:00+05:30,DE,Hesse CPI YoYAPR,2.3%,2.4%,,,3.0
2025-04-30 13:30:00+05:30,DE,Saxony CPI YoYAPR,2.4%,2.5%,,,3.0
2025-04-30 13:30:00+05:30,DE,North Rhine Westphalia CPI MoMAPR,1.8%,0.3%,,,3.0
2025-04-30 13:30:00+05:30,DE,GDP Growth Rate YoY FlashQ1,-0.2%,-0.2%,-0.2%,-0.1%,1.0
2025-04-30 13:30:00+05:30,DE,Hesse CPI MoMAPR,0.5%,0.4%,,,3.0
2025-04-30 13:30:00+05:30,DE,North Rhine Westphalia CPI YoYAPR,1.8%,1.9%,,,3.0
2025-04-30 13:30:00+05:30,DE,Bavaria CPI MoMAPR,0.4%,0.3%,,,3.0
2025-04-30 13:35:00+05:30,RU,M2 Money Supply YoYMAR,17.0%,18.4%,,18.3%,3.0
2025-04-30 14:30:00+05:30,IT,Inflation Rate MoM PrelAPR,0.2%,0.3%,0.2%,0.3%,2.0
2025-04-30 14:30:00+05:30,IT,Inflation Rate YoY PrelAPR,2%,1.9%,2%,2.2%,1.0
2025-04-30 14:30:00+05:30,EA,GDP Growth Rate YoY FlashQ1,1.2%,1.2%,1%,0.9%,1.0
2025-04-30 14:30:00+05:30,EA,GDP Growth Rate QoQ FlashQ1,0.4%,0.2%,0.2%,0.2%,1.0
2025-04-30 14:30:00+05:30,IT,Harmonised Inflation Rate MoM PrelAPR,0.5%,1.6%,,0.6%,3.0
2025-04-30 14:30:00+05:30,GB,3-Year Treasury Gilt Auction,3.834%,4.082%,,,3.0
2025-04-30 14:30:00+05:30,TR,Tourist Arrivals YoYMAR,-13.1%,-5.34%,,,3.0
2025-04-30 14:30:00+05:30,IT,Harmonised Inflation Rate YoY PrelAPR,2.1%,2.1%,2.3%,2.2%,3.0
2025-04-30 14:45:00+05:30,EA,ECB Montagner Speech,,,,,3.0
2025-04-30 15:00:00+05:30,DE,15-Year Bund Auction,2.83%,3.08%,,,3.0
2025-04-30 15:00:00+05:30,ZA,Budget BalanceMAR,ZAR-13.11B,ZAR24.22B,,ZAR 3.0B,3.0
2025-04-30 15:30:00+05:30,IT,PPI YoYMAR,3.9%,6.2%,,2.8%,3.0
2025-04-30 15:30:00+05:30,IT,PPI MoMMAR,-2.4%,0.7%,,-0.2%,3.0
2025-04-30 16:00:00+05:30,IN,Government Budget ValueMAR,,INR-13468.5B,,NR -13900.0B,3.0
2025-04-30 16:30:00+05:30,US,MBA Mortgage Refinance IndexAPR/25,649.0,673.6,,,3.0
2025-04-30 16:30:00+05:30,US,MBA 30-Year Mortgage RateAPR/25,6.89%,6.9%,,,2.0
2025-04-30 16:30:00+05:30,US,MBA Mortgage Market IndexAPR/25,223.7,233.5,,,3.0
2025-04-30 16:30:00+05:30,US,MBA Mortgage ApplicationsAPR/25,-4.2%,-12.7%,,,3.0
2025-04-30 16:30:00+05:30,US,MBA Purchase IndexAPR/25,146.6,153.4,,,3.0
2025-04-30 17:00:00+05:30,ES,Business ConfidenceAPR,-4.1,-4.8,,-6,2.0
2025-04-30 17:00:00+05:30,IN,M3 Money Supply YoYAPR/18,,9.5%,,,3.0
2025-04-30 17:00:00+05:30,BR,Gross Debt to GDPMAR,75.9%,76.2%,,76.3%,3.0
2025-04-30 17:00:00+05:30,BR,Nominal Budget BalanceMAR,BRL-71.621B,BRL-97.226B,,BRL-82.0B,3.0
2025-04-30 17:00:00+05:30,BR,Bank Lending MoMMAR,,0.4%,,0.2%,3.0
2025-04-30 17:05:00+05:30,IN,Infrastructure Output YoYMAR,,2.9%,,5%,3.0
2025-04-30 17:30:00+05:30,DE,Harmonised Inflation Rate YoY PrelAPR,2.2%,2.3%,2.1%,2.2%,3.0
2025-04-30 17:30:00+05:30,DE,Harmonised Inflation Rate MoM PrelAPR,0.5%,0.4%,0.4%,0.5%,3.0
2025-04-30 17:30:00+05:30,DE,Inflation Rate YoY PrelAPR,2.1%,2.2%,2%,2.1%,1.0
2025-04-30 17:30:00+05:30,ZA,Balance of TradeMAR,ZAR24.77B,ZAR19.95B,,ZAR 35.0B,2.0
2025-04-30 17:30:00+05:30,BR,Bank Lending MoMMAR,0.6%,0.4%,,0.2%,3.0
2025-04-30 17:30:00+05:30,BR,Unemployment RateMAR,7%,6.8%,7%,7.0%,2.0
2025-04-30 17:30:00+05:30,MX,GDP Growth Rate YoY PrelQ1,0.6%,0.5%,0.6%,0.9%,2.0
2025-04-30 17:30:00+05:30,MX,GDP Growth Rate QoQ PrelQ1,0.2%,-0.6%,0%,0.2%,2.0
2025-04-30 17:30:00+05:30,DE,Inflation Rate MoM PrelAPR,0.4%,0.3%,0.3%,0.4%,2.0
2025-04-30 17:45:00+05:30,US,ADP Employment ChangeAPR,62K,147K,115K,110K,2.0
2025-04-30 18:00:00+05:30,US,Personal Spending MoMMAR,,0.4%,0.4%,0.4%,1.0
2025-04-30 18:00:00+05:30,IN,M3 Money Supply YoYAPR/18,9.6%,9.5%,,,3.0
2025-04-30 18:00:00+05:30,US,GDP Sales QoQ AdvQ1,-2.5%,3.3%,,0.7%,3.0
2025-04-30 18:00:00+05:30,US,GDP Price Index QoQ AdvQ1,3.7%,2.3%,3.1%,3.0%,2.0
2025-04-30 18:00:00+05:30,US,Core PCE Prices QoQ AdvQ1,3.5%,2.6%,3.3%,2.2%,3.0
2025-04-30 18:00:00+05:30,ZA,Budget BalanceMAR,,ZAR24.22B,,,3.0
2025-04-30 18:00:00+05:30,US,Core PCE Price Index YoYMAR,,2.8%,,2.5%,3.0
2025-04-30 18:00:00+05:30,US,Employment Cost - Benefits QoQQ1,1.2%,0.8%,,0.8%,2.0
2025-04-30 18:00:00+05:30,US,Employment Cost Index QoQQ1,0.9%,0.9%,0.9%,0.8%,2.0
2025-04-30 18:00:00+05:30,US,Treasury Refunding Announcement,,,,,3.0
2025-04-30 18:00:00+05:30,US,Personal Income MoMMAR,,0.8%,0.4%,0.5%,1.0
2025-04-30 18:00:00+05:30,US,PCE Price Index MoMMAR,,0.3%,,0.0%,2.0
2025-04-30 18:00:00+05:30,US,GDP Growth Rate QoQ AdvQ1,-0.3%,2.4%,0.3%,0.5%,1.0
2025-04-30 18:00:00+05:30,CA,GDP MoMFEB,-0.2%,0.4%,0%,0.0%,2.0
2025-04-30 18:00:00+05:30,US,PCE Prices QoQ AdvQ1,3.6%,2.4%,,2.1%,3.0
2025-04-30 18:00:00+05:30,US,PCE Price Index YoYMAR,,2.5%,,2.2%,2.0
2025-04-30 18:00:00+05:30,US,Employment Cost - Wages QoQQ1,0.8%,1%,,0.8%,2.0
2025-04-30 18:00:00+05:30,US,Core PCE Price Index MoMMAR,,0.4%,0.1%,0.1%,1.0
2025-04-30 18:00:00+05:30,US,Real Consumer Spending QoQ AdvQ1,1.8%,4%,,2.2%,3.0
2025-04-30 18:00:00+05:30,CA,GDP MoM PrelMAR,0.1%,0.0%,,-0.6%,2.0
2025-04-30 19:15:00+05:30,US,Chicago PMIAPR,44.6,47.6,45.5,46,2.0
2025-04-30 19:30:00+05:30,US,PCE Price Index YoYMAR,2.3%,2.7%,2.2%,2.2%,2.0
2025-04-30 19:30:00+05:30,US,Personal Spending MoMMAR,0.7%,0.5%,0.5%,0.4%,1.0
2025-04-30 19:30:00+05:30,US,Pending Home Sales MoMMAR,6.1%,2.1%,1%,-0.2%,2.0
2025-04-30 19:30:00+05:30,US,Pending Home Sales YoYMAR,-0.6%,-3.6%,,-1.5%,2.0
2025-04-30 19:30:00+05:30,US,Core PCE Price Index YoYMAR,2.6%,3%,2.6%,2.5%,3.0
2025-04-30 19:30:00+05:30,US,Personal Income MoMMAR,0.5%,0.7%,0.4%,0.5%,1.0
2025-04-30 19:30:00+05:30,US,PCE Price Index MoMMAR,0%,0.4%,0%,0.0%,2.0
2025-04-30 19:30:00+05:30,US,Core PCE Price Index MoMMAR,0.0%,0.5%,0.1%,0.1%,1.0
2025-04-30 20:00:00+05:30,US,EIA Gasoline Stocks ChangeAPR/25,-4.002M,-4.476M,-1.08M,,2.0
2025-04-30 20:00:00+05:30,US,EIA Distillate Stocks ChangeAPR/25,0.937M,-2.353M,-1.71M,,3.0
2025-04-30 20:00:00+05:30,US,EIA Gasoline Production ChangeAPR/25,-0.616M,0.661M,,,3.0
2025-04-30 20:00:00+05:30,US,EIA Crude Oil Imports ChangeAPR/25,-0.663M,1.139M,,,3.0
2025-04-30 20:00:00+05:30,US,EIA Distillate Fuel Production ChangeAPR/25,-0.017M,-0.062M,,,3.0
2025-04-30 20:00:00+05:30,US,EIA Crude Oil Stocks ChangeAPR/25,-2.696M,0.244M,0.39M,,2.0
2025-04-30 20:00:00+05:30,US,EIA Heating Oil Stocks ChangeAPR/25,0.252M,-0.021M,,,3.0
2025-04-30 20:00:00+05:30,US,EIA Refinery Crude Runs ChangeAPR/25,0.189M,0.325M,,,3.0
2025-04-30 20:00:00+05:30,US,EIA Cushing Crude Oil Stocks ChangeAPR/25,0.682M,-0.086M,,,3.0
2025-04-30 21:00:00+05:30,US,17-Week Bill Auction,4.190%,4.210%,,,3.0
2025-04-30 21:30:00+05:30,RU,Retail Sales YoYMAR,2.2%,2.2%,3.6%,2.0%,3.0
2025-04-30 21:30:00+05:30,SA,Private Bank Lending YoYMAR,15%,13.8%,,11.5%,3.0
2025-04-30 21:30:00+05:30,RU,Real Wage Growth YoYFEB,3.2%,6.5%,4.6%,5.0%,3.0
2025-04-30 21:30:00+05:30,RU,Unemployment RateMAR,2.3%,2.4%,2.4%,2.40%,2.0
2025-04-30 21:30:00+05:30,SA,M3 Money Supply YoYMAR,8.2%,10.1%,,10.2%,3.0
2025-04-30 21:30:00+05:30,RU,Business ConfidenceAPR,1.9,2.6,,2.2,3.0
2025-04-30 21:30:00+05:30,CA,2-Year Bond Auction,2.521%,2.532%,,,3.0
2025-04-30 21:30:00+05:30,ZA,Budget BalanceMAR,,ZAR24.22B,,,3.0
2025-04-30 21:30:00+05:30,RU,M2 Money Supply YoYMAR,,18.4%,,18.9%,3.0
2025-04-30 22:00:00+05:30,RU,GDP YoYMAR,1.4%,0.7%,,0.5%,3.0
2025-04-30 22:00:00+05:30,BR,Net PayrollsMAR,71.576K,431.995K,200K,100.0K,3.0
2025-04-30 22:30:00+05:30,BR,Net PayrollsMAR,,431.995K,200K,100.0K,2.0
2025-04-30 22:30:00+05:30,SA,Private Bank Lending YoYMAR,,13.8%,,11.5%,2.0
2025-04-30 22:30:00+05:30,SA,M3 Money Supply YoYMAR,,10.1%,,10.2%,2.0
2025-04-30 22:30:00+05:30,ZA,Budget BalanceMAR,,ZAR24.22B,,ZAR 3.0B,2.0
2025-04-30 22:30:00+05:30,RU,Unemployment RateMAR,,2.4%,2.4%,2.40%,2.0
2025-04-30 22:30:00+05:30,TR,Tourist Arrivals YoYMAR,,-5.34%,,,2.0
2025-04-30 22:30:00+05:30,RU,GDP YoYMAR,,0.8%,,0.5%,2.0
2025-04-30 22:30:00+05:30,ES,Consumer ConfidenceMAR,,81.4,,81,2.0
2025-04-30 22:30:00+05:30,RU,M2 Money Supply YoYMAR,,18.4%,,18.3%,2.0
2025-04-30 22:30:00+05:30,ES,Business ConfidenceAPR,,-5.4,,-6,2.0
2025-05-01 00:30:00+05:30,US,MBA Purchase IndexMAY/02,-1.0,146.6,,,3.0
2025-05-01 04:30:00+05:30,AU,S&P Global Manufacturing PMI FinalAPR,51.7,52.1,51.7,51.7,3.0
2025-05-01 05:30:00+05:30,GB,Local Elections,,,,,3.0
2025-05-01 05:30:00+05:30,KR,Balance of TradeAPR,$4.88B,$4.99B,$4.40B,$4.0B,3.0
2025-05-01 05:30:00+05:30,KR,Exports YoYAPR,3.7%,3%,-1.6%,-2%,2.0
2025-05-01 05:30:00+05:30,KR,Imports YoYAPR,-2.7%,2.3%,-6.9%,-7%,3.0
2025-05-01 05:30:00+05:30,MX,Fiscal BalanceMAR,MXN-138.9B,MXN-114.3B,,MXN-133.0B,3.0
2025-05-01 05:31:00+05:30,AU,CoreLogic Dwelling Prices MoMAPR,0.3%,0.4%,,0.4%,3.0
2025-05-01 06:00:00+05:30,JP,Jibun Bank Manufacturing PMI FinalAPR,48.7,48.4,48.5,48.5,3.0
2025-05-01 07:00:00+05:30,AU,Exports MoMMAR,7.6%,-4.2%,,,3.0
2025-05-01 07:00:00+05:30,AU,Imports MoMMAR,-2.2%,1.8%,,,3.0
2025-05-01 07:00:00+05:30,AU,Export Prices QoQQ1,2.1%,3.6%,,1%,3.0
2025-05-01 07:00:00+05:30,AR,Tax RevenueMAR,,ARS12733B,,,3.0
2025-05-01 07:00:00+05:30,AU,CoreLogic Dwelling Prices MoMAPR,,0.4%,,,3.0
2025-05-01 07:00:00+05:30,MX,Fiscal BalanceMAR,,MXN-114.23B,,,3.0
2025-05-01 07:00:00+05:30,AU,Import Prices QoQQ1,3.3%,0.2%,0.3%,0.4%,3.0
2025-05-01 07:00:00+05:30,AU,Balance of TradeMAR,A$6.900,A$2.852B,A$3.90B,A$ 4.9B,1.0
2025-05-01 08:30:00+05:30,MX,Fiscal BalanceMAR,,MXN-114.23B,,,2.0
2025-05-01 08:30:00+05:30,JP,BoJ Quarterly Outlook Report,,,,,2.0
2025-05-01 08:30:00+05:30,AU,CoreLogic Dwelling Prices MoMAPR,,0.4%,,,2.0
2025-05-01 08:30:00+05:30,AR,Tax RevenueMAR,,ARS12733B,,,2.0
2025-05-01 08:30:00+05:30,JP,BoJ Interest Rate Decision,0.5%,0.5%,0.5%,0.5%,1.0
2025-05-01 10:30:00+05:30,JP,Consumer ConfidenceAPR,31.2,34.1,34,33.8,1.0
2025-05-01 11:30:00+05:30,GB,Nationwide Housing Prices YoYAPR,,3.9%,,3.6%,2.0
2025-05-01 11:30:00+05:30,SA,GDP Growth Rate YoY PrelQ1,,4.5%,,2.6%,2.0
2025-05-01 11:30:00+05:30,GB,Nationwide Housing Prices MoMAPR,,0%,,0.3%,2.0
2025-05-01 12:00:00+05:30,AU,Commodity Prices YoYAPR,-6.1%,-7.2%,,-5.0%,3.0
2025-05-01 12:00:00+05:30,MX,Fiscal BalanceMAR,,MXN-114.23B,,,3.0
2025-05-01 12:00:00+05:30,AR,Tax RevenueMAR,,ARS12733B,,,3.0
2025-05-01 12:00:00+05:30,AU,CoreLogic Dwelling Prices MoMAPR,,0.4%,,,3.0
2025-05-01 14:00:00+05:30,GB,BoE Consumer CreditMAR,£0.875B,£1.307B,£1.2B,£ 1.4B,2.0
2025-05-01 14:00:00+05:30,GB,Mortgage ApprovalsMAR,64.31K,65.09K,64.80K,64.0K,2.0
2025-05-01 14:00:00+05:30,GB,S&P Global Manufacturing PMI FinalAPR,45.4,44.9,44.0,44,3.0
2025-05-01 14:00:00+05:30,GB,Mortgage LendingMAR,£12.96B,£3.3B,£3.8B,£ 3.4B,2.0
2025-05-01 14:00:00+05:30,SA,GDP Growth Rate YoY PrelQ1,2.7%,4.4%,,2.6%,2.0
2025-05-01 14:00:00+05:30,GB,Net Lending to Individuals MoMMAR,£13.8B,£4.6B,£4.4B,£4.2B,3.0
2025-05-01 14:00:00+05:30,GB,M4 Money Supply MoMMAR,0.3%,0.2%,0.2%,0.4%,3.0
2025-05-01 14:30:00+05:30,ZA,ABSA Manufacturing PMIAPR,,48.7,,47.5,3.0
2025-05-01 17:00:00+05:30,TR,Foreign Exchange ReservesAPR/25,,$56.64B,,,3.0
2025-05-01 17:00:00+05:30,US,Challenger Job CutsAPR,105.441K,275.24K,,290K,3.0
2025-05-01 18:00:00+05:30,AR,Tax RevenueMAR,,ARS12733B,,,3.0
2025-05-01 18:00:00+05:30,US,Initial Jobless ClaimsAPR/26,241K,223K,224K,225.0K,2.0
2025-05-01 18:00:00+05:30,AU,CoreLogic Dwelling Prices MoMAPR,,0.4%,,,3.0
2025-05-01 18:00:00+05:30,MX,Fiscal BalanceMAR,,MXN-114.23B,,,3.0
2025-05-01 18:00:00+05:30,ZA,Total New Vehicle SalesAPR,,49.493K,,48.5K,3.0
2025-05-01 18:00:00+05:30,US,Continuing Jobless ClaimsAPR/19,1916K,1833K,1860K,1844.0K,3.0
2025-05-01 18:00:00+05:30,US,Jobless Claims 4-week AverageAPR/26,226K,220.5K,,222.0K,3.0
2025-05-01 19:00:00+05:30,CA,S&P Global Manufacturing PMIAPR,45.3,46.3,,46,2.0
2025-05-01 19:15:00+05:30,US,S&P Global Manufacturing PMI FinalAPR,50.2,50.2,50.7,50.7,3.0
2025-05-01 19:30:00+05:30,US,Construction Spending MoMMAR,-0.5%,0.6%,0.2%,0.3%,3.0
2025-05-01 19:30:00+05:30,US,ISM Manufacturing EmploymentAPR,46.5,44.7,,44.1,2.0
2025-05-01 19:30:00+05:30,US,ISM Manufacturing New OrdersAPR,47.2,45.2,,44.3,3.0
2025-05-01 19:30:00+05:30,US,ISM Manufacturing PMIAPR,48.7,49,48,47.2,1.0
2025-05-01 19:30:00+05:30,US,ISM Manufacturing PricesAPR,69.8,69.4,70.3,70,3.0
2025-05-01 20:00:00+05:30,US,EIA Natural Gas Stocks ChangeAPR/25,,88Bcf,111Bcf,,3.0
2025-05-01 21:00:00+05:30,US,8-Week Bill Auction,4.220%,4.225%,,,3.0
2025-05-01 21:00:00+05:30,US,4-Week Bill Auction,4.240%,4.220%,,,3.0
2025-05-01 21:30:00+05:30,SA,GDP Growth Rate YoY PrelQ1,,4.5%,,2.6%,3.0
2025-05-01 21:30:00+05:30,US,30-Year Mortgage RateMAY/01,6.76%,6.81%,,,3.0
2025-05-01 21:30:00+05:30,MX,Fiscal BalanceMAR,,MXN-114.23B,,MXN-133.0B,3.0
2025-05-01 21:30:00+05:30,AU,CoreLogic Dwelling Prices MoMAPR,0.3%,0.4%,,0.4%,3.0
2025-05-01 21:30:00+05:30,CA,10-Year Bond Auction,3.164%,2.950%,,,3.0
2025-05-01 21:30:00+05:30,IN,Government Budget ValueMAR,,INR-13468.5B,,NR -13900.0B,3.0
2025-05-01 21:30:00+05:30,US,15-Year Mortgage RateMAY/01,5.92%,5.94%,,,3.0
2025-05-01 21:30:00+05:30,AR,Tax RevenueMAR,,ARS12733B,,,3.0
2025-05-01 21:30:00+05:30,ZA,Total New Vehicle SalesAPR,,49.493K,,38.5K,3.0
2025-05-01 23:30:00+05:30,US,EIA Natural Gas Stocks ChangeAPR/25,107Bcf,88Bcf,110Bcf,,3.0
2025-05-02 02:00:00+05:30,US,Fed Balance SheetAPR/30,$6.71T,$6.73T,,,3.0
2025-05-02 04:30:00+05:30,KR,Inflation Rate YoYAPR,2.1%,2.1%,2.1%,2.2%,2.0
2025-05-02 04:30:00+05:30,KR,Inflation Rate MoMAPR,0.1%,0.2%,0.1%,0.2%,3.0
2025-05-02 05:00:00+05:30,JP,Jobs/applications ratioMAR,1.26,1.24,1.25,1.24,3.0
2025-05-02 05:00:00+05:30,JP,Unemployment RateMAR,2.5%,2.4%,2.4%,2.50%,2.0
2025-05-02 05:20:00+05:30,JP,Foreign Bond InvestmentAPR/26,¥435.2B,¥218.2B,,,3.0
2025-05-02 05:20:00+05:30,JP,Stock Investment by ForeignersAPR/26,¥278.3B,¥705.6B,,,3.0
2025-05-02 06:00:00+05:30,ID,S&P Global Manufacturing PMIAPR,46.7,52.4,,52,3.0
2025-05-02 06:00:00+05:30,KR,S&P Global Manufacturing PMIAPR,47.5,49.1,,48.8,2.0
2025-05-02 07:00:00+05:30,AU,PPI YoYQ1,3.7%,3.7%,,3.4%,3.0
2025-05-02 07:00:00+05:30,AU,PPI QoQQ1,0.9%,0.8%,0.8%,0.4%,2.0
2025-05-02 07:00:00+05:30,AU,Retail Sales MoMMAR,0.3%,0.8%,0.4%,0.4%,2.0
2025-05-02 07:30:00+05:30,ID,Inflation Rate YoYAPR,1.95%,1.03%,,1.2%,2.0
2025-05-02 07:30:00+05:30,ID,Core Inflation Rate YoYAPR,2.5%,2.48%,,2.5%,3.0
2025-05-02 07:30:00+05:30,ID,Inflation Rate MoMAPR,1.17%,1.65%,,0.4%,3.0
2025-05-02 08:30:00+05:30,ID,Tourist Arrivals YoYMAR,-2.18%,,,,3.0
2025-05-02 09:05:00+05:30,JP,3-Month Bill Auction,0.4051%,0.3793%,,,3.0
2025-05-02 09:30:00+05:30,ID,Tourist Arrivals YoYJAN,,8.72%,,10.0%,3.0
2025-05-02 09:30:00+05:30,ID,Core Inflation Rate YoYAPR,,2.48%,,2.5%,3.0
2025-05-02 09:30:00+05:30,ID,Inflation Rate YoYAPR,,1.03%,,1.2%,2.0
2025-05-02 09:30:00+05:30,ID,Inflation Rate MoMAPR,,1.65%,,0.4%,3.0
2025-05-02 09:30:00+05:30,ID,Tourist Arrivals YoYMAR,,,,,3.0
2025-05-02 09:30:00+05:30,ID,Tourist Arrivals YoYFEB,,,,,3.0
2025-05-02 10:15:00+05:30,ID,Tourist Arrivals YoYJAN,8%,8.72%,,10.0%,3.0
2025-05-02 10:15:00+05:30,ID,Tourist Arrivals YoYFEB,-16%,,,,3.0
2025-05-02 10:30:00+05:30,IN,HSBC Manufacturing PMI FinalAPR,58.2,58.1,58.1,58.4,3.0
2025-05-02 12:15:00+05:30,FR,Budget BalanceMAR,€-47B,€-40.3B,,€ -48B,3.0
2025-05-02 12:30:00+05:30,TR,Istanbul Chamber of Industry Manufacturing PMIAPR,47.3,47.3,,47.1,3.0
2025-05-02 12:45:00+05:30,ES,HCOB Manufacturing PMIAPR,48.1,49.5,50,50,2.0
2025-05-02 13:15:00+05:30,IT,HCOB Manufacturing PMIAPR,49.3,46.6,47,48,2.0
2025-05-02 13:20:00+05:30,FR,HCOB Manufacturing PMI FinalAPR,48.7,48.5,48.2,48.2,3.0
2025-05-02 13:25:00+05:30,DE,HCOB Manufacturing PMI FinalAPR,48.4,48.3,48.0,48,3.0
2025-05-02 13:30:00+05:30,WL,FAO Food Price IndexAPR,128.3,127.1,,,3.0
2025-05-02 13:30:00+05:30,IT,Unemployment RateMAR,6%,5.9%,6%,6%,2.0
2025-05-02 13:30:00+05:30,EA,HCOB Manufacturing PMI FinalAPR,49,48.6,48.7,48.7,3.0
2025-05-02 13:30:00+05:30,EA,ECB Economic Bulletin,,,,,3.0
2025-05-02 14:30:00+05:30,ID,Tourist Arrivals YoYJAN,,8.72%,,10.0%,3.0
2025-05-02 14:30:00+05:30,EA,CPI FlashAPR,128.76,128.04,,128.5,3.0
2025-05-02 14:30:00+05:30,EA,Inflation Rate MoM FlashAPR,0.6%,0.6%,,0.4%,2.0
2025-05-02 14:30:00+05:30,EA,Core Inflation Rate YoY FlashAPR,2.7%,2.4%,2.5%,2.2%,2.0
2025-05-02 14:30:00+05:30,ZA,ABSA Manufacturing PMIAPR,44.7,48.7,,47.5,3.0
2025-05-02 14:30:00+05:30,EA,Inflation Rate YoY FlashAPR,2.2%,2.2%,2.1%,2.0%,1.0
2025-05-02 14:30:00+05:30,EA,Unemployment RateMAR,6.2%,6.2%,6.1%,6.2%,2.0
2025-05-02 14:30:00+05:30,ID,Tourist Arrivals YoYFEB,,,,,3.0
2025-05-02 14:30:00+05:30,ID,Tourist Arrivals YoYMAR,,,,,3.0
2025-05-02 15:15:00+05:30,TR,Imports PrelAPR,$32.96B,$30.61B,,$30.2B,3.0
2025-05-02 15:15:00+05:30,TR,Balance of Trade PrelAPR,$-12.04B,$-7.2B,,$-9.2B,2.0
2025-05-02 15:15:00+05:30,TR,Exports PrelAPR,$20.9B,$23.4B,,$21.0B,3.0
2025-05-02 16:30:00+05:30,MX,Foreign Exchange ReservesAPR,,$237.3B,,$240.0B,3.0
2025-05-02 17:00:00+05:30,TR,Foreign Exchange ReservesAPR/25,$51.58B,$56.64B,,,3.0
2025-05-02 17:00:00+05:30,IN,Foreign Exchange ReservesAPR/25,$688.13B,$686.15B,,,3.0
2025-05-02 17:30:00+05:30,MX,Business ConfidenceAPR,48.5,49.7,,49.5,2.0
2025-05-02 18:00:00+05:30,ID,Tourist Arrivals YoYFEB,,,,,3.0
2025-05-02 18:00:00+05:30,FR,New Car Registrations YoYAPR,,-14.5%,,-6.4%,3.0
2025-05-02 18:00:00+05:30,US,Unemployment RateAPR,4.2%,4.2%,4.2%,4.2%,1.0
2025-05-02 18:00:00+05:30,US,Average Weekly HoursAPR,34.3,34.3,34.2,34.2,3.0
2025-05-02 18:00:00+05:30,US,Average Hourly Earnings YoYAPR,3.8%,3.8%,3.9%,3.9%,2.0
2025-05-02 18:00:00+05:30,ID,Tourist Arrivals YoYJAN,,8.72%,,10.0%,3.0
2025-05-02 18:00:00+05:30,US,Average Hourly Earnings MoMAPR,0.2%,0.3%,0.3%,0.3%,2.0
2025-05-02 18:00:00+05:30,US,Non Farm PayrollsAPR,177K,185K,130K,140K,1.0
2025-05-02 18:00:00+05:30,ID,Tourist Arrivals YoYMAR,,,,,3.0
2025-05-02 18:00:00+05:30,US,Government PayrollsAPR,10K,15K,,-3K,3.0
2025-05-02 18:00:00+05:30,US,Manufacturing PayrollsAPR,-1K,3K,-5K,5K,3.0
2025-05-02 18:00:00+05:30,US,Participation RateAPR,62.6%,62.5%,,62.5%,2.0
2025-05-02 18:00:00+05:30,ES,New Car Sales YoYAPR,,23.2%,,-0.5%,3.0
2025-05-02 18:00:00+05:30,US,U-6 Unemployment RateAPR,7.8%,7.9%,,8.0%,3.0
2025-05-02 18:00:00+05:30,US,Nonfarm Payrolls PrivateAPR,167K,170K,124K,133K,3.0
2025-05-02 18:30:00+05:30,SG,SIPMM Manufacturing PMIAPR,49.6,50.6,,50.2,3.0
2025-05-02 18:30:00+05:30,ZA,Total New Vehicle SalesAPR,42.4K,49.49K,,38.5K,3.0
2025-05-02 18:30:00+05:30,BR,S&P Global Manufacturing PMIAPR,50.3,51.8,,52.3,3.0
2025-05-02 19:00:00+05:30,US,Total Vehicle SalesAPR,17.27M,17.83M,15.7M,,3.0
2025-05-02 19:30:00+05:30,US,Factory Orders MoMMAR,4.3%,0.5%,4.5%,4.0%,2.0
2025-05-02 19:30:00+05:30,US,Factory Orders ex TransportationMAR,-0.2%,0.3%,,0.2%,3.0
2025-05-02 20:30:00+05:30,MX,S&P Global Manufacturing PMIAPR,44.8,46.5,,46,3.0
2025-05-02 21:45:00+05:30,IT,New Car Registrations YoYAPR,2.7%,6.2%,,3%,3.0
2025-05-02 22:30:00+05:30,US,Baker Hughes Total Rigs CountMAY/02,584,587,,,3.0
2025-05-02 22:30:00+05:30,MX,Fiscal BalanceMAR,,MXN-114.23B,,MXN-133.0B,3.0
2025-05-02 22:30:00+05:30,FR,New Car Registrations YoYAPR,,-14.5%,,-6.4%,3.0
2025-05-02 22:30:00+05:30,ID,Tourist Arrivals YoYMAR,,,,,3.0
2025-05-02 22:30:00+05:30,ES,New Car Sales YoYAPR,,23.2%,,15.0%,3.0
2025-05-02 22:30:00+05:30,IT,New Car Registrations YoYAPR,,6.2%,,3%,3.0
2025-05-02 22:30:00+05:30,ID,Tourist Arrivals YoYFEB,,,,,3.0
2025-05-02 22:30:00+05:30,ID,Tourist Arrivals YoYJAN,,8.72%,,10.0%,3.0
2025-05-02 22:30:00+05:30,US,Total Vehicle SalesAPR,,17.77M,15.7M,,3.0
2025-05-02 22:30:00+05:30,US,Baker Hughes Oil Rig CountMAY/02,479,483,485,,3.0
2025-05-02 22:30:00+05:30,ZA,Total New Vehicle SalesAPR,,49.493K,,38.5K,3.0
2025-05-02 22:30:00+05:30,IN,Government Budget ValueMAR,,INR-13468.5B,,NR -13900.0B,3.0
2025-05-03 00:30:00+05:30,SG,General Elections,,,,,3.0
2025-05-03 00:30:00+05:30,AU,Federal Elections,,,,,3.0
2025-05-03 00:30:00+05:30,AR,Tax RevenueAPR,,ARS12733B,,,3.0
2025-05-03 22:20:00+05:30,AU,Federal Elections,,,,,2.0
2025-05-03 22:20:00+05:30,US,Fed Cook Speech,,,,,2.0
2025-05-03 22:20:00+05:30,OP,OPEC and non-OPEC Ministerial Meeting,,,,,2.0
2025-05-03 22:20:00+05:30,SG,General Elections,,,,,2.0
2025-05-03 22:20:00+05:30,AR,Tax RevenueAPR,,ARS12733B,,,2.0
2025-05-05 04:30:00+05:30,AU,S&P Global Composite PMI FinalAPR,51,51.6,51.4,51.4,3.0
2025-05-05 04:30:00+05:30,AU,S&P Global Services PMI FinalAPR,51.0,51.6,51.4,51.4,3.0
2025-05-05 07:00:00+05:30,AU,ANZ-Indeed Job Ads MoMAPR,0.5%,0.4%,,0.3%,3.0
2025-05-05 07:00:00+05:30,AU,TD-MI Inflation Gauge MoMAPR,0.6%,0.7%,,0.4%,3.0
2025-05-05 09:30:00+05:30,ID,GDP Growth Rate YoYQ1,4.87%,5.02%,4.91%,4.9%,2.0
2025-05-05 09:30:00+05:30,ID,GDP Growth Rate QoQQ1,-0.98%,0.53%,-0.89%,-0.7%,3.0
2025-05-05 09:45:00+05:30,SA,Riyad Bank PMIAPR,55.6,58.1,,57.5,3.0
2025-05-05 10:30:00+05:30,SG,Retail Sales YoYMAR,1.1%,-3.5%,,1.2%,3.0
2025-05-05 10:30:00+05:30,SG,Retail Sales MoMMAR,-2.8%,3%,,-1.2%,3.0
2025-05-05 11:30:00+05:30,RU,S&P Global Manufacturing PMIAPR,49.3,48.2,,48,2.0
2025-05-05 12:30:00+05:30,TR,Inflation Rate MoMAPR,3%,2.46%,3.1%,3%,2.0
2025-05-05 12:30:00+05:30,TR,PPI MoMAPR,2.76%,1.88%,,2.5%,3.0
2025-05-05 12:30:00+05:30,TR,PPI YoYAPR,22.5%,23.5%,,22.2%,3.0
2025-05-05 12:30:00+05:30,ES,Tourist Arrivals YoYMAR,3.8%,7.7%,,8.0%,3.0
2025-05-05 12:30:00+05:30,TR,Inflation Rate YoYAPR,37.86%,38.1%,38%,37.8%,2.0
2025-05-05 13:30:00+05:30,OP,OPEC and non-OPEC Ministerial Meeting,,,,,3.0
2025-05-05 13:30:00+05:30,TR,Exports PrelAPR,,,,,3.0
2025-05-05 13:30:00+05:30,TR,Imports PrelAPR,,,,,3.0
2025-05-05 13:30:00+05:30,BR,IPC-Fipe Inflation MoMAPR,0.45%,0.62%,,0.4%,3.0
2025-05-05 13:30:00+05:30,TR,Balance of Trade PrelAPR,,,,,3.0
2025-05-05 14:30:00+05:30,FR,New Car Registrations YoYAPR,-5.6%,-14.5%,,-6.4%,3.0
2025-05-05 16:30:00+05:30,ES,New Car Sales YoYAPR,7.1%,23.2%,,15.0%,3.0
2025-05-05 18:30:00+05:30,FR,6-Month BTF Auction,1.982%,2.015%,,,3.0
2025-05-05 18:30:00+05:30,FR,3-Month BTF Auction,2.072%,2.076%,,,3.0
2025-05-05 18:30:00+05:30,FR,12-Month BTF Auction,1.901%,1.905%,,,3.0
2025-05-05 19:00:00+05:30,CA,S&P Global Composite PMIMAY,41.7,42,,41.7,3.0
2025-05-05 19:00:00+05:30,CA,S&P Global Composite PMIAPR,41.7,42,,41.7,3.0
2025-05-05 19:00:00+05:30,CA,S&P Global Services PMIAPR,41.5,41.2,,41,3.0
2025-05-05 19:15:00+05:30,US,S&P Global Services PMI FinalAPR,50.8,54.4,51.4,51.4,3.0
2025-05-05 19:15:00+05:30,US,S&P Global Composite PMI FinalAPR,50.6,53.5,51.2,51.2,3.0
2025-05-05 19:30:00+05:30,US,ISM Services PricesAPR,65.1,60.9,,61.2,3.0
2025-05-05 19:30:00+05:30,OP,OPEC and non-OPEC Ministerial Meeting,,,,,3.0
2025-05-05 19:30:00+05:30,US,ISM Services Business ActivityAPR,53.7,55.9,,52.9,3.0
2025-05-05 19:30:00+05:30,TR,Exports PrelAPR,,,,,3.0
2025-05-05 19:30:00+05:30,US,ISM Services EmploymentAPR,49,46.2,,47,3.0
2025-05-05 19:30:00+05:30,TR,Imports PrelAPR,,,,,3.0
2025-05-05 19:30:00+05:30,US,ISM Services New OrdersAPR,52.3,50.4,,49.2,3.0
2025-05-05 19:30:00+05:30,US,ISM Services PMIAPR,51.6,50.8,50.6,50.3,1.0
2025-05-05 19:30:00+05:30,TR,Balance of Trade PrelAPR,,,,,3.0
2025-05-05 21:00:00+05:30,US,3-Month Bill Auction,4.220%,4.2%,,,3.0
2025-05-05 21:00:00+05:30,US,6-Month Bill Auction,4.090%,4.065%,,,3.0
2025-05-05 22:30:00+05:30,ES,New Car Sales YoYAPR,,23.2%,,15.0%,3.0
2025-05-05 22:30:00+05:30,BR,BCB Focus Market Readout,,,,,3.0
2025-05-05 22:30:00+05:30,TR,Imports PrelAPR,,$30.61B,,$30.2B,3.0
2025-05-05 22:30:00+05:30,IN,Government Budget ValueMAR,,INR-13468.5B,,INR -13900.0B,3.0
2025-05-05 22:30:00+05:30,OP,OPEC and non-OPEC Ministerial Meeting,,,,,3.0
2025-05-05 22:30:00+05:30,FR,New Car Registrations YoYAPR,,-14.5%,,-6.4%,3.0
2025-05-05 22:30:00+05:30,TR,Exports PrelAPR,,$23.42B,,$21.0B,3.0
2025-05-05 22:30:00+05:30,MX,Foreign Exchange ReservesAPR,,$237.3B,,$240.0B,3.0
2025-05-05 22:30:00+05:30,US,3-Year Note Auction,3.824%,3.784%,,,3.0
2025-05-05 22:30:00+05:30,TR,Balance of Trade PrelAPR,,$-7.2B,,$-9.2B,3.0
2025-05-06 01:30:00+05:30,AR,Tax RevenueAPR,ARS13681B,ARS12733B,,,3.0
2025-05-06 06:00:00+05:30,SG,S&P Global PMIAPR,52.8,52.7,,51,3.0
2025-05-06 07:00:00+05:30,AU,Private House Approvals MoM PrelMAR,-4.5%,1.1%,,-1.6%,3.0
2025-05-06 07:00:00+05:30,AU,TD-MI Inflation Gauge MoMAPR,,0.7%,,,3.0
2025-05-06 07:00:00+05:30,AU,Building Permits MoM PrelMAR,-8.8%,-0.2%,-0.6%,-1.2%,2.0
2025-05-06 07:15:00+05:30,CN,Caixin Services PMIAPR,50.7,51.9,51.7,50.7,2.0
2025-05-06 07:15:00+05:30,CN,Caixin Composite PMIAPR,51.1,51.8,,50.5,3.0
2025-05-06 10:30:00+05:30,SG,MAS 4-Week Bill Auction,2.38%,2.44%,,,3.0
2025-05-06 10:30:00+05:30,IN,HSBC Services PMI FinalAPR,58.7,58.5,58.5,59.1,3.0
2025-05-06 10:30:00+05:30,IN,HSBC Composite PMI FinalAPR,59.7,59.5,,60.0,3.0
2025-05-06 12:15:00+05:30,FR,Industrial Production MoMMAR,0.2%,1%,0.3%,0.1%,2.0
2025-05-06 12:30:00+05:30,ES,Unemployment ChangeAPR,-67.4K,-13.3K,6.5K,-20.0K,2.0
2025-05-06 12:45:00+05:30,ZA,S&P Global PMIAPR,50.0,48.3,,47.7,3.0
2025-05-06 12:45:00+05:30,ES,HCOB Services PMIAPR,53.4,54.7,53.9,54,2.0
2025-05-06 12:45:00+05:30,ES,HCOB Composite PMIAPR,52.5,54,,52,3.0
2025-05-06 13:15:00+05:30,IT,HCOB Composite PMIAPR,52.1,50.5,,51,3.0
2025-05-06 13:15:00+05:30,IT,HCOB Services PMIAPR,52.9,52,51.4,51.5,2.0
2025-05-06 13:20:00+05:30,FR,HCOB Services PMI FinalAPR,47.3,47.9,46.8,46.8,3.0
2025-05-06 13:20:00+05:30,FR,HCOB Composite PMI FinalAPR,47.8,48,47.3,47.3,3.0
2025-05-06 13:25:00+05:30,DE,HCOB Services PMI FinalAPR,49,50.9,48.8,48.8,3.0
2025-05-06 13:25:00+05:30,DE,HCOB Composite PMI FinalAPR,50.1,51.3,49.7,49.7,3.0
2025-05-06 13:30:00+05:30,EA,HCOB Services PMI FinalAPR,50.1,51,49.7,49.7,3.0
2025-05-06 13:30:00+05:30,EA,HCOB Composite PMI FinalAPR,50.4,50.9,50.1,50.1,3.0
2025-05-06 13:30:00+05:30,GB,New Car Sales YoYAPR,-10.4%,12.4%,,3.5%,3.0
2025-05-06 14:00:00+05:30,GB,S&P Global Services PMI FinalAPR,49,52.5,48.9,48.9,3.0
2025-05-06 14:00:00+05:30,GB,S&P Global Composite PMI FinalAPR,48.5,51.5,48.2,48.2,3.0
2025-05-06 14:10:00+05:30,ES,6-Month Letras Auction,1.937%,2.115%,,,3.0
2025-05-06 14:10:00+05:30,ES,12-Month Letras Auction,1.886%,2.007%,,,3.0
2025-05-06 14:30:00+05:30,EA,PPI YoYMAR,1.9%,3%,2%,2.4%,3.0
2025-05-06 14:30:00+05:30,EA,PPI MoMMAR,-1.6%,0.2%,-1.6%,-1.2%,3.0
2025-05-06 15:00:00+05:30,DE,5-Year Bobl Auction,2.07%,2.06%,,,3.0
2025-05-06 15:15:00+05:30,US,LMI Logistics Managers IndexAPR,58.8,57.1,,,3.0
2025-05-06 15:30:00+05:30,DE,New Car Registrations YoYAPR,-0.2%,-3.9%,,-1.6%,3.0
2025-05-06 17:30:00+05:30,MX,Gross Fixed Investment MoMFEB,0.1%,-1.6%,0.9%,0.3%,3.0
2025-05-06 17:30:00+05:30,MX,Gross Fixed Investment YoYFEB,-7.8%,-6.7%,-5.5%,-9.0%,3.0
2025-05-06 18:00:00+05:30,US,ImportsMAR,$419B,$401.2B,,$417.6B,2.0
2025-05-06 18:00:00+05:30,CA,ImportsMAR,C$70.4B,C$71.44B,,C$70.0B,3.0
2025-05-06 18:00:00+05:30,CA,ExportsMAR,C$69.9B,C$70.04B,,C$ 63.1B,3.0
2025-05-06 18:00:00+05:30,US,Balance of TradeMAR,$-140.5B,$-123.2B,$-137B,$-137.1B,2.0
2025-05-06 18:00:00+05:30,DE,New Car Registrations YoYAPR,,-3.9%,,,2.0
2025-05-06 18:00:00+05:30,CA,Balance of TradeMAR,C$-0.51B,C$-1.41B,C$-1.6B,C$ -6.9B,1.0
2025-05-06 18:00:00+05:30,US,LMI Logistics Managers IndexAPR,,57.1,,,2.0
2025-05-06 18:00:00+05:30,US,ExportsMAR,$278.5B,$278B,,$280.5B,2.0
2025-05-06 18:25:00+05:30,US,Redbook YoYMAY/03,6.9%,6.1%,,,3.0
2025-05-06 18:30:00+05:30,BR,S&P Global Services PMIAPR,48.9,52.5,,52,2.0
2025-05-06 18:30:00+05:30,BR,S&P Global Composite PMIAPR,49.4,52.6,,52.2,3.0
2025-05-06 19:30:00+05:30,CA,Ivey PMI s.aAPR,47.9,51.3,51.2,50.2,1.0
2025-05-06 19:30:00+05:30,WL,Global Supply Chain Pressure IndexAPR,-0.29,-0.17,,,3.0
2025-05-06 19:40:00+05:30,US,RCM/TIPP Economic Optimism IndexMAY,47.9,49.1,50.2,49.3,3.0
2025-05-06 20:00:00+05:30,US,NY Fed Treasury Purchases 0 to 1 yrs,,,$75 million,,3.0
2025-05-06 20:45:00+05:30,MX,Foreign Exchange ReservesAPR,$239.7B,$237.3B,,$240.0B,3.0
2025-05-06 22:30:00+05:30,DE,New Car Registrations YoYAPR,,-3.9%,,-1.6%,3.0
2025-05-06 22:30:00+05:30,MX,Foreign Exchange ReservesAPR,,$237.3B,,$240.0B,3.0
2025-05-06 22:30:00+05:30,AR,Tax RevenueAPR,,ARS12733B,,,3.0
2025-05-06 22:30:00+05:30,US,10-Year Note Auction,4.342%,4.435%,,,3.0
2025-05-06 22:30:00+05:30,US,LMI Logistics Managers IndexAPR,,57.1,,,3.0
2025-05-06 22:30:00+05:30,WL,Global Supply Chain Pressure IndexAPR,,-0.18,,,3.0
2025-05-07 02:00:00+05:30,US,API Crude Oil Stock ChangeMAY/02,-4.49M,3.76M,-2.5M,,2.0
2025-05-07 02:30:00+05:30,KR,Foreign Exchange ReservesAPR,,$409.66B,,$410.5B,3.0
2025-05-07 04:30:00+05:30,AU,Ai Group Construction IndexAPR,-7.9,-19.3,,-22,3.0
2025-05-07 04:30:00+05:30,AU,Ai Group Manufacturing IndexAPR,-26.5,-29.7,,-32,3.0
2025-05-07 04:30:00+05:30,AU,Ai Group Industry IndexAPR,-15,-22.2,,-26,2.0
2025-05-07 06:00:00+05:30,JP,Jibun Bank Composite PMI FinalAPR,51.2,48.9,,51.1,3.0
2025-05-07 06:00:00+05:30,JP,Jibun Bank Services PMI FinalAPR,52.4,50.0,52.2,52.2,3.0
2025-05-07 10:30:00+05:30,SG,6-Month T-Bill Auction,2.30%,2.38%,,,3.0
2025-05-07 11:30:00+05:30,RU,S&P Global Services PMIAPR,50.1,50.1,,50,3.0
2025-05-07 11:30:00+05:30,RU,S&P Global Composite PMIAPR,49.8,49.1,,48.8,3.0
2025-05-07 11:30:00+05:30,DE,Factory Orders MoMMAR,3.6%,0%,1.3%,0.3%,2.0
2025-05-07 12:15:00+05:30,FR,ImportsMAR,€58.8B,€57.5B,,€ 57.5B,3.0
2025-05-07 12:15:00+05:30,FR,ExportsMAR,€52.6B,€49.8B,,€ 52.4B,3.0
2025-05-07 12:15:00+05:30,FR,Current AccountMAR,€1.4B,€-1.6B,,€ -1.7B,3.0
2025-05-07 12:15:00+05:30,FR,Foreign Exchange ReservesAPR,,€305.12B,,,3.0
2025-05-07 12:15:00+05:30,FR,Private Non Farm Payrolls QoQ PrelQ1,0%,-0.3%,0%,-0.1%,3.0
2025-05-07 12:15:00+05:30,FR,Balance of TradeMAR,€-6.2B,€-7.7B,€-6.9B,€ -5.1B,2.0
2025-05-07 13:00:00+05:30,DE,HCOB Construction PMIAPR,45.1,40.3,,42,2.0
2025-05-07 13:00:00+05:30,EA,HCOB Construction PMIAPR,46,44.8,,45.1,3.0
2025-05-07 13:00:00+05:30,IT,HCOB Construction PMIAPR,50.1,52.4,,52.9,3.0
2025-05-07 13:00:00+05:30,FR,HCOB Construction PMIAPR,43.6,43.8,,44.5,3.0
2025-05-07 13:30:00+05:30,IT,Retail Sales MoMMAR,-0.5%,0.1%,0.2%,-0.3%,2.0
2025-05-07 13:30:00+05:30,IT,Retail Sales YoYMAR,-2.8%,-1.4%,,-0.6%,3.0
2025-05-07 13:30:00+05:30,CN,Foreign Exchange ReservesAPR,$3.282T,$3.241T,,$3.2T,3.0
2025-05-07 14:00:00+05:30,GB,S&P Global Construction PMIAPR,46.6,46.4,45.7,46,2.0
2025-05-07 14:30:00+05:30,GB,5-Year Treasury Gilt Auction,3.977%,4.142%,,,3.0
2025-05-07 14:30:00+05:30,EA,Retail Sales YoYMAR,1.5%,1.9%,1.6%,1.9%,3.0
2025-05-07 14:30:00+05:30,SG,Foreign Exchange ReservesAPR,S$508.2B,S$514.2B,,,3.0
2025-05-07 14:30:00+05:30,FR,16-Year OAT Auction,3.62%,3.17%,,,3.0
2025-05-07 14:30:00+05:30,EA,Retail Sales MoMMAR,-0.1%,0.2%,0%,0.0%,2.0
2025-05-07 14:30:00+05:30,FR,13-Year OAT Auction,3.51%,3.33%,,,3.0
2025-05-07 14:30:00+05:30,FR,OAT Auction,,,,,3.0
2025-05-07 14:30:00+05:30,FR,10-Year OAT Auction,3.24%,3.37%,,,3.0
2025-05-07 15:40:00+05:30,EU,12-Month Bill Auction,1.868%,1.956%,,,3.0
2025-05-07 15:40:00+05:30,EU,6-Month Bill Auction,1.962%,2.117%,,,3.0
2025-05-07 15:40:00+05:30,EU,3-Month Bill Auction,2.029%,2.158%,,,3.0
2025-05-07 16:30:00+05:30,US,MBA 30-Year Mortgage RateMAY/02,6.84%,6.89%,,,2.0
2025-05-07 16:30:00+05:30,US,MBA Mortgage Market IndexMAY/02,248.4,223.7,,,3.0
2025-05-07 16:30:00+05:30,US,MBA Mortgage Refinance IndexMAY/02,721,649.0,,,3.0
2025-05-07 16:30:00+05:30,US,MBA Mortgage ApplicationsMAY/02,11%,-4.2%,,,3.0
2025-05-07 16:30:00+05:30,US,MBA Purchase IndexMAY/02,162.8,146.6,,,3.0
2025-05-07 17:30:00+05:30,BR,Industrial Production YoYMAR,3.1%,1.3%,1.4%,1.2%,3.0
2025-05-07 17:30:00+05:30,BR,Industrial Production MoMMAR,1.2%,0%,0.3%,0.2%,2.0
2025-05-07 17:30:00+05:30,CN,Foreign Exchange ReservesAPR,,$3.241T,,$3.2T,3.0
2025-05-07 18:30:00+05:30,US,Used Car Prices YoYAPR,4.9%,-0.2%,,,3.0
2025-05-07 18:30:00+05:30,US,Used Car Prices MoMAPR,2.7%,-0.7%,,,3.0
2025-05-07 20:00:00+05:30,US,EIA Distillate Stocks ChangeMAY/02,-1.107M,0.937M,-1.4M,,3.0
2025-05-07 20:00:00+05:30,US,EIA Distillate Fuel Production ChangeMAY/02,0.041M,-0.017M,,,3.0
2025-05-07 20:00:00+05:30,US,EIA Crude Oil Stocks ChangeMAY/02,-2.032M,-2.696M,-1.7M,,2.0
2025-05-07 20:00:00+05:30,US,EIA Heating Oil Stocks ChangeMAY/02,0.123M,0.252M,,,3.0
2025-05-07 20:00:00+05:30,US,EIA Gasoline Stocks ChangeMAY/02,0.188M,-4.002M,-1.5M,,2.0
2025-05-07 20:00:00+05:30,US,EIA Refinery Crude Runs ChangeMAY/02,-0.007M,0.189M,,,3.0
2025-05-07 20:00:00+05:30,US,EIA Cushing Crude Oil Stocks ChangeMAY/02,-0.74M,0.682M,,,3.0
2025-05-07 20:00:00+05:30,US,EIA Crude Oil Imports ChangeMAY/02,0.673M,-0.663M,,,3.0
2025-05-07 20:00:00+05:30,US,EIA Gasoline Production ChangeMAY/02,0.253M,-0.616M,,,3.0
2025-05-07 21:00:00+05:30,US,17-Week Bill Auction,4.200%,4.190%,,,3.0
2025-05-07 23:30:00+05:30,KR,Foreign Exchange ReservesAPR,,$409.66B,,$410.5B,1.0
2025-05-07 23:30:00+05:30,CN,Foreign Exchange ReservesAPR,,$3.241T,,$3.2T,1.0
2025-05-07 23:30:00+05:30,US,Used Car Prices MoMAPR,,-0.7%,,,1.0
2025-05-07 23:30:00+05:30,US,Fed Interest Rate Decision,4.5%,4.5%,4.5%,4.5%,1.0
2025-05-07 23:30:00+05:30,US,Used Car Prices YoYAPR,,-0.2%,,,1.0
2025-05-07 23:30:00+05:30,BR,Balance of TradeAPR,$8.15B,$7.76B,$8.3B,$8.5B,2.0
2025-05-08 00:00:00+05:30,US,Fed Press Conference,,,,,1.0
2025-05-08 00:30:00+05:30,US,Consumer Credit ChangeMAR,$10.17B,$-0.61B,$9.5B,$7.0B,3.0
2025-05-08 03:00:00+05:30,BR,Interest Rate Decision,14.75%,14.25%,14.75%,14.75%,2.0
2025-05-08 04:30:00+05:30,KR,Foreign Exchange ReservesAPR,$404.67B,$409.66B,,$410.5B,3.0
2025-05-08 05:20:00+05:30,JP,BoJ Monetary Policy Meeting Minutes,,,,,2.0
2025-05-08 05:31:00+05:30,GB,RICS House Price BalanceAPR,-3%,2%,-5%,-5.0%,2.0
2025-05-08 08:30:00+05:30,ID,Foreign Exchange ReservesAPR,$152.5B,$157.1B,,,3.0
2025-05-08 09:05:00+05:30,JP,10-Year JGB Auction,1.274%,1.405%,,,3.0
2025-05-08 09:05:00+05:30,JP,6-Month Bill Auction,0.4381%,0.4137%,,,3.0
2025-05-08 11:30:00+05:30,DE,Imports MoMMAR,-1.4%,0.5%,0.4%,1.1%,3.0
2025-05-08 11:30:00+05:30,ZA,Foreign Exchange ReservesAPR,$67.59B,$67.45B,,$68.0B,3.0
2025-05-08 11:30:00+05:30,DE,Industrial Production MoMMAR,3%,-1.3%,0.8%,0.5%,2.0
2025-05-08 11:30:00+05:30,GB,Halifax House Price Index MoMAPR,0.3%,-0.5%,-0.1%,-0.1%,2.0
2025-05-08 11:30:00+05:30,DE,Exports MoMMAR,1.1%,1.8%,1%,3.2%,2.0
2025-05-08 11:30:00+05:30,DE,Balance of TradeMAR,€21.1B,€18.0B,€19.1B,€20.8B,1.0
2025-05-08 11:30:00+05:30,GB,Halifax House Price Index YoYAPR,3.2%,2.9%,2.6%,2.6%,2.0
2025-05-08 12:30:00+05:30,ES,Industrial Production YoYMAR,1%,-1.9%,,1.9%,3.0
2025-05-08 14:10:00+05:30,ES,3-Year Bonos Auction,2.086%,2.292%,,,3.0
2025-05-08 14:10:00+05:30,ES,30-Year Obligacion Auction,3.974%,3.691%,,,3.0
2025-05-08 14:10:00+05:30,ES,Bonos Auction,,,,,3.0
2025-05-08 14:10:00+05:30,ES,5-Year Index-Linked Obligacion Auction,0.721%,0.700%,,,3.0
2025-05-08 14:10:00+05:30,ES,Index-Linked Obligacion Auction,,,,,3.0
2025-05-08 14:10:00+05:30,ES,Obligacion Auction,,,,,3.0
2025-05-08 14:10:00+05:30,ES,5-Year Bonos Auction,2.375%,2.756%,,,3.0
2025-05-08 14:30:00+05:30,GB,BBA Mortgage RateAPR,7.21%,7.23%,,7.2%,3.0
2025-05-08 15:00:00+05:30,RU,Vehicle Sales YoYAPR,-26%,-45%,,,3.0
2025-05-08 16:30:00+05:30,GB,BoE MPC Vote Cut,,1/9,9/9,,2.0
2025-05-08 16:30:00+05:30,GB,BoE Interest Rate Decision,,4.5%,4.25%,4.25%,1.0
2025-05-08 16:30:00+05:30,GB,BoE MPC Vote Unchanged,,8/9,0/9,,2.0
2025-05-08 16:30:00+05:30,ZA,Manufacturing Production YoYMAR,-0.8%,-3.2%,,4.3%,3.0
2025-05-08 16:30:00+05:30,GB,BoE Monetary Policy Report,,,,,2.0
2025-05-08 16:30:00+05:30,ZA,Manufacturing Production MoMMAR,-2.2%,0.7%,,-1.3%,3.0
2025-05-08 16:30:00+05:30,GB,BoE MPC Vote Hike,,0/9,0/9,,2.0
2025-05-08 16:30:00+05:30,GB,MPC Meeting Minutes,,,,,2.0
2025-05-08 16:32:00+05:30,GB,BoE Monetary Policy Report,,,,,2.0
2025-05-08 16:32:00+05:30,GB,BoE MPC Vote Unchanged,2/9,8/9,0/9,,2.0
2025-05-08 16:32:00+05:30,GB,BoE Interest Rate Decision,4.25%,4.5%,4.25%,4.25%,1.0
2025-05-08 16:32:00+05:30,GB,BoE MPC Vote Cut,7/9,1/9,9/9,,2.0
2025-05-08 16:32:00+05:30,GB,BoE MPC Vote Hike,0/9,0/9,0/9,,2.0
2025-05-08 16:32:00+05:30,GB,MPC Meeting Minutes,,,,,2.0
2025-05-08 17:00:00+05:30,TR,Foreign Exchange ReservesMAY/02,$57.58B,$51.58B,,$45.0B,3.0
2025-05-08 17:30:00+05:30,MX,Core Inflation Rate MoMAPR,0.49%,0.43%,0.47%,0.5%,3.0
2025-05-08 17:30:00+05:30,BR,PPI MoMMAR,-0.62%,-0.12%,,-0.2%,3.0
2025-05-08 17:30:00+05:30,MX,Inflation Rate MoMAPR,0.33%,0.31%,0.30%,0.3%,2.0
2025-05-08 17:30:00+05:30,MX,Core Inflation Rate YoYAPR,3.93%,3.64%,3.92%,3.8%,3.0
2025-05-08 17:30:00+05:30,BR,PPI YoYMAR,8.37%,9.41%,,9.3%,3.0
2025-05-08 17:30:00+05:30,MX,Inflation Rate YoYAPR,3.93%,3.8%,3.90%,3.9%,2.0
2025-05-08 18:00:00+05:30,US,Jobless Claims 4-week AverageMAY/03,227K,226K,,230.0K,3.0
2025-05-08 18:00:00+05:30,US,Initial Jobless ClaimsMAY/03,228K,241K,230K,240.0K,2.0
2025-05-08 18:00:00+05:30,US,Continuing Jobless ClaimsAPR/26,1879K,1908K,1890K,1921.0K,3.0
2025-05-08 18:00:00+05:30,US,Unit Labour Costs QoQ PrelQ1,5.7%,2%,5.1%,5.5%,2.0
2025-05-08 18:00:00+05:30,US,Nonfarm Productivity QoQ PrelQ1,-0.8%,1.7%,-0.7%,-0.6%,2.0
2025-05-08 18:30:00+05:30,EA,ECB Tuominen Speech,,,,,3.0
2025-05-08 19:30:00+05:30,BR,Car Production MoMAPR,20.1%,-12.6%,,-4.0%,3.0
2025-05-08 19:30:00+05:30,US,Wholesale Inventories MoMMAR,0.4%,0.5%,0.5%,0.5%,3.0
2025-05-08 19:30:00+05:30,BR,New Car Registrations MoMAPR,6.7%,5.7%,,3.0%,3.0
2025-05-08 19:30:00+05:30,CA,Financial Stability Report,,,,,2.0
2025-05-08 20:00:00+05:30,ID,Motorbike Sales YoYAPRIL,3%,-7.2%,,,3.0
2025-05-08 20:00:00+05:30,TR,Treasury Cash BalanceAPR,TRY-183.5B,TRY-298.42B,,,3.0
2025-05-08 20:00:00+05:30,US,EIA Natural Gas Stocks ChangeMAY/02,104Bcf,107Bcf,101B,,3.0
2025-05-08 20:30:00+05:30,US,Consumer Inflation ExpectationsAPR,3.6%,3.6%,,4.0%,3.0
2025-05-08 21:00:00+05:30,US,4-Week Bill Auction,4.225%,4.240%,,,3.0
2025-05-08 21:00:00+05:30,US,8-Week Bill Auction,4.225%,4.220%,,,3.0
2025-05-08 21:30:00+05:30,US,30-Year Mortgage RateMAY/08,6.76%,6.76%,,,3.0
2025-05-08 21:30:00+05:30,CA,5-Year Bond Auction,2.845%,2.898%,,,3.0
2025-05-08 21:30:00+05:30,US,15-Year Mortgage RateMAY/08,5.89%,5.92%,,,3.0
2025-05-08 22:30:00+05:30,US,30-Year Bond Auction,4.819%,4.813%,,,3.0
2025-05-08 22:30:00+05:30,KR,Foreign Exchange ReservesAPR,$404.67B,$409.66B,,$410.5B,3.0
2025-05-09 00:30:00+05:30,AR,Industrial Production YoYMAR,5.2%,5.6%,,15.3%,3.0
2025-05-09 02:00:00+05:30,US,Fed Balance SheetMAY/07,$6.71T,$6.71T,,,3.0
2025-05-09 04:30:00+05:30,KR,Current AccountMAR,$9.14B,$7.18B,,$ 7.9B,3.0
2025-05-09 04:31:00+05:30,GB,RICS House Price BalanceAPR,,2%,-5%,-5.0%,2.0
2025-05-09 05:00:00+05:30,JP,Foreign Exchange ReservesAPR,,$1272.5B,,,3.0
2025-05-09 05:00:00+05:30,JP,Household Spending MoMMAR,0.4%,3.5%,-0.5%,-1.6%,2.0
2025-05-09 05:00:00+05:30,JP,Household Spending YoYMAR,2.1%,-0.5%,0.2%,0.2%,2.0
2025-05-09 05:00:00+05:30,JP,Overtime Pay YoYMAR,-1.1%,2.4%,,2.1%,3.0
2025-05-09 05:00:00+05:30,JP,Average Cash Earnings YoYMAR,2.1%,2.7%,2.3%,2.5%,3.0
2025-05-09 05:20:00+05:30,JP,Foreign Exchange ReservesAPR,$1298.2B,$1272.5B,,,3.0
2025-05-09 08:30:00+05:30,ID,Consumer ConfidenceAPR,121.7,121.1,,119.8,3.0
2025-05-09 08:30:00+05:30,CN,Balance of TradeAPR,$96.18B,$102.64B,$89B,$70.0B,1.0
2025-05-09 08:30:00+05:30,CN,Exports YoYAPR,8.1%,12.4%,1.9%,-2.0%,1.0
2025-05-09 08:30:00+05:30,CN,Imports YoYAPR,-0.2%,-4.3%,-5.9%,-5.0%,1.0
2025-05-09 09:05:00+05:30,JP,3-Month Bill Auction,0.3979%,0.4051%,,,3.0
2025-05-09 10:30:00+05:30,JP,Coincident Index PrelMAR,116,117.3,,116.1,3.0
2025-05-09 10:30:00+05:30,JP,Leading Economic Index PrelMAR,107.7,108.2,107.5,107.8,3.0
2025-05-09 11:30:00+05:30,GB,Manufacturing Production YoYMAR,,0.3%,,0.5%,3.0
2025-05-09 11:30:00+05:30,GB,Industrial Production YoYMAR,,0.1%,,0.3%,3.0
2025-05-09 11:30:00+05:30,GB,Manufacturing Production MoMMAR,,2.2%,,-0.3%,2.0
2025-05-09 11:30:00+05:30,GB,Industrial Production MoMMAR,,1.5%,,-0.2%,2.0
2025-05-09 12:15:00+05:30,FR,Foreign Exchange ReservesAPR,€303.06B,€305.12B,,,3.0
2025-05-09 12:30:00+05:30,TR,Industrial Production YoYMAR,2.5%,-1.9%,,-2.5%,2.0
2025-05-09 12:30:00+05:30,TR,Industrial Production MoMMAR,3.4%,-1.6%,,1.5%,3.0
2025-05-09 13:30:00+05:30,IT,Industrial Production YoYMAR,-1.8%,-2.6%,,-1.6%,3.0
2025-05-09 13:30:00+05:30,IT,Industrial Production MoMMAR,0.1%,-0.9%,0.5%,0.6%,2.0
2025-05-09 13:30:00+05:30,JP,Foreign Exchange ReservesAPR,,$1272.5B,,,3.0
2025-05-09 13:30:00+05:30,CN,Vehicle Sales YoYAPR,,8.2%,,,3.0
2025-05-09 13:30:00+05:30,ID,Motorbike Sales YoYAPRIL,,-7.2%,,,3.0
2025-05-09 14:10:00+05:30,GB,BoE Bailey Speech,,,,,2.0
2025-05-09 14:30:00+05:30,CN,Current Account PrelQ1,$165.6B,$163.8B,,$110.0B,2.0
2025-05-09 14:40:00+05:30,ID,Motorbike Sales YoYAPRIL,,-7.2%,,,3.0
2025-05-09 14:40:00+05:30,CN,M2 Money Supply YoYAPR,,7%,,,3.0
2025-05-09 14:40:00+05:30,CN,Vehicle Sales YoYAPR,,8.2%,,,3.0
2025-05-09 14:40:00+05:30,RU,Vehicle Sales YoYAPR,,-45%,,,3.0
2025-05-09 14:40:00+05:30,JP,Foreign Exchange ReservesAPR,,$1272.5B,,,3.0
2025-05-09 14:40:00+05:30,CN,Total Social FinancingAPR,,CNY5890B,,,3.0
2025-05-09 14:40:00+05:30,CN,Current Account PrelQ1,,$163.8B,,$ 89B,3.0
2025-05-09 14:40:00+05:30,CN,Outstanding Loan Growth YoYAPR,,7.4%,,,3.0
2025-05-09 14:40:00+05:30,IT,12-Month BOT Auction,1.959%,2.12%,,,3.0
2025-05-09 14:40:00+05:30,CN,New Yuan LoansAPR,,CNY3640B,,,3.0
2025-05-09 15:45:00+05:30,US,Fed Williams Speech,,,,,2.0
2025-05-09 16:15:00+05:30,US,Fed Barr Speech,,,,,2.0
2025-05-09 17:00:00+05:30,IN,Deposit Growth YoYAPR/25,10.2%,10.1%,,,3.0
2025-05-09 17:00:00+05:30,IN,Bank Loan Growth YoYAPR/25,10.3%,11%,,,3.0
2025-05-09 17:00:00+05:30,IN,Foreign Exchange ReservesMAY/02,$686.06B,$688.13B,,,3.0
2025-05-09 17:30:00+05:30,MX,Auto Production YoYAPR,-9.1%,12.1%,,2.4%,3.0
2025-05-09 17:30:00+05:30,GB,NIESR Monthly GDP TrackerAPR,,0.6%,,0.7%,3.0
2025-05-09 17:30:00+05:30,BR,Inflation Rate MoMAPR,0.43%,0.56%,,0.2%,2.0
2025-05-09 17:30:00+05:30,MX,Consumer ConfidenceAPR,45.3,45.9,,45.7,2.0
2025-05-09 17:30:00+05:30,MX,Auto Exports YoYAPR,-10.9%,3.8%,,0.7%,3.0
2025-05-09 17:30:00+05:30,BR,Inflation Rate YoYAPR,5.53%,5.48%,,5.5%,2.0
2025-05-09 18:00:00+05:30,CA,Full Time Employment ChgAPR,31.5K,-62K,,20K,2.0
2025-05-09 18:00:00+05:30,CN,M2 Money Supply YoYAPR,,7%,,,3.0
2025-05-09 18:00:00+05:30,CN,Outstanding Loan Growth YoYAPR,,7.4%,,,3.0
2025-05-09 18:00:00+05:30,CN,Current Account PrelQ1,,$163.8B,,$ 89B,3.0
2025-05-09 18:00:00+05:30,CA,Average Hourly Wages YoYAPR,3.5%,3.5%,,3.0%,3.0
2025-05-09 18:00:00+05:30,CN,Total Social FinancingAPR,,CNY5890B,,,3.0
2025-05-09 18:00:00+05:30,CN,Vehicle Sales YoYAPR,,8.2%,,,3.0
2025-05-09 18:00:00+05:30,JP,Foreign Exchange ReservesAPR,,$1272.5B,,,3.0
2025-05-09 18:00:00+05:30,CA,Part Time Employment ChgAPR,-24.2K,29.5K,,-8K,2.0
2025-05-09 18:00:00+05:30,RU,Vehicle Sales YoYAPR,,-45%,,,3.0
2025-05-09 18:00:00+05:30,CN,New Yuan LoansAPR,,CNY3640B,,,3.0
2025-05-09 18:00:00+05:30,CA,Participation RateAPR,65.3%,65.2%,,65.0%,2.0
2025-05-09 18:00:00+05:30,CA,Unemployment RateAPR,6.9%,6.7%,6.8%,6.8%,1.0
2025-05-09 18:00:00+05:30,US,Fed Kugler Speech,,,,,2.0
2025-05-09 18:00:00+05:30,CA,Employment ChangeAPR,7.4K,-32.6K,2.5K,12.0K,2.0
2025-05-09 18:00:00+05:30,ID,Motorbike Sales YoYAPRIL,,-7.2%,,,3.0
2025-05-09 19:30:00+05:30,US,Fed Goolsbee Speech,,,,,2.0
2025-05-09 21:00:00+05:30,US,Fed Waller Speech,,,,,2.0
2025-05-09 21:00:00+05:30,US,Fed Williams Speech,,,,,2.0
2025-05-09 22:30:00+05:30,CN,Outstanding Loan Growth YoYAPR,,7.4%,,7.5%,3.0
2025-05-09 22:30:00+05:30,CN,Vehicle Sales YoYAPR,,8.2%,,7%,3.0
2025-05-09 22:30:00+05:30,RU,Vehicle Sales YoYAPR,,-45%,,,3.0
2025-05-09 22:30:00+05:30,MX,Auto Production YoYAPR,,12.1%,,2.4%,3.0
2025-05-09 22:30:00+05:30,CN,Current Account PrelQ1,,$163.8B,,$110.0B,3.0
2025-05-09 22:30:00+05:30,ID,Motorbike Sales YoYAPRIL,,-7.2%,,,3.0
2025-05-09 22:30:00+05:30,MX,Auto Exports YoYAPR,,3.8%,,0.7%,3.0
2025-05-09 22:30:00+05:30,US,Baker Hughes Total Rigs CountMAY/09,578,584,,,3.0
2025-05-09 22:30:00+05:30,CN,M2 Money Supply YoYAPR,,7%,,7.0%,3.0
2025-05-09 22:30:00+05:30,CN,Total Social FinancingAPR,,CNY5890B,,CNY5500.0B,3.0
2025-05-09 22:30:00+05:30,US,Baker Hughes Oil Rig CountMAY/09,474,479,,,3.0
2025-05-09 22:30:00+05:30,JP,Foreign Exchange ReservesAPR,,$1272.5B,,,3.0
2025-05-09 22:30:00+05:30,CN,New Yuan LoansAPR,,CNY3640B,,CNY1000.0B,3.0
2025-05-10 05:15:00+05:30,EA,ECB Schnabel Speech,,,,,3.0
2025-05-10 05:15:00+05:30,US,Fed Cook Speech,,,,,2.0
2025-05-10 05:15:00+05:30,US,Fed Hammack Speech,,,,,2.0
2025-05-10 05:15:00+05:30,US,Fed Musalem Speech,,,,,2.0
2025-05-10 07:00:00+05:30,CN,Inflation Rate YoYAPR,-0.1%,-0.1%,-0.1%,0.0%,1.0
2025-05-10 07:00:00+05:30,CN,PPI YoYAPR,-2.7%,-2.5%,-2.6%,-2.3%,2.0
2025-05-10 07:00:00+05:30,CN,Inflation Rate MoMAPR,0.1%,-0.4%,,0.2%,2.0
2025-05-10 12:15:00+05:30,ID,Car Sales YoYAPR,5.0%,-5.1%,,,3.0
2025-05-11 07:00:00+05:30,SA,Industrial Production YoYMAR,,-0.2%,,1.4%,
2025-05-11 11:30:00+05:30,SA,Industrial Production YoYMAR,2.0%,0.3%,,1.4%,3.0
2025-05-11 23:30:00+05:30,SA,Industrial Production YoYMAR,,-0.2%,,1.4%,2.0
2025-05-11 23:30:00+05:30,US,Fed Barkin Speech,,,,,2.0
2025-05-12 05:20:00+05:30,EA,Eurogroup Meeting,,,,,3.0
2025-05-12 05:20:00+05:30,JP,Bank Lending YoYAPR,2.4%,2.8%,2.8%,2.8%,3.0
2025-05-12 05:20:00+05:30,JP,Current AccountMAR,¥3678.1B,¥4061B,¥3678B,¥3000.0B,2.0
2025-05-12 10:30:00+05:30,JP,Eco Watchers Survey OutlookAPR,42.7,45.2,,45.5,3.0
2025-05-12 10:30:00+05:30,JP,Eco Watchers Survey CurrentAPR,42.6,45.1,44.7,45.6,3.0
2025-05-12 10:30:00+05:30,KR,3-Year KTB Auction,,2.420%,,,3.0
2025-05-12 11:20:00+05:30,KR,3-Year KTB Auction,2.335%,2.420%,,,3.0
2025-05-12 12:30:00+05:30,TR,Auto Production YoYAPR,22.8%,-9.2%,,-7.5%,3.0
2025-05-12 12:30:00+05:30,CN,Vehicle Sales YoYAPR,9.8%,8.2%,,7%,3.0
2025-05-12 12:30:00+05:30,TR,Retail Sales MoMMAR,-1.4%,1.2%,,-0.6%,3.0
2025-05-12 12:30:00+05:30,TR,Retail Sales YoYMAR,9.2%,12.2%,,10.5%,3.0
2025-05-12 12:30:00+05:30,TR,Auto Sales YoYAPR,38.8%,6.4%,,5.8%,3.0
2025-05-12 12:30:00+05:30,EA,Eurogroup Meeting,,,,,3.0
2025-05-12 13:30:00+05:30,GB,BoE Lombardelli Speech,,,,,3.0
2025-05-12 15:00:00+05:30,EA,Eurogroup Meeting,,,,,3.0
2025-05-12 15:00:00+05:30,TR,Auto Production YoYAPR,,-9.2%,,,3.0
2025-05-12 15:00:00+05:30,TR,Auto Sales YoYAPR,,6.4%,,,3.0
2025-05-12 15:00:00+05:30,DE,12-Month Bubill Auction,,1.864%,,,3.0
2025-05-12 16:00:00+05:30,RU,Summary of the Key Rate Discussion,,,,,3.0
2025-05-12 16:00:00+05:30,IN,Inflation Rate MoMAPR,,-0.26%,,0.3%,3.0
2025-05-12 16:00:00+05:30,GB,BoE Greene Speech,,,,,2.0
2025-05-12 16:00:00+05:30,IN,Inflation Rate YoYAPR,,3.34%,3.27%,3.1%,2.0
2025-05-12 16:45:00+05:30,DE,12-Month Bubill Auction,1.873%,1.864%,,,3.0
2025-05-12 17:30:00+05:30,MX,Industrial Production MoMMAR,-0.9%,2.2%,-1.1%,0.1%,3.0
2025-05-12 17:30:00+05:30,EA,Eurogroup Meeting,,,,,3.0
2025-05-12 17:30:00+05:30,MX,Industrial Production YoYMAR,1.9%,-1.2%,1.5%,1.5%,3.0
2025-05-12 17:30:00+05:30,TR,Auto Sales YoYAPR,,6.4%,,,3.0
2025-05-12 17:30:00+05:30,TR,Auto Production YoYAPR,,-9.2%,,,3.0
2025-05-12 18:20:00+05:30,GB,BoE L Mann Speech,,,,,3.0
2025-05-12 18:30:00+05:30,TR,Auto Production YoYAPR,,-9.2%,,,3.0
2025-05-12 18:30:00+05:30,EA,Eurogroup Meeting,,,,,3.0
2025-05-12 18:30:00+05:30,FR,3-Month BTF Auction,2.057%,2.072%,,,3.0
2025-05-12 18:30:00+05:30,TR,Auto Sales YoYAPR,,6.4%,,,3.0
2025-05-12 18:30:00+05:30,FR,12-Month BTF Auction,1.985%,1.901%,,,3.0
2025-05-12 18:30:00+05:30,FR,6-Month BTF Auction,2.023%,1.982%,,,3.0
2025-05-12 19:55:00+05:30,US,Fed Kugler Speech,,,,,2.0
2025-05-12 20:00:00+05:30,US,NY Fed Treasury Purchases 4 to 6 yrs,,,$75 million,,3.0
2025-05-12 20:30:00+05:30,EA,ECB Buch Speech,,,,,3.0
2025-05-12 21:00:00+05:30,US,3-Month Bill Auction,4.3%,4.22%,,,3.0
2025-05-12 21:00:00+05:30,US,6-Month Bill Auction,4.105%,4.09%,,,3.0
2025-05-12 21:30:00+05:30,US,WASDE Report,,,,,3.0
2025-05-12 21:30:00+05:30,GB,BoE Taylor Speech,,,,,3.0
2025-05-12 23:30:00+05:30,CN,Vehicle Sales YoYAPR,,8.2%,,7%,2.0
2025-05-12 23:30:00+05:30,TR,Auto Production YoYAPR,,-9.2%,,-7.5%,2.0
2025-05-12 23:30:00+05:30,US,Monthly Budget StatementAPR,$258B,$-161B,$255B,$235.0B,2.0
2025-05-12 23:30:00+05:30,EA,Eurogroup Meeting,,,,,2.0
2025-05-12 23:30:00+05:30,ID,Car Sales YoYAPR,,-5.1%,,,2.0
2025-05-12 23:30:00+05:30,BR,BCB Focus Market Readout,,,,,2.0
2025-05-12 23:30:00+05:30,TR,Auto Sales YoYAPR,,6.4%,,5.8%,2.0
2025-05-13 04:31:00+05:30,GB,BRC Retail Sales Monitor YoYAPR,6.8%,0.9%,2.4%,1.3%,2.0
2025-05-13 05:20:00+05:30,JP,BoJ Summary of Opinions,,,,,2.0
2025-05-13 06:00:00+05:30,AU,Westpac Consumer Confidence IndexMAY,92.1,90.1,,90.5,2.0
2025-05-13 06:00:00+05:30,AU,Westpac Consumer Confidence ChangeMAY,2.2%,-6%,,2.0%,1.0
2025-05-13 07:00:00+05:30,AU,Building Permits MoM FinalMAR,-8.8%,-0.3%,-8.8%,-8.8%,3.0
2025-05-13 07:00:00+05:30,EA,ECOFIN Meeting,,,,,3.0
2025-05-13 07:00:00+05:30,AU,Private House Approvals MoM FinalMAR,-4.5%,1.0%,-4.5%,-4.5%,3.0
2025-05-13 07:00:00+05:30,AU,NAB Business ConfidenceAPR,-1,-2,,-5,1.0
2025-05-13 08:30:00+05:30,ID,Retail Sales YoYMAR,,2.0%,,3.3%,3.0
2025-05-13 09:05:00+05:30,JP,30-Year JGB Auction,2.941%,2.414%,,,3.0
2025-05-13 11:30:00+05:30,GB,Unemployment RateMAR,4.5%,4.4%,4.5%,4.40%,1.0
2025-05-13 11:30:00+05:30,GB,Average Earnings excl. Bonus (3Mo/Yr)MAR,5.6%,5.9%,5.7%,5.7%,3.0
2025-05-13 11:30:00+05:30,GB,Employment ChangeMAR,112K,206K,120K,80K,2.0
2025-05-13 11:30:00+05:30,GB,HMRC Payrolls ChangeAPR,-33K,-47K,,-90.0K,3.0
2025-05-13 11:30:00+05:30,GB,Claimant Count ChangeAPR,5.2K,-16.9K,22.3K,22.0K,3.0
2025-05-13 11:30:00+05:30,GB,Average Earnings incl. Bonus (3Mo/Yr)MAR,5.5%,5.7%,5.2%,5.3%,2.0
2025-05-13 12:30:00+05:30,TR,Current AccountMAR,$-4.087B,$-4.317B,$-3.95B,$-3.2B,3.0
2025-05-13 14:10:00+05:30,ES,9-Month Letras Auction,2%,1.919%,,,3.0
2025-05-13 14:10:00+05:30,ES,3-Month Letras Auction,1.976%,2.100%,,,3.0
2025-05-13 14:15:00+05:30,GB,BoE Pill Speech,,,,,3.0
2025-05-13 14:30:00+05:30,GB,Index-linked Treasury Gilt Auction,,,,,3.0
2025-05-13 14:30:00+05:30,DE,ZEW Economic Sentiment IndexMAY,25.2,-14.0,11.9,12.5,1.0
2025-05-13 14:30:00+05:30,DE,ZEW Current ConditionsMAY,-82,-81.2,-77,-78,3.0
2025-05-13 14:30:00+05:30,GB,20-Year Index-linked Treasury Gilt Auction,2.235%,1.732%,,,3.0
2025-05-13 14:30:00+05:30,EA,ZEW Economic Sentiment IndexMAY,11.6,-18.5,-3.5,-6,2.0
2025-05-13 14:40:00+05:30,IT,20-Year BTP Auction,4.26%,4.30%,,,3.0
2025-05-13 14:40:00+05:30,IT,7-Year BTP Auction,3.28%,3.30%,,,3.0
2025-05-13 14:40:00+05:30,IT,BTP Auction,,,,,3.0
2025-05-13 14:40:00+05:30,IT,3-Year BTP Auction,2.4%,2.44%,,,3.0
2025-05-13 14:40:00+05:30,ID,Car Sales YoYAPR,,-5.1%,,,3.0
2025-05-13 14:40:00+05:30,EA,ECOFIN Meeting,,,,,3.0
2025-05-13 15:00:00+05:30,DE,2-Year Schatz Auction,1.94%,1.67%,,,3.0
2025-05-13 15:00:00+05:30,ZA,Unemployment RateQ1,32.9%,31.9%,,32.4%,2.0
2025-05-13 15:00:00+05:30,ZA,Unemployed PersonsQ1,8.228M,7.991M,,8.3M,3.0
2025-05-13 15:30:00+05:30,ID,Car Sales YoYAPR,,-5.1%,,,3.0
2025-05-13 15:30:00+05:30,US,NFIB Business Optimism IndexAPR,95.8,97.4,94.5,93.5,3.0
2025-05-13 15:30:00+05:30,EA,ECOFIN Meeting,,,,,3.0
2025-05-13 16:00:00+05:30,IN,Inflation Rate YoYAPR,3.16%,3.34%,3.27%,3.1%,2.0
2025-05-13 16:00:00+05:30,IN,Inflation Rate MoMAPR,0.31%,-0.26%,,0.3%,3.0
2025-05-13 16:30:00+05:30,GB,BoE Benford Speech,,,,,3.0
2025-05-13 16:30:00+05:30,BR,BCB Copom Meeting Minutes,,,,,2.0
2025-05-13 18:00:00+05:30,US,Inflation Rate YoYAPR,2.3%,2.4%,2.4%,2.5%,1.0
2025-05-13 18:00:00+05:30,US,CPI s.aAPR,320.321,319.615,,320.6,2.0
2025-05-13 18:00:00+05:30,US,Core Inflation Rate MoMAPR,0.2%,0.1%,0.3%,0.2%,1.0
2025-05-13 18:00:00+05:30,US,Core Inflation Rate YoYAPR,2.8%,2.8%,2.8%,2.8%,1.0
2025-05-13 18:00:00+05:30,US,CPIAPR,320.795,319.799,320.88,321.4,2.0
2025-05-13 18:00:00+05:30,US,Inflation Rate MoMAPR,0.2%,-0.1%,0.3%,0.3%,1.0
2025-05-13 18:15:00+05:30,DE,Current AccountMAR,€34.1B,€20B,,€21.5B,3.0
2025-05-13 18:25:00+05:30,US,Redbook YoYMAY/10,5.8%,6.9%,,,3.0
2025-05-13 18:30:00+05:30,ID,Car Sales YoYAPR,,-5.1%,,,3.0
2025-05-13 18:30:00+05:30,RU,Foreign Exchange ReservesAPR,$680.3B,$647.4B,,$650.0B,3.0
2025-05-13 18:30:00+05:30,EA,ECOFIN Meeting,,,,,3.0
2025-05-13 20:30:00+05:30,GB,BoE Pill Speech,,,,,3.0
2025-05-13 20:30:00+05:30,US,Total Household DebtQ1,$18.20T,$18.04T,,,3.0
2025-05-13 20:30:00+05:30,ID,Car Sales YoYAPR,,-5.1%,,,3.0
2025-05-13 20:30:00+05:30,EA,ECOFIN Meeting,,,,,3.0
2025-05-13 21:00:00+05:30,US,52-Week Bill Auction,3.930%,3.820%,,,3.0
2025-05-13 21:00:00+05:30,EA,ECOFIN Meeting,,,,,3.0
2025-05-13 21:00:00+05:30,ID,Car Sales YoYAPR,,-5.1%,,,3.0
2025-05-14 02:00:00+05:30,US,API Crude Oil Stock ChangeMAY/09,4.287M,-4.49M,-2.4M,,2.0
2025-05-14 04:30:00+05:30,KR,Unemployment RateAPR,2.7%,2.9%,,3.0%,2.0
2025-05-14 05:20:00+05:30,JP,PPI MoMAPR,0.2%,0.4%,0.2%,0.3%,3.0
2025-05-14 05:20:00+05:30,JP,PPI YoYAPR,4.0%,4.3%,4%,4.0%,3.0
2025-05-14 07:00:00+05:30,AU,Investment Lending for HomesQ1,-0.3%,-2.5%,,0.5%,2.0
2025-05-14 07:00:00+05:30,AU,Wage Price Index QoQQ1,0.9%,0.7%,0.8%,0.8%,3.0
2025-05-14 07:00:00+05:30,AU,Wage Price Index YoYQ1,3.4%,3.2%,3.2%,3.2%,3.0
2025-05-14 07:00:00+05:30,AU,Home Loans QoQQ1,-2.5%,3.7%,,-1.2%,2.0
2025-05-14 08:30:00+05:30,ID,Retail Sales YoYMAR,5.5%,2%,,3.3%,3.0
2025-05-14 10:30:00+05:30,SG,MAS 12-Week Bill Auction,2.4%,2.45%,,,3.0
2025-05-14 10:30:00+05:30,SG,MAS 4-Week Bill Auction,2.42%,2.38%,,,3.0
2025-05-14 11:30:00+05:30,DE,Inflation Rate MoM FinalAPR,0.4%,0.3%,0.4%,0.4%,3.0
2025-05-14 11:30:00+05:30,DE,Harmonised Inflation Rate MoM FinalAPR,0.5%,0.4%,0.5%,0.5%,3.0
2025-05-14 11:30:00+05:30,DE,Inflation Rate YoY FinalAPR,2.1%,2.2%,2.1%,2.1%,3.0
2025-05-14 11:30:00+05:30,DE,Harmonised Inflation Rate YoY FinalAPR,2.2%,2.3%,2.2%,2.2%,3.0
2025-05-14 12:00:00+05:30,IN,WPI Manufacturing YoYAPR,2.62%,3.07%,,3.0%,3.0
2025-05-14 12:00:00+05:30,IN,WPI Fuel YoYAPR,-2.18%,0.2%,,0.1%,3.0
2025-05-14 12:00:00+05:30,IN,WPI Food Index YoYAPR,2.55%,4.66%,,4.1%,3.0
2025-05-14 12:00:00+05:30,IN,WPI Inflation YoYAPR,0.85%,2.05%,1.76%,1.8%,3.0
2025-05-14 12:30:00+05:30,ES,Inflation Rate YoY FinalAPR,2.2%,2.3%,2.2%,2.2%,3.0
2025-05-14 12:30:00+05:30,ES,Harmonised Inflation Rate YoY FinalAPR,2.2%,2.2%,2.2%,2.2%,3.0
2025-05-14 12:30:00+05:30,ES,Inflation Rate MoM FinalAPR,0.6%,0.1%,0.6%,0.6%,3.0
2025-05-14 12:30:00+05:30,ES,Harmonised Inflation Rate MoM FinalAPR,0.6%,0.7%,0.6%,0.6%,3.0
2025-05-14 12:30:00+05:30,ES,Core Inflation Rate YoY FinalAPR,2.4%,2%,2.4%,2.4%,3.0
2025-05-14 12:45:00+05:30,GB,BoE Breeden Speech,,,,,3.0
2025-05-14 14:30:00+05:30,CN,Total Social FinancingAPR,CNY1160B,CNY5890B,CNY1220B,CNY5500.0B,3.0
2025-05-14 14:30:00+05:30,GB,Conventional Treasury Gilt Auction,,,,,3.0
2025-05-14 14:30:00+05:30,GB,10-Year Treasury Gilt Auction,4.673%,4.638%,,,3.0
2025-05-14 14:30:00+05:30,CN,M2 Money Supply YoYAPR,8%,7%,7.3%,7.0%,3.0
2025-05-14 14:30:00+05:30,CN,Outstanding Loan Growth YoYAPR,7.2%,7.4%,7.4%,7.5%,3.0
2025-05-14 14:30:00+05:30,CN,New Yuan LoansAPR,CNY280B,CNY3640B,CNY700B,CNY1000.0B,2.0
2025-05-14 14:45:00+05:30,US,Fed Waller Speech,,,,,2.0
2025-05-14 15:00:00+05:30,DE,30-Year Bund Auction,3.12%,2.83%,,,3.0
2025-05-14 16:30:00+05:30,US,MBA Mortgage Refinance IndexMAY/09,718.1,721,,,3.0
2025-05-14 16:30:00+05:30,US,MBA 30-Year Mortgage RateMAY/09,6.86%,6.84%,,,2.0
2025-05-14 16:30:00+05:30,US,MBA Mortgage ApplicationsMAY/09,1.1%,11%,,,3.0
2025-05-14 16:30:00+05:30,US,MBA Mortgage Market IndexMAY/09,251.2,248.4,,,3.0
2025-05-14 16:30:00+05:30,US,MBA Purchase IndexMAY/09,166.5,162.8,,,3.0
2025-05-14 17:00:00+05:30,IN,M3 Money Supply YoYMAY/02,,9.6%,,,3.0
2025-05-14 18:00:00+05:30,CA,Building Permits MoMMAR,-4.1%,4.9%,-0.5%,-0.3%,3.0
2025-05-14 18:00:00+05:30,CA,New Motor Vehicle SalesMAR,189.3K,125.4K,,129.0K,3.0
2025-05-14 18:00:00+05:30,OP,OPEC Monthly Report,,,,,3.0
2025-05-14 18:10:00+05:30,EA,ECB Cipollone Speech,,,,,3.0
2025-05-14 18:40:00+05:30,US,Fed Jefferson Speech,,,,,2.0
2025-05-14 20:00:00+05:30,US,EIA Gasoline Stocks ChangeMAY/09,-1.022M,0.188M,-0.6M,,2.0
2025-05-14 20:00:00+05:30,US,EIA Cushing Crude Oil Stocks ChangeMAY/09,-1.069M,-0.74M,,,3.0
2025-05-14 20:00:00+05:30,US,EIA Crude Oil Imports ChangeMAY/09,0.422M,0.673M,,,3.0
2025-05-14 20:00:00+05:30,US,EIA Gasoline Production ChangeMAY/09,-0.327M,0.253M,,,3.0
2025-05-14 20:00:00+05:30,US,EIA Heating Oil Stocks ChangeMAY/09,0.292M,0.123M,,,3.0
2025-05-14 20:00:00+05:30,US,EIA Refinery Crude Runs ChangeMAY/09,0.33M,-0.007M,,,3.0
2025-05-14 20:00:00+05:30,US,EIA Distillate Stocks ChangeMAY/09,-3.155M,-1.107M,0.1M,,3.0
2025-05-14 20:00:00+05:30,US,EIA Distillate Fuel Production ChangeMAY/09,-0.069M,0.041M,,,3.0
2025-05-14 20:00:00+05:30,US,EIA Crude Oil Stocks ChangeMAY/09,3.454M,-2.032M,-1M,,2.0
2025-05-14 20:05:00+05:30,GB,BoE Benjamin Speech,,,,,3.0
2025-05-14 21:00:00+05:30,US,17-Week Bill Auction,4.240%,4.200%,,,3.0
2025-05-14 21:30:00+05:30,CN,New Yuan LoansAPR,,CNY3640B,CNY700B,CNY1000.0B,3.0
2025-05-14 21:30:00+05:30,OP,OPEC Monthly Report,,,,,3.0
2025-05-14 21:30:00+05:30,CN,Outstanding Loan Growth YoYAPR,,7.4%,7.4%,7.5%,3.0
2025-05-14 21:30:00+05:30,CN,Total Social FinancingAPR,,CNY5890B,CNY1220B,CNY5500.0B,3.0
2025-05-14 21:30:00+05:30,CA,2-Year Bond Auction,2.606%,2.521%,,,3.0
2025-05-14 21:30:00+05:30,CN,M2 Money Supply YoYAPR,,7%,7.3%,7.0%,3.0
2025-05-15 00:30:00+05:30,AR,Inflation Rate MoMAPR,2.8%,3.7%,3.1%,3.5%,3.0
2025-05-15 00:30:00+05:30,AR,Inflation Rate YoYAPR,47.3%,55.9%,47.7%,48.0%,3.0
2025-05-15 03:10:00+05:30,US,Fed Daly Speech,,,,,2.0
2025-05-15 04:30:00+05:30,KR,Unemployment RateAPR,,2.9%,,3.0%,2.0
2025-05-15 05:20:00+05:30,JP,Foreign Bond InvestmentMAY/03,-541.2B,435.2B,,,3.0
2025-05-15 05:20:00+05:30,JP,Stock Investment by ForeignersMAY/03,¥968,¥280.8B,,,3.0
2025-05-15 05:20:00+05:30,JP,Stock Investment by ForeignersMAY/10,¥439B,¥968,,,3.0
2025-05-15 05:20:00+05:30,JP,Foreign Bond InvestmentMAY/10,1923.2B,-541.2B,,,3.0
2025-05-15 06:30:00+05:30,AU,Consumer Inflation ExpectationsMAY,4.1%,4.2%,,3.8%,3.0
2025-05-15 07:00:00+05:30,AU,Full Time Employment ChgAPR,59.5K,12.2K,,10.0K,2.0
2025-05-15 07:00:00+05:30,AU,Employment ChangeAPR,89.0K,36.4K,20K,20K,2.0
2025-05-15 07:00:00+05:30,AU,Part Time Employment ChgAPR,29.5K,24.2K,,10.0K,3.0
2025-05-15 07:00:00+05:30,AU,Unemployment RateAPR,4.1%,4.1%,4.1%,4.1%,2.0
2025-05-15 07:00:00+05:30,AU,Participation RateAPR,67.1%,66.8%,66.8%,66.8%,3.0
2025-05-15 09:05:00+05:30,JP,5-Year JGB Auction,0.980%,0.938%,,,3.0
2025-05-15 09:30:00+05:30,ID,Exports YoYAPR,,3.16%,5.75%,4.2%,3.0
2025-05-15 09:30:00+05:30,ID,Balance of TradeAPR,,$4.33B,$2.5B,$3.1B,2.0
2025-05-15 09:30:00+05:30,ID,Imports YoYAPR,,5.34%,6.79%,5.2%,3.0
2025-05-15 11:30:00+05:30,DE,Wholesale Prices YoYAPR,0.8%,1.3%,,1.1%,2.0
2025-05-15 11:30:00+05:30,GB,Manufacturing Production MoMMAR,-0.8%,2.4%,-0.5%,-0.3%,2.0
2025-05-15 11:30:00+05:30,GB,Industrial Production MoMMAR,-0.7%,1.7%,-0.5%,-0.2%,2.0
2025-05-15 11:30:00+05:30,GB,Balance of TradeMAR,£-3.696B,£-4.856B,,£ -2.7B,3.0
2025-05-15 11:30:00+05:30,GB,GDP MoMMAR,0.2%,0.5%,0%,0.1%,1.0
2025-05-15 11:30:00+05:30,SA,Inflation Rate MoMAPR,0.3%,0.3%,0.2%,0.4%,3.0
2025-05-15 11:30:00+05:30,GB,Goods Trade Balance Non-EUMAR,£-6.83B,£-8.85B,,£-8.5B,2.0
2025-05-15 11:30:00+05:30,GB,Industrial Production YoYMAR,-0.7%,0.4%,-0.9%,-0.4%,3.0
2025-05-15 11:30:00+05:30,GB,GDP 3-Month AvgMAR,0.7%,0.6%,0.6%,0.6%,2.0
2025-05-15 11:30:00+05:30,GB,Goods Trade BalanceMAR,£-19.87B,£-20.96B,£-19.4B,£ -19.4B,2.0
2025-05-15 11:30:00+05:30,GB,Business Investment QoQ PrelQ1,5.9%,-1.9%,0.4%,0.70,2.0
2025-05-15 11:30:00+05:30,DE,Wholesale Prices MoMAPR,-0.1%,-0.2%,0.2%,0.2%,2.0
2025-05-15 11:30:00+05:30,SA,Inflation Rate YoYAPR,2.3%,2.3%,2.2%,2.4%,3.0
2025-05-15 11:30:00+05:30,GB,GDP YoYMAR,1.1%,1.4%,1%,0.8%,3.0
2025-05-15 11:30:00+05:30,SA,Wholesale Prices YoYAPR,2.0%,1.5%,,1.6%,3.0
2025-05-15 11:30:00+05:30,JP,Machine Tool Orders YoYAPR,7.7%,11.4%,,11.7%,3.0
2025-05-15 11:30:00+05:30,GB,Manufacturing Production YoYMAR,-0.8%,0.5%,-0.5%,-0.2%,3.0
2025-05-15 11:30:00+05:30,GB,Construction Orders YoYQ1,10.5%,-0.2%,,4.5%,3.0
2025-05-15 11:30:00+05:30,GB,GDP Growth Rate QoQ PrelQ1,0.7%,0.1%,0.6%,0.6%,1.0
2025-05-15 11:30:00+05:30,GB,Construction Output YoYMAR,1.4%,1.4%,1.2%,1.0%,3.0
2025-05-15 11:30:00+05:30,GB,GDP Growth Rate YoY PrelQ1,1.3%,1.5%,1.2%,0.9%,1.0
2025-05-15 11:30:00+05:30,GB,Business Investment YoY PrelQ1,8.1%,1.8%,,2.0%,3.0
2025-05-15 12:15:00+05:30,FR,Inflation Rate MoM FinalAPR,0.6%,0.2%,0.5%,0.5%,3.0
2025-05-15 12:15:00+05:30,FR,Harmonised Inflation Rate MoM FinalAPR,0.7%,0.2%,0.6%,0.6%,3.0
2025-05-15 12:15:00+05:30,SA,Wholesale Prices YoYAPR,,1.5%,,,3.0
2025-05-15 12:15:00+05:30,FR,Harmonised Inflation Rate YoY FinalAPR,0.9%,0.9%,0.8%,0.8%,3.0
2025-05-15 12:15:00+05:30,SA,Inflation Rate YoYAPR,,2.3%,,,3.0
2025-05-15 12:15:00+05:30,SA,Inflation Rate MoMAPR,,0.3%,,,3.0
2025-05-15 12:15:00+05:30,FR,Inflation Rate YoY FinalAPR,0.8%,0.8%,0.8%,0.8%,3.0
2025-05-15 12:30:00+05:30,EA,ECB Cipollone Speech,,,,,3.0
2025-05-15 13:20:00+05:30,EA,ECB Elderson Speech,,,,,3.0
2025-05-15 13:30:00+05:30,FR,IEA Oil Market Report,,,,,2.0
2025-05-15 13:30:00+05:30,TR,Budget BalanceAPR,TRY-174.7B,TRY-261.5B,,TRY-200.0B,3.0
2025-05-15 13:45:00+05:30,IN,Passenger Vehicles Sales YoYAPR,5.5%,3.7%,,,3.0
2025-05-15 14:00:00+05:30,TR,Budget BalanceAPR,,TRY-261.5B,,,3.0
2025-05-15 14:00:00+05:30,IN,ExportsAPR,,,,,3.0
2025-05-15 14:00:00+05:30,IN,Passenger Vehicles Sales YoYAPR,,3.7%,,,3.0
2025-05-15 14:00:00+05:30,GB,Labour Productivity QoQ FinalQ4,0.7%,-1.2%,0.7%,0.7%,3.0
2025-05-15 14:00:00+05:30,SA,Inflation Rate YoYAPR,,2.3%,,,3.0
2025-05-15 14:00:00+05:30,SA,Inflation Rate MoMAPR,,0.3%,,,3.0
2025-05-15 14:00:00+05:30,SA,Wholesale Prices YoYAPR,,1.5%,,,3.0
2025-05-15 14:00:00+05:30,GB,Labour Productivity QoQ PrelQ1,0.2%,0.7%,,,3.0
2025-05-15 14:00:00+05:30,IN,Balance of TradeAPR,,$-21.54B,,,3.0
2025-05-15 14:00:00+05:30,IN,ImportsAPR,,,,,3.0
2025-05-15 14:30:00+05:30,TR,Budget BalanceAPR,,TRY-261.5B,,,3.0
2025-05-15 14:30:00+05:30,SA,Inflation Rate YoYAPR,,2.3%,,,3.0
2025-05-15 14:30:00+05:30,IN,ImportsAPR,,,,,3.0
2025-05-15 14:30:00+05:30,EA,Industrial Production YoYMAR,3.6%,1%,2.5%,2.2%,3.0
2025-05-15 14:30:00+05:30,SA,Wholesale Prices YoYAPR,,1.5%,,,3.0
2025-05-15 14:30:00+05:30,IN,ExportsAPR,,,,,3.0
2025-05-15 14:30:00+05:30,IN,Balance of TradeAPR,,$-21.54B,,,3.0
2025-05-15 14:30:00+05:30,EA,Employment Change YoY PrelQ1,0.8%,0.8%,0.8%,0.8%,2.0
2025-05-15 14:30:00+05:30,IN,Passenger Vehicles Sales YoYAPR,,3.7%,,,3.0
2025-05-15 14:30:00+05:30,EA,Employment Change QoQ PrelQ1,0.3%,0.1%,0.1%,0.2%,2.0
2025-05-15 14:30:00+05:30,SA,Inflation Rate MoMAPR,,0.3%,,,3.0
2025-05-15 14:30:00+05:30,EA,GDP Growth Rate QoQ 2nd EstQ1,0.3%,0.2%,0.4%,0.4%,3.0
2025-05-15 14:30:00+05:30,EA,GDP Growth Rate YoY 2nd EstQ1,1.2%,1.2%,1.2%,1.2%,3.0
2025-05-15 14:30:00+05:30,EA,Industrial Production MoMMAR,2.6%,1.1%,1.8%,1.5%,2.0
2025-05-15 15:00:00+05:30,SA,Wholesale Prices YoYAPR,,1.5%,,,3.0
2025-05-15 15:00:00+05:30,ZA,Gold Production YoYMAR,-11.1%,-7.6%,,-5.8%,3.0
2025-05-15 15:00:00+05:30,SA,Inflation Rate YoYAPR,,2.3%,,,3.0
2025-05-15 15:00:00+05:30,ZA,Mining Production MoMMAR,3.5%,-4.1%,,-3.7%,3.0
2025-05-15 15:00:00+05:30,SA,Inflation Rate MoMAPR,,0.3%,,,3.0
2025-05-15 15:00:00+05:30,IN,Passenger Vehicles Sales YoYAPR,,3.7%,,,3.0
2025-05-15 15:00:00+05:30,IN,ImportsAPR,,,,,3.0
2025-05-15 15:00:00+05:30,ZA,Mining Production YoYMAR,-2.8%,-9.7%,,-7.0%,3.0
2025-05-15 15:00:00+05:30,IN,ExportsAPR,,,,,3.0
2025-05-15 15:00:00+05:30,TR,Budget BalanceAPR,,TRY-261.5B,,,3.0
2025-05-15 15:00:00+05:30,IN,Balance of TradeAPR,,$-21.54B,,,3.0
2025-05-15 15:45:00+05:30,EA,ECB Guindos Speech,,,,,3.0
2025-05-15 16:30:00+05:30,CA,CFIB Business BarometerMAY,,34.8,,34.6,3.0
2025-05-15 17:00:00+05:30,EA,ECB Cipollone Speech,,,,,3.0
2025-05-15 17:00:00+05:30,TR,Foreign Exchange ReservesMAY/09,$61.22B,$57.58B,,,3.0
2025-05-15 17:00:00+05:30,IN,M3 Money Supply YoYMAY/02,9.5%,9.6%,,,3.0
2025-05-15 17:30:00+05:30,BR,Retail Sales MoMMAR,0.8%,0.7%,1%,0.7%,2.0
2025-05-15 17:30:00+05:30,BR,Retail Sales YoYMAR,-1%,1.6%,-0.5%,-0.3%,3.0
2025-05-15 17:30:00+05:30,GB,NIESR Monthly GDP TrackerAPR,0.6%,0.7%,,0.7%,3.0
2025-05-15 17:45:00+05:30,CA,Housing StartsAPR,278.6K,214.2K,227.5K,212.0K,2.0
2025-05-15 18:00:00+05:30,IN,ExportsAPR,,,,,3.0
2025-05-15 18:00:00+05:30,US,Continuing Jobless ClaimsMAY/03,1881K,1872K,1890K,1875.0K,3.0
2025-05-15 18:00:00+05:30,US,PPI MoMAPR,-0.5%,0%,0.2%,0.2%,1.0
2025-05-15 18:00:00+05:30,US,PPIAPR,147.677,148.374,,147.76,3.0
2025-05-15 18:00:00+05:30,TR,Budget BalanceAPR,,TRY-261.5B,,,3.0
2025-05-15 18:00:00+05:30,US,PPI YoYAPR,2.4%,3.4%,2.5%,2.6%,3.0
2025-05-15 18:00:00+05:30,US,NY Empire State Manufacturing IndexMAY,-9.20,-8.10,-10,-9.6,2.0
2025-05-15 18:00:00+05:30,US,Philly Fed CAPEX IndexMAY,27.00,2.00,,,3.0
2025-05-15 18:00:00+05:30,US,Jobless Claims 4-week AverageMAY/10,230.5K,227.25K,,225.0K,3.0
2025-05-15 18:00:00+05:30,US,Retail Sales Control Group MoMAPR,-0.2%,0.5%,0.3%,0.0%,2.0
2025-05-15 18:00:00+05:30,US,Retail Sales Ex Gas/Autos MoMAPR,0.2%,1.1%,,-0.3%,3.0
2025-05-15 18:00:00+05:30,US,Retail Sales Ex Autos MoMAPR,0.1%,0.8%,0.3%,0.1%,2.0
2025-05-15 18:00:00+05:30,US,Philly Fed Business ConditionsMAY,47.2,6.9,,,3.0
2025-05-15 18:00:00+05:30,IN,Balance of TradeAPR,,$-21.54B,,,3.0
2025-05-15 18:00:00+05:30,IN,ImportsAPR,,,,,3.0
2025-05-15 18:00:00+05:30,IN,Passenger Vehicles Sales YoYAPR,,3.7%,,,3.0
2025-05-15 18:00:00+05:30,US,Philly Fed Prices PaidMAY,59.80,51.00,,,3.0
2025-05-15 18:00:00+05:30,US,Core PPI MoMAPR,-0.4%,0.4%,0.3%,0.1%,2.0
2025-05-15 18:00:00+05:30,US,Initial Jobless ClaimsMAY/10,229K,229K,229K,220.0K,2.0
2025-05-15 18:00:00+05:30,US,Philly Fed EmploymentMAY,16.5,0.2,,,3.0
2025-05-15 18:00:00+05:30,US,Core PPI YoYAPR,3.1%,4%,3.1%,3.3%,3.0
2025-05-15 18:00:00+05:30,US,Philadelphia Fed Manufacturing IndexMAY,-4,-26.4,-11,-10,2.0
2025-05-15 18:00:00+05:30,SA,Wholesale Prices YoYAPR,,1.5%,,,3.0
2025-05-15 18:00:00+05:30,SA,Inflation Rate YoYAPR,,2.3%,,,3.0
2025-05-15 18:00:00+05:30,US,Philly Fed New OrdersMAY,7.5,-34.2,,,3.0
2025-05-15 18:00:00+05:30,CA,Manufacturing Sales MoM FinalMAR,-1.4%,-0.2%,-1.9%,-1.9%,3.0
2025-05-15 18:00:00+05:30,US,"PPI Ex Food, Energy and Trade YoYAPR",2.9%,3.5%,,3.4%,3.0
2025-05-15 18:00:00+05:30,US,Retail Sales MoMAPR,0.1%,1.7%,0%,-0.1%,1.0
2025-05-15 18:00:00+05:30,CA,Wholesale Sales MoM FinalMAR,0.2%,0.3%,-0.3%,-0.3%,3.0
2025-05-15 18:00:00+05:30,SA,Inflation Rate MoMAPR,,0.3%,,,3.0
2025-05-15 18:00:00+05:30,US,Retail Sales YoYAPR,5.2%,5.2%,,1.1%,3.0
2025-05-15 18:00:00+05:30,US,"PPI Ex Food, Energy and Trade MoMAPR",-0.1%,0.2%,,0.1%,3.0
2025-05-15 18:10:00+05:30,US,Fed Chair Powell Speech,,,,,2.0
2025-05-15 18:20:00+05:30,IN,Balance of TradeAPR,$-26.42B,$-21.54B,,$-20.0B,2.0
2025-05-15 18:20:00+05:30,IN,ImportsAPR,$64.91B,$63.51B,,,3.0
2025-05-15 18:20:00+05:30,IN,ExportsAPR,$38.49B,$41.97B,,,3.0
2025-05-15 18:45:00+05:30,US,Capacity UtilizationAPR,77.7%,77.8%,77.8%,77.8%,3.0
2025-05-15 18:45:00+05:30,IN,ImportsAPR,,,,,3.0
2025-05-15 18:45:00+05:30,IN,Balance of TradeAPR,,$-21.54B,,,3.0
2025-05-15 18:45:00+05:30,SA,Inflation Rate YoYAPR,,2.3%,,,3.0
2025-05-15 18:45:00+05:30,SA,Wholesale Prices YoYAPR,,1.5%,,,3.0
2025-05-15 18:45:00+05:30,IN,ExportsAPR,,,,,3.0
2025-05-15 18:45:00+05:30,US,Manufacturing Production YoYAPR,1.2%,0.9%,,0.8%,3.0
2025-05-15 18:45:00+05:30,US,Industrial Production YoYAPR,1.5%,1.3%,,0.9%,3.0
2025-05-15 18:45:00+05:30,US,Industrial Production MoMAPR,0%,-0.3%,0.2%,-0.1%,2.0
2025-05-15 18:45:00+05:30,TR,Budget BalanceAPR,,TRY-261.5B,,,3.0
2025-05-15 18:45:00+05:30,SA,Inflation Rate MoMAPR,,0.3%,,,3.0
2025-05-15 18:45:00+05:30,IN,Passenger Vehicles Sales YoYAPR,,3.7%,,,3.0
2025-05-15 18:45:00+05:30,US,Manufacturing Production MoMAPR,-0.4%,0.4%,-0.2%,-0.2%,3.0
2025-05-15 19:30:00+05:30,US,Business Inventories MoMMAR,0.1%,0.2%,0.2%,0.1%,2.0
2025-05-15 19:30:00+05:30,US,Retail Inventories Ex Autos MoMMAR,0.4%,0.1%,0.4%,0.1%,3.0
2025-05-15 19:30:00+05:30,SA,Wholesale Prices YoYAPR,,1.5%,,,3.0
2025-05-15 19:30:00+05:30,GB,BoE Dhingra Speech,,,,,3.0
2025-05-15 19:30:00+05:30,US,NAHB Housing Market IndexMAY,34,40,40,40,2.0
2025-05-15 19:30:00+05:30,BR,Business ConfidenceMAY,48.9,48,,47.5,2.0
2025-05-15 19:30:00+05:30,IN,Balance of TradeAPR,,$-21.54B,,,3.0
2025-05-15 19:30:00+05:30,IN,ExportsAPR,,,,,3.0
2025-05-15 19:30:00+05:30,IN,ImportsAPR,,,,,3.0
2025-05-15 19:30:00+05:30,IN,Passenger Vehicles Sales YoYAPR,,3.7%,,,3.0
2025-05-15 19:30:00+05:30,SA,Inflation Rate MoMAPR,,0.3%,,,3.0
2025-05-15 19:30:00+05:30,TR,Budget BalanceAPR,,TRY-261.5B,,,3.0
2025-05-15 19:30:00+05:30,SA,Inflation Rate YoYAPR,,2.3%,,,3.0
2025-05-15 20:00:00+05:30,US,EIA Natural Gas Stocks ChangeMAY/09,110Bcf,104Bcf,110Bcf,,3.0
2025-05-15 21:00:00+05:30,US,4-Week Bill Auction,4.22%,4.225%,,,3.0
2025-05-15 21:00:00+05:30,US,8-Week Bill Auction,4.235%,4.225%,,,3.0
2025-05-15 21:30:00+05:30,US,15-Year Mortgage RateMAY/15,5.92%,5.89%,,,3.0
2025-05-15 21:30:00+05:30,SA,Inflation Rate MoMAPR,,0.3%,,0.4%,3.0
2025-05-15 21:30:00+05:30,IN,ImportsAPR,,$63.51B,,,3.0
2025-05-15 21:30:00+05:30,IN,Balance of TradeAPR,,$-21.54B,,$-20.0B,3.0
2025-05-15 21:30:00+05:30,US,NOPA Crush Report,,,,,3.0
2025-05-15 21:30:00+05:30,SA,Wholesale Prices YoYAPR,,1.5%,,1.6%,3.0
2025-05-15 21:30:00+05:30,IN,ExportsAPR,,$41.97B,,,3.0
2025-05-15 21:30:00+05:30,US,30-Year Mortgage RateMAY/15,6.81%,6.76%,,,3.0
2025-05-15 21:30:00+05:30,IN,Passenger Vehicles Sales YoYAPR,,3.7%,,,3.0
2025-05-15 21:30:00+05:30,TR,Budget BalanceAPR,,TRY-261.5B,,TRY-200.0B,3.0
2025-05-15 21:30:00+05:30,SA,Inflation Rate YoYAPR,,2.3%,,2.4%,3.0
2025-05-15 23:35:00+05:30,IN,ExportsAPR,$38.49B,$41.97B,,,2.0
2025-05-15 23:35:00+05:30,IN,Passenger Vehicles Sales YoYAPR,,3.7%,,,2.0
2025-05-15 23:35:00+05:30,IN,ImportsAPR,,$63.51B,,,2.0
2025-05-15 23:35:00+05:30,SA,Inflation Rate YoYAPR,,2.3%,2.2%,2.4%,2.0
2025-05-15 23:35:00+05:30,SA,Inflation Rate MoMAPR,,0.3%,0.2%,0.4%,2.0
2025-05-15 23:35:00+05:30,SA,Wholesale Prices YoYAPR,,1.5%,,1.6%,2.0
2025-05-15 23:35:00+05:30,TR,Budget BalanceAPR,,TRY-261.5B,,TRY-200.0B,2.0
2025-05-15 23:35:00+05:30,US,Fed Barr Speech,,,,,2.0
2025-05-15 23:35:00+05:30,IN,Balance of TradeAPR,,$-21.54B,,$-20.0B,2.0
2025-05-16 00:30:00+05:30,MX,Interest Rate Decision,8.5%,9%,8.5%,8.5%,2.0
2025-05-16 02:00:00+05:30,US,Fed Balance SheetMAY/14,$6.71T,$6.71T,,,3.0
2025-05-16 02:30:00+05:30,KR,Export Prices YoYAPR,0.7%,6.3%,,6.0%,3.0
2025-05-16 02:30:00+05:30,KR,Import Prices YoYAPR,-2.3%,3.4%,,3.2%,3.0
2025-05-16 05:20:00+05:30,JP,GDP External Demand QoQ PrelQ1,-0.8%,0.7%,-0.6%,-0.4%,3.0
2025-05-16 05:20:00+05:30,JP,GDP Growth Annualized PrelQ1,-0.7%,2.4%,-0.2%,-0.1%,2.0
2025-05-16 05:20:00+05:30,JP,GDP Growth Rate QoQ PrelQ1,-0.2%,0.6%,-0.1%,0%,1.0
2025-05-16 05:20:00+05:30,JP,GDP Price Index YoY PrelQ1,3.3%,2.9%,3.2%,3%,3.0
2025-05-16 05:20:00+05:30,JP,GDP Private Consumption QoQ PrelQ1,0%,0.0%,0.1%,0%,3.0
2025-05-16 05:20:00+05:30,JP,GDP Capital Expenditure QoQ PrelQ1,1.4%,0.8%,0.8%,0.8%,3.0
2025-05-16 06:00:00+05:30,SG,Non-Oil Exports YoYAPR,12.4%,5.4%,4%,5.1%,3.0
2025-05-16 06:00:00+05:30,SG,Non-Oil Exports MoMAPR,10.4%,-7.5%,,2.0%,3.0
2025-05-16 07:00:00+05:30,SG,Balance of TradeAPR,$14.20B,$5.35B,,$5.0B,3.0
2025-05-16 08:30:00+05:30,ID,Property Price Index YoYQ1,,1.39%,,1.6%,3.0
2025-05-16 09:05:00+05:30,JP,3-Month Bill Auction,0.3677%,0.3979%,,,3.0
2025-05-16 09:30:00+05:30,JP,BoJ Nakamura Speech,,,,,2.0
2025-05-16 10:00:00+05:30,JP,Industrial Production YoY FinalMAR,1.0%,0.1%,,-0.3%,3.0
2025-05-16 10:00:00+05:30,JP,Industrial Production MoM FinalMAR,0.2%,2.3%,-1.1%,-1.1%,3.0
2025-05-16 10:00:00+05:30,JP,Capacity Utilization MoMMAR,-2.4%,-1.1%,,0.3%,3.0
2025-05-16 10:30:00+05:30,KR,50-Year KTB Auction,,2.415%,,,3.0
2025-05-16 11:00:00+05:30,FR,Unemployment RateQ1,7.4%,7.3%,7.4%,7.4%,2.0
2025-05-16 11:10:00+05:30,KR,50-Year KTB Auction,2.480%,2.415%,,,3.0
2025-05-16 13:00:00+05:30,EA,ECB Cipollone Speech,,,,,3.0
2025-05-16 13:30:00+05:30,IT,Harmonised Inflation Rate MoM FinalAPR,0.4%,1.6%,0.5%,0.5%,3.0
2025-05-16 13:30:00+05:30,IT,Harmonised Inflation Rate YoY FinalAPR,2%,2.1%,2.1%,2.1%,3.0
2025-05-16 13:30:00+05:30,IT,Inflation Rate YoY FinalAPR,1.9%,1.9%,2%,2.0%,3.0
2025-05-16 13:30:00+05:30,IT,Inflation Rate MoM FinalAPR,0.1%,0.3%,0.2%,0.2%,3.0
2025-05-16 14:30:00+05:30,IT,Balance of TradeMAR,€3.657B,€4.444B,€5.2B,€ 4.4B,2.0
2025-05-16 14:30:00+05:30,EA,Balance of TradeMAR,€36.8B,€24.8B,,€ 25B,2.0
2025-05-16 17:00:00+05:30,IN,Foreign Exchange ReservesMAY/09,$690.62B,$686.06B,,,3.0
2025-05-16 18:00:00+05:30,US,Building Permits PrelAPR,1.412M,1.481M,1.450M,1.45M,1.0
2025-05-16 18:00:00+05:30,US,Export Prices MoMAPR,0.1%,0.1%,-0.5%,-0.2%,2.0
2025-05-16 18:00:00+05:30,US,Building Permits MoM PrelAPR,-4.7%,1.9%,,-1.2%,2.0
2025-05-16 18:00:00+05:30,US,Import Prices YoYAPR,0.1%,0.8%,,1%,3.0
2025-05-16 18:00:00+05:30,CA,Foreign Securities PurchasesMAR,C$-4.23B,C$-10.45B,C$5.2B,,3.0
2025-05-16 18:00:00+05:30,CA,Foreign Securities Purchases by CanadiansMAR,C$15.63B,C$23.86B,,,3.0
2025-05-16 18:00:00+05:30,US,Housing StartsAPR,1.361M,1.339M,1.37M,1.31M,1.0
2025-05-16 18:00:00+05:30,US,Export Prices YoYAPR,2%,2.6%,,2%,3.0
2025-05-16 18:00:00+05:30,US,Housing Starts MoMAPR,1.6%,-10.1%,,-1%,2.0
2025-05-16 18:00:00+05:30,US,Import Prices MoMAPR,0.1%,-0.4%,-0.4%,-0.3%,2.0
2025-05-16 18:30:00+05:30,RU,Balance of TradeMAR,$11.76B,$10.5B,,$ 12.0B,3.0
2025-05-16 19:30:00+05:30,US,Michigan Current Conditions PrelMAY,57.6,59.8,59.6,59.5,3.0
2025-05-16 19:30:00+05:30,US,Michigan Consumer Expectations PrelMAY,46.5,47.3,48,47.7,3.0
2025-05-16 19:30:00+05:30,US,Michigan Inflation Expectations PrelMAY,7.3%,6.5%,,6.6%,3.0
2025-05-16 19:30:00+05:30,US,Michigan 5 Year Inflation Expectations PrelMAY,4.6%,4.4%,,4.5%,3.0
2025-05-16 19:30:00+05:30,US,Michigan Consumer Sentiment PrelMAY,50.8,52.2,53.4,52.5,1.0
2025-05-16 20:00:00+05:30,CA,Senior Loan Officer Survey,,,,,2.0
2025-05-16 20:30:00+05:30,EA,ECB Lane Speech,,,,,3.0
2025-05-16 21:30:00+05:30,RU,GDP Growth Rate YoY PrelQ1,1.4%,3.3%,,2.2%,2.0
2025-05-16 21:30:00+05:30,RU,Inflation Rate MoMAPR,0.4%,0.7%,0.5%,0.3%,2.0
2025-05-16 21:30:00+05:30,RU,Inflation Rate YoYAPR,10.2%,10.3%,,10.5%,2.0
2025-05-16 22:30:00+05:30,US,Baker Hughes Oil Rig CountMAY/16,473,474,,,3.0
2025-05-16 22:30:00+05:30,IN,Balance of TradeAPR,,$-21.54B,,$-20.0B,3.0
2025-05-16 22:30:00+05:30,IN,ImportsAPR,$64.91B,$63.51B,,,3.0
2025-05-16 22:30:00+05:30,IN,ExportsAPR,,$41.97B,,,3.0
2025-05-16 22:30:00+05:30,US,Baker Hughes Total Rigs CountMAY/16,576,578,,,3.0
2025-05-17 01:30:00+05:30,US,Overall Net Capital FlowsMAR,$254.3B,$248.9B,,,3.0
2025-05-17 01:30:00+05:30,US,Foreign Bond InvestmentMAR,$123.3B,$106.2B,,,3.0
2025-05-17 01:30:00+05:30,US,Net Long-term TIC FlowsMAR,$161.8B,$112.9B,$44.2B,,2.0
2025-05-19 02:50:00+05:30,US,Fed Williams Speech,,,,,2.0
2025-05-19 07:00:00+05:30,CN,House Price Index YoYAPR,-4%,-4.5%,,-4.3%,2.0
2025-05-19 07:30:00+05:30,CN,Unemployment RateAPRIL,5.1%,5.2%,5.2%,5.2%,3.0
2025-05-19 07:30:00+05:30,CN,Fixed Asset Investment (YTD) YoYAPR,4%,4.2%,4.2%,4.6%,2.0
2025-05-19 07:30:00+05:30,CN,Retail Sales YoYAPR,5.1%,5.9%,5.5%,5.6%,1.0
2025-05-19 07:30:00+05:30,CN,Industrial Production YoYAPR,6.1%,7.7%,5.5%,6.2%,1.0
2025-05-19 09:05:00+05:30,JP,52-Week Bill Auction,0.5702%,0.5292%,,,3.0
2025-05-19 10:00:00+05:30,JP,Tertiary Industry Index MoMMAR,-0.3%,0.5%,-0.2%,-0.3%,3.0
2025-05-19 10:30:00+05:30,KR,10-Year KTB Auction,,2.700%,,,3.0
2025-05-19 11:15:00+05:30,KR,10-Year KTB Auction,2.695%,2.700%,,,3.0
2025-05-19 13:30:00+05:30,ES,Balance of TradeMAR,€-5.48B,€-3.42B,,€ -2.4B,2.0
2025-05-19 14:30:00+05:30,EA,CPI FinalAPR,128.77,128.04,128.76,128.76,3.0
2025-05-19 14:30:00+05:30,EA,Inflation Rate MoM FinalAPR,0.6%,0.6%,0.6%,0.6%,3.0
2025-05-19 14:30:00+05:30,EA,Inflation Rate YoY FinalAPR,2.2%,2.2%,2.2%,2.2%,3.0
2025-05-19 14:30:00+05:30,EA,Core Inflation Rate YoY FinalAPR,2.7%,2.4%,2.7%,2.7%,3.0
2025-05-19 14:30:00+05:30,EU,European Commission Spring Forecasts,,,,,2.0
2025-05-19 15:00:00+05:30,DE,9-Month Bubill Auction,1.8829%,1.7891%,,,3.0
2025-05-19 15:00:00+05:30,DE,3-Month Bubill Auction,1.7851%,1.903%,,,3.0
2025-05-19 15:15:00+05:30,EU,6-Year Bond Auction,2.729%,2.330%,,,3.0
2025-05-19 15:15:00+05:30,EU,EU Bond Auction,,,,,3.0
2025-05-19 15:15:00+05:30,EU,3-Year Bond Auction,2.307%,2.329%,,,3.0
2025-05-19 15:15:00+05:30,EU,9-Year Bond Auction,3.007%,2.984%,,,3.0
2025-05-19 17:30:00+05:30,BR,IBC-BR Economic ActivityMAR,0.8%,0.4%,0.5%,0.3%,3.0
2025-05-19 18:00:00+05:30,US,Fed Bostic Speech,,,,,2.0
2025-05-19 18:15:00+05:30,US,Fed Williams Speech,,,,,2.0
2025-05-19 18:15:00+05:30,US,Fed Jefferson Speech,,,,,2.0
2025-05-19 18:30:00+05:30,FR,6-Month BTF Auction,2.011%,2.023%,,,3.0
2025-05-19 18:30:00+05:30,FR,3-Month BTF Auction,2.042%,2.057%,,,3.0
2025-05-19 18:30:00+05:30,FR,12-Month BTF Auction,1.947%,1.985%,,,3.0
2025-05-19 19:30:00+05:30,US,CB Leading Index MoMAPR,-1%,-0.8%,-0.9%,-0.6%,3.0
2025-05-19 21:00:00+05:30,US,3-Month Bill Auction,4.285%,4.3%,,,3.0
2025-05-19 21:00:00+05:30,US,6-Month Bill Auction,4.140%,4.105%,,,3.0
2025-05-19 21:00:00+05:30,BR,BCB Focus Market Readout,,,,,3.0
2025-05-19 21:30:00+05:30,RU,PPI YoYAPR,,5.9%,,5.7%,3.0
2025-05-19 21:30:00+05:30,BR,BCB Focus Market Readout,,,,,3.0
2025-05-19 21:30:00+05:30,RU,PPI MoMAPR,,-1.5%,,1.1%,3.0
2025-05-19 22:45:00+05:30,US,Fed Logan Speech,,,,,2.0
2025-05-19 23:00:00+05:30,BR,BCB Focus Market Readout,,,,,2.0
2025-05-19 23:00:00+05:30,KR,10-Year KTB Auction,,2.700%,,,2.0
2025-05-19 23:00:00+05:30,US,Fed Kashkari Speech,,,,,2.0
2025-05-20 06:45:00+05:30,CN,Loan Prime Rate 1Y,3.0%,3.1%,3%,3.0%,2.0
2025-05-20 06:45:00+05:30,CN,Loan Prime Rate 5YMAY,3.5%,3.6%,3.5%,3.5%,2.0
2025-05-20 08:30:00+05:30,ID,Current AccountQ1,,$-1.1B,,$ -1.2B,3.0
2025-05-20 09:05:00+05:30,JP,20-Year JGB Auction,2.453%,2.349%,,,3.0
2025-05-20 10:00:00+05:30,AU,RBA Interest Rate Decision,3.85%,4.1%,3.85%,3.85%,1.0
2025-05-20 10:30:00+05:30,SG,MAS 4-Week Bill Auction,2.32%,2.42%,,,3.0
2025-05-20 10:30:00+05:30,SG,MAS 12-Week Bill Auction,2.28%,2.4%,,,3.0
2025-05-20 11:00:00+05:30,AU,RBA Press Conference,,,,,2.0
2025-05-20 11:30:00+05:30,DE,PPI MoMAPR,-0.6%,-0.7%,-0.3%,-0.3%,3.0
2025-05-20 11:30:00+05:30,DE,PPI YoYAPR,-0.9%,-0.2%,-0.6%,-0.7%,2.0
2025-05-20 12:00:00+05:30,AU,RBA Press Conference,,,,,2.0
2025-05-20 12:30:00+05:30,TR,Consumer ConfidenceMAY,84.8,83.9,,83.5,2.0
2025-05-20 12:50:00+05:30,ID,Loan Growth YoYAPR,,9.16%,,9.0%,3.0
2025-05-20 13:30:00+05:30,IT,Construction Output YoYMAR,4.1%,3.6%,,4.5%,3.0
2025-05-20 13:30:00+05:30,GB,BoE Pill Speech,,,,,3.0
2025-05-20 13:30:00+05:30,EA,Current AccountMAR,€60.1B,€38.6B,,€ 27B,3.0
2025-05-20 13:30:00+05:30,EA,Current Account s.aMAR,€50.9B,€40.6B,€35.9B,€30.6B,3.0
2025-05-20 14:30:00+05:30,IT,Current AccountMAR,€1644M,€1615M,,€ 1510M,3.0
2025-05-20 14:30:00+05:30,EA,Construction Output YoYMAR,-1.1%,-0.6%,,1.1%,3.0
2025-05-20 14:30:00+05:30,EA,Labour Cost Index YoY FlashQ1,3.2%,3.7%,,,3.0
2025-05-20 15:00:00+05:30,ES,Consumer ConfidenceAPR,,79.6,,,3.0
2025-05-20 15:00:00+05:30,DE,10-Year Bund/g Auction,2.13%,2.62%,,,3.0
2025-05-20 15:00:00+05:30,DE,30-Year Bund/g Auction,3.01%,2.73%,,,3.0
2025-05-20 15:00:00+05:30,DE,Bund/g Auction,,,,,3.0
2025-05-20 15:25:00+05:30,EA,ECB Donnery Speech,,,,,3.0
2025-05-20 15:30:00+05:30,EA,ECB Cipollone Speech,,,,,3.0
2025-05-20 17:00:00+05:30,IN,Infrastructure Output YoYAPR,0.5%,4.6%,,4.2%,3.0
2025-05-20 17:20:00+05:30,EA,ECB Buch Speech,,,,,3.0
2025-05-20 18:00:00+05:30,ES,Consumer ConfidenceAPR,,79.6,,,3.0
2025-05-20 18:00:00+05:30,CA,Inflation Rate MoMAPR,-0.1%,0.3%,-0.2%,-0.2%,2.0
2025-05-20 18:00:00+05:30,CA,CPI Trimmed-Mean YoYAPR,3.1%,2.9%,2.9%,2.8%,3.0
2025-05-20 18:00:00+05:30,CA,CPI Median YoYAPR,3.2%,2.8%,2.9%,2.9%,3.0
2025-05-20 18:00:00+05:30,CA,Core Inflation Rate MoMAPR,0.5%,0.1%,0.2%,0.1%,3.0
2025-05-20 18:00:00+05:30,CA,Core Inflation Rate YoYAPR,2.5%,2.2%,,2.1%,2.0
2025-05-20 18:00:00+05:30,CA,Inflation Rate YoYAPR,1.7%,2.3%,1.6%,1.7%,1.0
2025-05-20 18:25:00+05:30,US,Redbook YoYMAY/17,5.4%,5.8%,,,3.0
2025-05-20 18:30:00+05:30,US,Fed Bostic Speech,,,,,2.0
2025-05-20 18:30:00+05:30,US,Fed Barkin Speech,,,,,2.0
2025-05-20 19:00:00+05:30,US,Fed Collins Speech,,,,,2.0
2025-05-20 19:30:00+05:30,EA,Consumer Confidence FlashMAY,-15.2,-16.6,-16,-16,2.0
2025-05-20 19:30:00+05:30,ES,Consumer ConfidenceAPR,,79.6,,79.3,2.0
2025-05-20 19:30:00+05:30,TR,Central Government DebtAPR,,TRY10.271T,,TRY10.7T,2.0
2025-05-20 19:30:00+05:30,G7,G7 Meeting of Finance Ministers and Central Bank Governors,,,,,2.0
2025-05-20 20:00:00+05:30,TR,Central Government DebtAPR,TRY10.751T,TRY10.271T,,TRY10.7T,3.0
2025-05-20 22:30:00+05:30,US,Fed Musalem Speech,,,,,2.0
2025-05-20 22:30:00+05:30,ES,Consumer ConfidenceAPR,,79.6,,79.3,2.0
2025-05-20 22:30:00+05:30,TR,Central Government DebtAPR,,TRY10.271T,,TRY10.7T,2.0
2025-05-20 22:30:00+05:30,G7,G7 Meeting of Finance Ministers and Central Bank Governors,,,,,2.0
2025-05-21 00:30:00+05:30,AR,Balance of TradeAPR,$204M,$323M,$1000M,$500.0M,3.0
2025-05-21 02:00:00+05:30,US,API Crude Oil Stock ChangeMAY/16,2.499M,4.287M,-1.85M,,2.0
2025-05-21 02:30:00+05:30,US,Fed Kugler Speech,,,,,2.0
2025-05-21 04:30:00+05:30,US,Fed Hammack Speech,,,,,2.0
2025-05-21 04:30:00+05:30,US,Fed Daly Speech,,,,,2.0
2025-05-21 05:20:00+05:30,JP,Exports YoYAPR,2%,4%,2%,1.8%,2.0
2025-05-21 05:20:00+05:30,JP,Balance of TradeAPR,¥-115.8B,¥559.4B,¥227.1B,¥200.0B,1.0
2025-05-21 05:20:00+05:30,JP,Imports YoYAPR,-2.2%,1.8%,-4.5%,-4.4%,3.0
2025-05-21 05:30:00+05:30,JP,Reuters Tankan IndexMAY,8,9,,3,3.0
2025-05-21 06:30:00+05:30,AU,Westpac Leading Index MoMAPR,0%,-0.2%,,0.0%,3.0
2025-05-21 07:00:00+05:30,AU,RBA Chart Pack,,,,,3.0
2025-05-21 07:00:00+05:30,ZA,National Budget,,,,,3.0
2025-05-21 11:30:00+05:30,GB,Retail Price Index MoMAPR,1.7%,0.3%,1.5%,1.3%,3.0
2025-05-21 11:30:00+05:30,GB,Retail Price Index YoYAPR,4.5%,3.2%,4.2%,4.1%,3.0
2025-05-21 11:30:00+05:30,GB,Core Inflation Rate YoYAPR,3.8%,3.4%,3.6%,3.5%,2.0
2025-05-21 11:30:00+05:30,GB,Inflation Rate YoYAPR,3.5%,2.6%,3.3%,3.3%,1.0
2025-05-21 11:30:00+05:30,GB,Inflation Rate MoMAPR,1.2%,0.3%,1.1%,1%,2.0
2025-05-21 11:30:00+05:30,GB,Core Inflation Rate MoMAPR,1.4%,0.5%,1.2%,1%,3.0
2025-05-21 12:30:00+05:30,EA,ECB Non-Monetary Policy Meeting,,,,,3.0
2025-05-21 12:30:00+05:30,ZA,National Budget,,,,,3.0
2025-05-21 12:50:00+05:30,ID,Loan Growth YoYAPR,8.88%,9.16%,,9.0%,3.0
2025-05-21 13:00:00+05:30,ID,Deposit Facility RateMAY,4.75%,5%,4.75%,5%,3.0
2025-05-21 13:00:00+05:30,ID,Lending Facility RateMAY,6.25%,6.5%,6.25%,6.5%,3.0
2025-05-21 13:00:00+05:30,ID,Interest Rate Decision,5.5%,5.75%,5.50%,5.75%,2.0
2025-05-21 13:30:00+05:30,ZA,Core Inflation Rate MoMAPR,0.1%,0.5%,,0.3%,3.0
2025-05-21 13:30:00+05:30,ZA,Inflation Rate YoYAPR,2.8%,2.7%,,2.9%,2.0
2025-05-21 13:30:00+05:30,ZA,Inflation Rate MoMAPR,0.3%,0.4%,,0.3%,2.0
2025-05-21 13:30:00+05:30,EA,ECB Financial Stability Review,,,,,3.0
2025-05-21 13:30:00+05:30,ZA,Core Inflation Rate YoYAPR,3%,3.1%,,3.3%,3.0
2025-05-21 14:30:00+05:30,GB,6-Year Treasury Gilt Auction,4.401%,,,,3.0
2025-05-21 14:30:00+05:30,ZA,National Budget,,,,,3.0
2025-05-21 14:30:00+05:30,IT,Current AccountMAR,,€1604M,,€ 1510M,3.0
2025-05-21 15:00:00+05:30,DE,10-Year Bund Auction,2.66%,2.47%,,,3.0
2025-05-21 16:30:00+05:30,US,MBA Mortgage ApplicationsMAY/16,-5.1%,1.1%,,,3.0
2025-05-21 16:30:00+05:30,ZA,Retail Sales MoMMAR,-0.2%,-1.2%,,-0.5%,3.0
2025-05-21 16:30:00+05:30,US,MBA Purchase IndexMAY/16,157.8,166.5,,,3.0
2025-05-21 16:30:00+05:30,US,MBA Mortgage Market IndexMAY/16,238.5,251.2,,,3.0
2025-05-21 16:30:00+05:30,US,MBA 30-Year Mortgage RateMAY/16,6.92%,6.86%,,,2.0
2025-05-21 16:30:00+05:30,ZA,Retail Sales YoYMAR,1.5%,4.1%,,2.0%,3.0
2025-05-21 16:30:00+05:30,US,MBA Mortgage Refinance IndexMAY/16,682.5,718.1,,,3.0
2025-05-21 16:40:00+05:30,EU,6-Month Bill Auction,2.002%,1.962%,,,3.0
2025-05-21 16:40:00+05:30,EU,3-Month Bill Auction,2.010%,2.029%,,,3.0
2025-05-21 16:40:00+05:30,EU,12-Month Bill Auction,1.963%,1.868%,,,3.0
2025-05-21 17:30:00+05:30,MX,Retail Sales YoYMAR,4.3%,-1.1%,2.2%,1.9%,3.0
2025-05-21 17:30:00+05:30,MX,Retail Sales MoMMAR,0.5%,0.2%,0.1%,0.1%,3.0
2025-05-21 18:00:00+05:30,CA,New Housing Price Index YoYAPR,-0.6%,0.1%,,0.2%,2.0
2025-05-21 18:00:00+05:30,CA,New Housing Price Index MoMAPR,-0.4%,0%,0.1%,0.1%,2.0
2025-05-21 18:00:00+05:30,ZA,National Budget,,,,,2.0
2025-05-21 20:00:00+05:30,US,EIA Distillate Stocks ChangeMAY/16,0.579M,-3.155M,-1.20M,,3.0
2025-05-21 20:00:00+05:30,US,EIA Gasoline Stocks ChangeMAY/16,0.816M,-1.022M,-1.76M,,2.0
2025-05-21 20:00:00+05:30,US,EIA Crude Oil Stocks ChangeMAY/16,1.328M,3.454M,-1.85M,,2.0
2025-05-21 20:00:00+05:30,US,EIA Cushing Crude Oil Stocks ChangeMAY/16,-0.457M,-1.069M,,,3.0
2025-05-21 20:00:00+05:30,US,EIA Gasoline Production ChangeMAY/16,0.178M,-0.327M,,,3.0
2025-05-21 20:00:00+05:30,US,EIA Crude Oil Imports ChangeMAY/16,0.11M,0.422M,,,3.0
2025-05-21 20:00:00+05:30,US,EIA Refinery Crude Runs ChangeMAY/16,0.089M,0.33M,,,3.0
2025-05-21 20:00:00+05:30,US,EIA Heating Oil Stocks ChangeMAY/16,-0.348M,0.292M,,,3.0
2025-05-21 20:00:00+05:30,US,EIA Distillate Fuel Production ChangeMAY/16,0.131M,-0.069M,,,3.0
2025-05-21 21:00:00+05:30,US,17-Week Bill Auction,4.230%,4.240%,,,3.0
2025-05-21 21:30:00+05:30,ZA,National Budget,,,,,3.0
2025-05-21 21:30:00+05:30,US,Fed Barkin Speech,,,,,2.0
2025-05-21 21:30:00+05:30,EA,ECB Lane Speech,,,,,3.0
2025-05-21 21:30:00+05:30,BR,Federal Tax RevenuesAPR,,,,,3.0
2025-05-21 21:30:00+05:30,CA,30-Year Bond Auction,3.698%,3.545%,,,3.0
2025-05-21 22:30:00+05:30,ZA,National Budget,,,,,3.0
2025-05-21 22:30:00+05:30,US,20-Year Bond Auction,5.104%,4.81%,,,3.0
2025-05-21 22:30:00+05:30,G7,G7 Meeting of Finance Ministers and Central Bank Governors,,,,,3.0
2025-05-21 22:30:00+05:30,AR,Leading Indicator MoMAPR,,2.1%,,2.0%,3.0
2025-05-21 22:30:00+05:30,BR,Federal Tax RevenuesAPR,,,,,3.0
2025-05-21 23:00:00+05:30,ZA,National Budget,,,,,3.0
2025-05-21 23:00:00+05:30,AR,Leading Indicator MoMAPR,0.52%,2.1%,,2.0%,3.0
2025-05-21 23:00:00+05:30,G7,G7 Meeting of Finance Ministers and Central Bank Governors,,,,,3.0
2025-05-22 00:30:00+05:30,AR,Economic Activity YoYMAR,5.6%,5.7%,6.4%,7.0%,3.0
2025-05-22 04:30:00+05:30,AU,S&P Global Services PMI FlashMAY,50.5,51.0,,50.7,2.0
2025-05-22 04:30:00+05:30,AU,S&P Global Composite PMI FlashMAY,50.6,51.0,,50.7,3.0
2025-05-22 04:30:00+05:30,JP,Reuters Tankan IndexMAY,,9,,3,3.0
2025-05-22 04:30:00+05:30,AU,S&P Global Manufacturing PMI FlashMAY,51.7,51.7,,51.4,2.0
2025-05-22 05:20:00+05:30,JP,Foreign Bond InvestmentMAY/17,¥2824.6B,¥1928.7B,,,3.0
2025-05-22 05:20:00+05:30,JP,Machinery Orders YoYMAR,8.4%,1.5%,-2.2%,-0.3%,2.0
2025-05-22 05:20:00+05:30,JP,Machinery Orders MoMMAR,13%,4.3%,-1.6%,-2.0%,2.0
2025-05-22 05:20:00+05:30,JP,Stock Investment by ForeignersMAY/17,¥714.9B,¥439.4B,,,3.0
2025-05-22 05:30:00+05:30,SG,GDP Growth Rate QoQ FinalQ1,-0.6%,0.5%,-1%,-0.8%,3.0
2025-05-22 05:30:00+05:30,SG,GDP Growth Rate YoY FinalQ1,3.9%,5.0%,3.6%,3.8%,3.0
2025-05-22 05:50:00+05:30,SG,Current AccountQ1,S$34.61B,S$28.81B,,S$ 34B,3.0
2025-05-22 06:00:00+05:30,JP,Jibun Bank Services PMI FlashMAY,50.8,52.4,,51.2,2.0
2025-05-22 06:00:00+05:30,JP,Jibun Bank Composite PMI FlashMAY,49.8,51.2,,50.4,3.0
2025-05-22 06:00:00+05:30,JP,Jibun Bank Manufacturing PMI FlashMAY,49.0,48.7,49,48.5,2.0
2025-05-22 07:00:00+05:30,JP,BOJ Noguchi Speech,,,,,2.0
2025-05-22 08:30:00+05:30,ID,Current AccountQ1,$-0.2B,$-1.1B,,$ -1.2B,3.0
2025-05-22 09:05:00+05:30,JP,10-Year Index-Linked JGB Auction,0.000%,-0.269%,,,3.0
2025-05-22 10:30:00+05:30,IN,HSBC Composite PMI FlashMAY,61.2,59.7,59.4,59.5,2.0
2025-05-22 10:30:00+05:30,SG,6-Month T-Bill Auction,2.20%,2.30%,,,3.0
2025-05-22 10:30:00+05:30,IN,HSBC Manufacturing PMI FlashMAY,58.3,58.2,58,58,2.0
2025-05-22 10:30:00+05:30,IN,HSBC Services PMI FlashMAY,61.2,58.7,58.3,58.6,2.0
2025-05-22 11:30:00+05:30,GB,Public Sector Net Borrowing Ex BanksAPR,£-20.16B,£-14.14B,£-17.9B,£-18B,3.0
2025-05-22 12:15:00+05:30,FR,Business ConfidenceMAY,97,100,99,98,2.0
2025-05-22 12:15:00+05:30,FR,Business Climate IndicatorMAY,96,97,,95,3.0
2025-05-22 12:30:00+05:30,TR,Business ConfidenceMAY,101.4,103.2,,102,2.0
2025-05-22 12:30:00+05:30,TR,Capacity UtilizationMAY,75%,74.3%,,74.2%,3.0
2025-05-22 12:45:00+05:30,FR,HCOB Services PMI FlashMAY,47.4,47.3,47.5,47.9,2.0
2025-05-22 12:45:00+05:30,FR,HCOB Manufacturing PMI FlashMAY,49.5,48.7,48.9,49,2.0
2025-05-22 12:45:00+05:30,GB,BoE Breeden Speech,,,,,3.0
2025-05-22 12:45:00+05:30,FR,HCOB Composite PMI FlashMAY,48,47.8,48,48.2,2.0
2025-05-22 12:50:00+05:30,ID,Loan Growth YoYAPR,,9.16%,,9.0%,3.0
2025-05-22 13:00:00+05:30,DE,HCOB Manufacturing PMI FlashMAY,48.8,48.4,48.9,49.1,1.0
2025-05-22 13:00:00+05:30,DE,HCOB Services PMI FlashMAY,47.2,49,49.5,49.9,2.0
2025-05-22 13:00:00+05:30,DE,HCOB Composite PMI FlashMAY,48.6,50.1,50.4,50.7,2.0
2025-05-22 13:00:00+05:30,TR,Inflation Report,,,,,3.0
2025-05-22 13:15:00+05:30,US,S&P Global Manufacturing PMI FlashMAY,58.3,50.2,50.1,50.3,2.0
2025-05-22 13:15:00+05:30,US,S&P Global Services PMI FlashMAY,61.2,50.8,50.8,51,2.0
2025-05-22 13:15:00+05:30,US,S&P Global Composite PMI FlashMAY,61.2,50.6,,50.4,2.0
2025-05-22 13:30:00+05:30,DE,Ifo Business ClimateMAY,87.5,86.9,87.4,87.5,1.0
2025-05-22 13:30:00+05:30,EA,HCOB Manufacturing PMI FlashMAY,49.4,49,49.3,49.2,2.0
2025-05-22 13:30:00+05:30,EA,HCOB Composite PMI FlashMAY,49.5,50.4,50.7,50.4,2.0
2025-05-22 13:30:00+05:30,DE,Ifo ExpectationsMAY,88.9,87.4,88,88.5,3.0
2025-05-22 13:30:00+05:30,EA,HCOB Services PMI FlashMAY,48.9,50.1,50.3,50.5,2.0
2025-05-22 13:30:00+05:30,DE,Ifo Current ConditionsMAY,86.1,86.4,86.8,87,3.0
2025-05-22 14:00:00+05:30,GB,S&P Global Services PMI FlashMAY,50.2,49,50,49.3,1.0
2025-05-22 14:00:00+05:30,GB,S&P Global Composite PMI FlashMAY,49.4,48.5,49.3,49,3.0
2025-05-22 14:00:00+05:30,AU,RBA Hauser Speech,,,,,2.0
2025-05-22 14:00:00+05:30,GB,S&P Global Manufacturing PMI FlashMAY,45.1,45.4,46,46,1.0
2025-05-22 14:10:00+05:30,ES,3-Year Bonos Auction,2.251%,2.086%,,,3.0
2025-05-22 14:10:00+05:30,ES,7-Year Obligacion Auction,2.750%,3.014%,,,3.0
2025-05-22 14:10:00+05:30,ES,17-Year Green Bonos Auction,3.847%,3.442%,,,3.0
2025-05-22 14:10:00+05:30,ES,Index-Linked Obligacion Auction,,,,,3.0
2025-05-22 14:10:00+05:30,ES,Obligacion Auction,,,,,3.0
2025-05-22 14:10:00+05:30,ES,Bonos Auction,,,,,3.0
2025-05-22 14:30:00+05:30,FR,OAT Auction,,,,,3.0
2025-05-22 14:30:00+05:30,FR,6-Year OAT Auction,2.72%,2.73%,,,3.0
2025-05-22 14:30:00+05:30,FR,3-Year OAT Auction,2.30%,2.32%,,,3.0
2025-05-22 14:30:00+05:30,FR,7-Year OAT Auction,2.91%,2.98%,,,3.0
2025-05-22 15:30:00+05:30,FR,28-Year Index-Linked OAT Auction,1.73%,1.68%,,,3.0
2025-05-22 15:30:00+05:30,FR,Index-Linked OAT Auction,,,,,3.0
2025-05-22 15:30:00+05:30,FR,OATi Auction,,,,,3.0
2025-05-22 15:30:00+05:30,FR,7-Year Index-Linked OAT Auction,0.91%,,,,3.0
2025-05-22 15:30:00+05:30,GB,CBI Industrial Trends OrdersMAY,-30,-26,-25,-30,2.0
2025-05-22 15:30:00+05:30,FR,15-Year Index-Linked OAT Auction,1.58%,1.48%,,,3.0
2025-05-22 15:30:00+05:30,FR,6-Year Index-Linked OAT Auction,0.83%,0.83%,,,3.0
2025-05-22 16:30:00+05:30,ZA,Building Permits YoYMAR,-6.7%,-8.4%,,-14.0%,3.0
2025-05-22 16:30:00+05:30,CA,CFIB Business BarometerMAY,40,34.8,,34.6,3.0
2025-05-22 17:00:00+05:30,TR,Foreign Exchange ReservesMAY/16,,$61.22B,,,3.0
2025-05-22 17:00:00+05:30,EA,ECB Monetary Policy Meeting Accounts,,,,,2.0
2025-05-22 17:30:00+05:30,MX,GDP Growth Rate QoQ FinalQ1,0.2%,-0.7%,0.2%,0.2%,3.0
2025-05-22 17:30:00+05:30,MX,GDP Growth Rate YoY FinalQ1,0.8%,0.4%,0.8%,0.6%,3.0
2025-05-22 17:30:00+05:30,GB,BoE Dhingra Speech,,,,,3.0
2025-05-22 17:30:00+05:30,MX,Mid-month Inflation Rate MoMMAY,0.09%,0.12%,-0.10%,0.0%,3.0
2025-05-22 17:30:00+05:30,MX,Economic Activity MoMMAR,-0.4%,1%,-0.1%,0.0%,3.0
2025-05-22 17:30:00+05:30,MX,Mid-month Core Inflation Rate MoMMAY,0.16%,0.34%,0.16%,0.2%,3.0
2025-05-22 17:30:00+05:30,MX,Mid-month Core Inflation Rate YoYMAY,3.97%,3.9%,3.98%,3.95%,3.0
2025-05-22 17:30:00+05:30,MX,Economic Activity YoYMAR,2.5%,-0.6%,3%,2.7%,3.0
2025-05-22 17:30:00+05:30,MX,Mid-month Inflation Rate YoYMAY,4.22%,3.96%,4.01%,4.0%,3.0
2025-05-22 18:00:00+05:30,US,Chicago Fed National Activity IndexAPR,-0.25,0.03,,-0.2,2.0
2025-05-22 18:00:00+05:30,CA,Raw Materials Prices MoMAPR,-3%,-0.7%,-2.2%,-2%,3.0
2025-05-22 18:00:00+05:30,CA,Raw Materials Prices YoYAPR,-3.6%,3.9%,,-3.2%,3.0
2025-05-22 18:00:00+05:30,GB,BoE Pill Speech,,,,,3.0
2025-05-22 18:00:00+05:30,CA,PPI MoMAPR,-0.8%,0.5%,-0.5%,-0.3%,3.0
2025-05-22 18:00:00+05:30,US,Jobless Claims 4-week AverageMAY/17,231.5K,230.5K,,232.5K,3.0
2025-05-22 18:00:00+05:30,CA,PPI YoYAPR,2%,4.7%,,2.7%,3.0
2025-05-22 18:00:00+05:30,US,Initial Jobless ClaimsMAY/17,227K,229K,230K,231.0K,2.0
2025-05-22 18:00:00+05:30,US,Continuing Jobless ClaimsMAY/10,1903K,1867K,1890K,1885.0K,3.0
2025-05-22 19:15:00+05:30,US,S&P Global Composite PMI FlashMAY,52.1,50.6,,50.4,2.0
2025-05-22 19:15:00+05:30,US,S&P Global Services PMI FlashMAY,52.3,50.8,50.8,51,2.0
2025-05-22 19:15:00+05:30,US,S&P Global Manufacturing PMI FlashMAY,52.3,50.2,50.1,50.3,2.0
2025-05-22 19:30:00+05:30,US,Existing Home Sales MoMAPR,-0.5%,-5.9%,,0.7%,2.0
2025-05-22 19:30:00+05:30,US,Existing Home SalesAPR,4M,4.02M,4.1M,4.05M,1.0
2025-05-22 20:00:00+05:30,AR,Consumer ConfidenceMAY,45.49,44.1,,44.9,3.0
2025-05-22 20:00:00+05:30,US,EIA Natural Gas Stocks ChangeMAY/16,120Bcf,110Bcf,115Bcf,,3.0
2025-05-22 20:30:00+05:30,EA,ECB Elderson Speech,,,,,3.0
2025-05-22 20:30:00+05:30,US,Kansas Fed Composite IndexMAY,-3,-4,,-3,3.0
2025-05-22 20:30:00+05:30,US,Kansas Fed Manufacturing IndexMAY,-10,-5,,-1,3.0
2025-05-22 21:00:00+05:30,US,8-Week Bill Auction,4.235%,4.235%,,,3.0
2025-05-22 21:00:00+05:30,EA,ECB Guindos Speech,,,,,3.0
2025-05-22 21:00:00+05:30,US,4-Week Bill Auction,4.220%,4.22%,,,3.0
2025-05-22 21:05:00+05:30,EA,ECB Guindos Speech,,,,,3.0
2025-05-22 21:30:00+05:30,US,15-Year Mortgage RateMAY/22,6.01%,5.92%,,,3.0
2025-05-22 21:30:00+05:30,US,30-Year Mortgage RateMAY/22,6.86%,6.81%,,,3.0
2025-05-22 21:30:00+05:30,US,10-Year TIPS Auction,,1.935%,,,3.0
2025-05-22 22:30:00+05:30,US,10-Year TIPS Auction,2.220%,1.935%,,,3.0
2025-05-22 23:30:00+05:30,TR,Foreign Exchange ReservesMAY/16,,$61.22B,,,2.0
2025-05-22 23:30:00+05:30,G7,G7 Meeting of Finance Ministers and Central Bank Governors,,,,,2.0
2025-05-22 23:30:00+05:30,US,Fed Williams Speech,,,,,2.0
2025-05-23 00:30:00+05:30,AR,Retail Sales YoYMAR,86.7%,50.3%,,60.0%,3.0
2025-05-23 00:45:00+05:30,CA,BoC Gravelle Speech,,,,,3.0
2025-05-23 02:00:00+05:30,US,Fed Balance SheetMAY/21,$6.69T,$6.71T,,,3.0
2025-05-23 02:30:00+05:30,KR,PPI MoMAPR,-0.1%,0%,,0.1%,3.0
2025-05-23 02:30:00+05:30,KR,PPI YoYAPR,0.9%,1.3%,,1.1%,3.0
2025-05-23 04:31:00+05:30,GB,Gfk Consumer ConfidenceMAY,-20,-23,-22,-23,2.0
2025-05-23 05:00:00+05:30,JP,Inflation Rate Ex-Food and Energy YoYAPR,3%,2.9%,,2.9%,3.0
2025-05-23 05:00:00+05:30,JP,Core Inflation Rate YoYAPR,3.5%,3.2%,3.4%,3.3%,2.0
2025-05-23 05:00:00+05:30,JP,Inflation Rate MoMAPR,0.1%,0.3%,,0.2%,3.0
2025-05-23 05:00:00+05:30,JP,Inflation Rate YoYAPR,3.6%,3.6%,,3.7%,1.0
2025-05-23 08:30:00+05:30,ID,M2 Money Supply YoYAPR,5.2%,6.1%,,,3.0
2025-05-23 09:05:00+05:30,JP,3-Month Bill Auction,0.3818%,0.3677%,,,3.0
2025-05-23 10:30:00+05:30,SG,Inflation Rate MoMAPR,-0.3%,-0.1%,,-0.3%,3.0
2025-05-23 10:30:00+05:30,SG,Inflation Rate YoYAPR,0.9%,0.9%,0.8%,0.9%,3.0
2025-05-23 10:30:00+05:30,SG,Core Inflation Rate YoYAPR,0.7%,0.5%,0.5%,0.4%,3.0
2025-05-23 11:30:00+05:30,GB,Retail Sales YoYAPR,5%,1.9%,4.5%,4.2%,2.0
2025-05-23 11:30:00+05:30,DE,GDP Growth Rate QoQ FinalQ1,0.4%,-0.2%,0.2%,0.2%,3.0
2025-05-23 11:30:00+05:30,GB,Retail Sales ex Fuel YoYAPR,5.3%,2.6%,4.4%,4.0%,3.0
2025-05-23 11:30:00+05:30,GB,Retail Sales MoMAPR,1.2%,0.1%,0.2%,0.3%,1.0
2025-05-23 11:30:00+05:30,DE,GDP Growth Rate YoY FinalQ1,0%,-0.2%,-0.2%,-0.2%,3.0
2025-05-23 11:30:00+05:30,GB,Retail Sales ex Fuel MoMAPR,1.3%,0.2%,0.3%,0.2%,3.0
2025-05-23 12:15:00+05:30,FR,Consumer ConfidenceMAY,88,91,93,92,2.0
2025-05-23 13:30:00+05:30,CN,FDI (YTD) YoYAPR,,-10.8%,,-15.0%,3.0
2025-05-23 13:30:00+05:30,TR,Tourist Arrivals YoYAPR,8%,-13.1%,,,3.0
2025-05-23 13:30:00+05:30,ID,M2 Money Supply YoYAPR,,6.1%,,,3.0
2025-05-23 14:00:00+05:30,EA,ECB Lane Speech,,,,,3.0
2025-05-23 14:30:00+05:30,CN,FDI (YTD) YoYAPR,,-10.8%,,-15.0%,2.0
2025-05-23 14:30:00+05:30,ID,M2 Money Supply YoYAPR,,6.1%,,,2.0
2025-05-23 14:30:00+05:30,EA,Negotiated Wage GrowthQ1,2.38%,4.12%,,4.0%,2.0
2025-05-23 16:30:00+05:30,BR,FGV Consumer ConfidenceMAY,,84.8,,84.9,3.0
2025-05-23 16:35:00+05:30,CN,FDI (YTD) YoYAPR,-10.9%,-10.8%,,-10.0%,2.0
2025-05-23 17:00:00+05:30,IN,Foreign Exchange ReservesMAY/16,$685.73B,$690.62B,,,3.0
2025-05-23 17:00:00+05:30,IN,Deposit Growth YoYMAY/09,10%,10.2%,,,3.0
2025-05-23 17:00:00+05:30,TR,Foreign Exchange ReservesMAY/16,$65.4B,$61.22B,,,3.0
2025-05-23 17:00:00+05:30,IN,Bank Loan Growth YoYMAY/09,9.9%,10.3%,,,3.0
2025-05-23 17:30:00+05:30,MX,Balance of TradeAPR,$-0.088B,$3.442B,$-0.16B,$-0.1B,2.0
2025-05-23 17:40:00+05:30,US,Building Permits MoM FinalAPR,-4%,1.9%,-4.7%,-4.7%,3.0
2025-05-23 17:40:00+05:30,US,Building Permits FinalAPR,1.422M,1.481M,1.412M,1.412M,3.0
2025-05-23 18:00:00+05:30,CA,Retail Sales YoYMAR,5.6%,4.7%,,3.8%,3.0
2025-05-23 18:00:00+05:30,CA,Retail Sales MoM FinalMAR,0.8%,-0.5%,0.7%,0.7%,2.0
2025-05-23 18:00:00+05:30,US,Building Permits MoM FinalAPR,,0.5%,,,3.0
2025-05-23 18:00:00+05:30,ID,M2 Money Supply YoYAPR,,6.1%,,,3.0
2025-05-23 18:00:00+05:30,CN,FDI (YTD) YoYAPR,,-10.8%,,-15.0%,3.0
2025-05-23 18:00:00+05:30,US,Building Permits FinalAPR,,1.467M,,,3.0
2025-05-23 18:00:00+05:30,CA,Retail Sales MoM PrelAPR,0.5%,0.8%,,-0.1%,2.0
2025-05-23 18:00:00+05:30,CA,Retail Sales Ex Autos MoMMAR,-0.7%,0.6%,0.0%,-0.2%,2.0
2025-05-23 19:30:00+05:30,CN,FDI (YTD) YoYAPR,,-10.8%,,-15.0%,2.0
2025-05-23 19:30:00+05:30,US,New Home SalesAPR,0.743M,0.67M,0.692M,0.69M,2.0
2025-05-23 19:30:00+05:30,US,Building Permits MoM FinalAPR,,0.5%,,,2.0
2025-05-23 19:30:00+05:30,ID,M2 Money Supply YoYAPR,,6.1%,,,2.0
2025-05-23 19:30:00+05:30,US,Building Permits FinalAPR,,1.467M,,,2.0
2025-05-23 19:30:00+05:30,US,New Home Sales MoMAPR,10.9%,2.6%,,-4.7%,2.0
2025-05-23 20:30:00+05:30,CN,FDI (YTD) YoYAPR,,-10.8%,,-15.0%,3.0
2025-05-23 20:30:00+05:30,US,Building Permits FinalAPR,,1.467M,,,3.0
2025-05-23 20:30:00+05:30,MX,Current AccountQ1,$-7613M,$12813M,$-18050M,$-17500M,3.0
2025-05-23 20:30:00+05:30,US,Building Permits MoM FinalAPR,,0.5%,,,3.0
2025-05-23 20:30:00+05:30,ID,M2 Money Supply YoYAPR,,6.1%,,,3.0
2025-05-23 21:30:00+05:30,EA,ECB Schnabel Speech,,,,,3.0
2025-05-23 21:30:00+05:30,US,Fed Cook Speech,,,,,2.0
2025-05-23 21:45:00+05:30,EA,ECB Schnabel Speech,,,,,3.0
2025-05-23 22:30:00+05:30,US,Baker Hughes Total Rigs CountMAY/23,566,576,,,3.0
2025-05-23 22:30:00+05:30,US,Baker Hughes Oil Rig CountMAY/23,465,473,473,,3.0
2025-05-23 22:30:00+05:30,US,Building Permits MoM FinalAPR,,0.5%,-4.7%,-4.7%,3.0
2025-05-23 22:30:00+05:30,CN,FDI (YTD) YoYAPR,,-10.8%,,-10.0%,3.0
2025-05-23 22:30:00+05:30,US,Building Permits FinalAPR,,1.467M,1.412M,1.412M,3.0
2025-05-23 22:30:00+05:30,ID,M2 Money Supply YoYAPR,,6.1%,,,3.0
2025-05-26 00:10:00+05:30,US,Fed Chair Powell Speech,,,,,2.0
2025-05-26 05:30:00+05:30,SG,GDP Growth Rate YoY FinalQ1,,5.0%,3.8%,3.8%,3.0
2025-05-26 05:30:00+05:30,SG,GDP Growth Rate QoQ FinalQ1,,0.5%,-0.8%,-0.8%,3.0
2025-05-26 06:00:00+05:30,SG,Current AccountQ1,,S$28.81B,,S$ 34B,3.0
2025-05-26 10:30:00+05:30,KR,5-Year KTB Auction,2.480%,2.440%,,,3.0
2025-05-26 10:30:00+05:30,JP,Coincident Index FinalMAR,115.9,117.3,,116,3.0
2025-05-26 10:30:00+05:30,JP,Leading Economic Index FinalMAR,108.1,108.2,107.7,107.7,3.0
2025-05-26 10:30:00+05:30,SG,Industrial Production MoMAPR,5.3%,-2.7%,,2.0%,3.0
2025-05-26 10:30:00+05:30,SG,Industrial Production YoYAPR,5.9%,6.8%,,5.0%,3.0
2025-05-26 11:30:00+05:30,SA,ExportsMAR,SAR93.8B,SAR94.6B,,SAR 99.5B,3.0
2025-05-26 11:30:00+05:30,SA,Balance of TradeMAR,SAR19.8B,SAR22.3B,,SAR 29B,3.0
2025-05-26 11:30:00+05:30,SA,ImportsMAR,SAR74.0B,SAR72.4B,,SAR 70.5B,3.0
2025-05-26 12:30:00+05:30,ES,PPI YoYAPR,1.9%,4.6%,,4.0%,3.0
2025-05-26 16:30:00+05:30,BR,FGV Consumer ConfidenceMAY,86.7,84.8,,84.9,3.0
2025-05-26 17:00:00+05:30,BR,Foreign Direct InvestmentAPR,$5.491B,$5.99B,$4B,$5.0B,3.0
2025-05-26 17:00:00+05:30,BR,Current AccountAPR,$-1.347B,$-2.25B,$-2B,$-2.3B,3.0
2025-05-26 18:00:00+05:30,CA,Manufacturing Sales MoM PrelAPR,-2.0%,-1.4%,,0.2%,3.0
2025-05-26 18:30:00+05:30,FR,3-Month BTF Auction,1.999%,2.042%,,,3.0
2025-05-26 18:30:00+05:30,FR,12-Month BTF Auction,1.913%,1.947%,,,3.0
2025-05-26 18:30:00+05:30,BR,BCB Focus Market Readout,,,,,3.0
2025-05-26 18:30:00+05:30,FR,6-Month BTF Auction,1.982%,2.011%,,,3.0
2025-05-26 18:50:00+05:30,EA,ECB President Lagarde Speech,,,,,2.0
2025-05-26 18:50:00+05:30,BR,BCB Focus Market Readout,,,,,2.0
2025-05-27 02:30:00+05:30,KR,Consumer ConfidenceMAY,101.8,93.8,,94,2.0
2025-05-27 07:00:00+05:30,CN,Industrial Profits (YTD) YoYAPR,1.4%,0.8%,,1.2%,3.0
2025-05-27 09:30:00+05:30,EU,New Car Registrations YoYAPR,1.3%,-0.2%,,-1%,2.0
2025-05-27 10:30:00+05:30,SG,MAS 4-Week Bill Auction,2.28%,2.32%,,,3.0
2025-05-27 10:30:00+05:30,KR,20-Year KTB Auction,,2.560%,,,3.0
2025-05-27 10:30:00+05:30,SG,MAS 12-Week Bill Auction,2.19%,2.28%,,,3.0
2025-05-27 11:30:00+05:30,DE,GfK Consumer ConfidenceJUN,-19.9,-20.8,-19,-19,1.0
2025-05-27 12:15:00+05:30,FR,Inflation Rate MoM PrelMAY,-0.1%,0.6%,0.1%,0.1%,2.0
2025-05-27 12:15:00+05:30,FR,Harmonised Inflation Rate MoM PrelMAY,-0.2%,0.7%,0.1%,0.2%,3.0
2025-05-27 12:15:00+05:30,FR,Harmonised Inflation Rate YoY PrelMAY,0.6%,0.9%,0.9%,1.0%,3.0
2025-05-27 12:15:00+05:30,FR,Inflation Rate YoY PrelMAY,0.7%,0.8%,0.9%,1.0%,1.0
2025-05-27 12:30:00+05:30,ZA,Leading Business Cycle Indicator MoMMAR,1.1%,-0.2%,,0.3%,3.0
2025-05-27 13:15:00+05:30,KR,20-Year KTB Auction,2.715%,2.560%,,,3.0
2025-05-27 13:30:00+05:30,US,Fed Kashkari Speech,,,,,2.0
2025-05-27 13:30:00+05:30,GB,BoE Hauser Speech,,,,,3.0
2025-05-27 14:30:00+05:30,EA,Services SentimentMAY,1.5,1.6,0.9,1,3.0
2025-05-27 14:30:00+05:30,EA,Industrial SentimentMAY,-10.3,-11.0,-11,-12,3.0
2025-05-27 14:30:00+05:30,EA,Consumer Confidence FinalMAY,-15.2,-16.6,-15.2,-15.2,3.0
2025-05-27 14:30:00+05:30,EA,Economic SentimentMAY,94.8,93.8,94,93,2.0
2025-05-27 14:30:00+05:30,EA,Selling Price ExpectationsMAY,7.9,10.6,,10.5,3.0
2025-05-27 14:30:00+05:30,EA,Consumer Inflation ExpectationsMAY,23.6,29.4,,30.6,3.0
2025-05-27 14:40:00+05:30,IT,2-Year BTP Short Term Auction,2.01%,2%,,,3.0
2025-05-27 14:40:00+05:30,IT,15-Year BTP€i Auction,1.24%,1.97%,,,3.0
2025-05-27 14:40:00+05:30,IT,BTP€i Auction,,,,,3.0
2025-05-27 14:40:00+05:30,IT,10-Year BTP€i Auction,1.90%,1.90%,,,3.0
2025-05-27 15:30:00+05:30,FR,Unemployment Benefit ClaimsAPR,-175.9K,-28.5K,,-20.0K,2.0
2025-05-27 15:30:00+05:30,FR,Jobseekers TotalAPR,3013K,3189K,,3169K,3.0
2025-05-27 15:30:00+05:30,GB,CBI Distributive TradesMAY,-27,-8,-18,6,2.0
2025-05-27 16:30:00+05:30,ES,Business ConfidenceMAY,-4.2,-4.1,,-3.7,2.0
2025-05-27 17:30:00+05:30,BR,IPCA mid-month CPI YoYMAY,5.4%,5.49%,5.49%,5.6%,3.0
2025-05-27 17:30:00+05:30,BR,IPCA mid-month CPI MoMMAY,0.36%,0.43%,0.44%,0.5%,3.0
2025-05-27 18:00:00+05:30,US,Non Defense Goods Orders Ex AirAPR,-1.3%,0.3%,,0%,3.0
2025-05-27 18:00:00+05:30,US,Durable Goods Orders MoMAPR,-6.3%,7.6%,-7.8%,-6.8%,1.0
2025-05-27 18:00:00+05:30,CA,Wholesale Sales MoM PrelAPR,-0.9%,0.2%,,0.1%,3.0
2025-05-27 18:00:00+05:30,US,Durable Goods Orders ex Defense MoMAPR,-7.5%,9%,,-8.1%,3.0
2025-05-27 18:00:00+05:30,US,Durable Goods Orders Ex Transp MoMAPR,0.2%,-0.2%,-0.1%,-0.2%,2.0
2025-05-27 18:25:00+05:30,US,Redbook YoYMAY/24,,5.4%,,,3.0
2025-05-27 18:30:00+05:30,US,S&P/Case-Shiller Home Price MoMMAR,1.1%,0.7%,,0.5%,3.0
2025-05-27 18:30:00+05:30,US,House Price IndexMAR,436.6,436.8,,438.1,3.0
2025-05-27 18:30:00+05:30,US,House Price Index YoYMAR,3.7%,3.9%,,3.9%,3.0
2025-05-27 18:30:00+05:30,US,House Price Index MoMMAR,-0.1%,0%,0.1%,0.2%,3.0
2025-05-27 18:30:00+05:30,US,S&P/Case-Shiller Home Price YoYMAR,4.1%,4.5%,4.5%,4.2%,2.0
2025-05-27 19:30:00+05:30,US,CB Consumer ConfidenceMAY,98.0,85.7,87,84,2.0
2025-05-27 20:00:00+05:30,US,Dallas Fed Manufacturing IndexMAY,-15.3,-35.8,,-25,2.0
2025-05-27 21:00:00+05:30,US,3-Month Bill Auction,4.255%,4.285%,,,3.0
2025-05-27 21:00:00+05:30,US,6-Month Bill Auction,4.160%,4.140%,,,3.0
2025-05-27 21:30:00+05:30,US,2-Year Note Auction,,3.795%,,,3.0
2025-05-27 22:30:00+05:30,US,2-Year Note Auction,3.955%,3.795%,,,3.0
2025-05-27 22:30:00+05:30,KR,20-Year KTB Auction,,2.560%,,,3.0
2025-05-27 22:30:00+05:30,US,Money SupplyAPR,$21.86T,$21.71T,,,3.0
2025-05-28 02:30:00+05:30,KR,Business ConfidenceMAY,73,68,,70,2.0
2025-05-28 05:30:00+05:30,US,Fed Williams Speech,,,,,2.0
2025-05-28 07:00:00+05:30,AU,Monthly CPI IndicatorAPR,2.4%,2.4%,2.3%,2.1%,2.0
2025-05-28 07:00:00+05:30,AU,Construction Work Done QoQQ1,0%,0.9%,0.5%,0.4%,2.0
2025-05-28 09:05:00+05:30,JP,40-Year JGB Auction,3.135%,2.710%,,,3.0
2025-05-28 10:30:00+05:30,SG,5-Year Bond Auction,,2.61%,,,3.0
2025-05-28 11:15:00+05:30,SG,5-Year Bond Auction,2.05%,2.61%,,,3.0
2025-05-28 11:30:00+05:30,DE,Import Prices MoMAPR,-1.7%,-1%,-1.4%,-0.6%,3.0
2025-05-28 11:30:00+05:30,DE,Import Prices YoYAPR,-0.4%,2.1%,0.1%,0.8%,3.0
2025-05-28 12:15:00+05:30,FR,GDP Growth Rate QoQ FinalQ1,0.1%,-0.1%,0.1%,0.1%,3.0
2025-05-28 12:15:00+05:30,FR,Household Consumption MoMAPR,0.3%,-1.1%,0.8%,0.5%,3.0
2025-05-28 12:15:00+05:30,FR,PPI YoYAPR,-0.8%,-0.2%,,2.9%,3.0
2025-05-28 12:15:00+05:30,FR,Private Non Farm Payrolls QoQ FinalQ1,-0.1%,-0.4%,0%,0.0%,3.0
2025-05-28 12:15:00+05:30,FR,PPI MoMAPR,-4.3%,-0.5%,,-0.3%,3.0
2025-05-28 12:15:00+05:30,FR,Non Farm Payrolls QoQQ1,-0.1%,-0.4%,,-0.1%,3.0
2025-05-28 12:15:00+05:30,FR,GDP Growth Rate YoY FinalQ1,0.6%,0.8%,0.8%,0.8%,3.0
2025-05-28 12:30:00+05:30,TR,Economic Confidence IndexMAY,96.7,96.6,,97,3.0
2025-05-28 13:25:00+05:30,DE,Unemployment ChangeMAY,34K,6K,10K,10.0K,2.0
2025-05-28 13:25:00+05:30,DE,Unemployment RateMAY,6.3%,6.3%,6.3%,6.4%,2.0
2025-05-28 13:25:00+05:30,DE,Unemployed PersonsMAY,2.963M,2.930M,,2.932M,2.0
2025-05-28 13:30:00+05:30,EA,ECB Consumer Inflation ExpectationsAPR,3.1%,2.9%,,3.0%,3.0
2025-05-28 13:30:00+05:30,US,Fed Kashkari Speech,,,,,2.0
2025-05-28 14:30:00+05:30,GB,8-Year Green Gilt Auction,4.511%,4.473%,,,3.0
2025-05-28 14:40:00+05:30,IT,6-Month BOT Auction,1.981%,2.069%,,,3.0
2025-05-28 15:00:00+05:30,DE,15-Year Bund Auction,2.85%,2.83%,,,3.0
2025-05-28 15:30:00+05:30,FR,Unemployment Benefit ClaimsAPR,,-28.5K,,-20.0K,2.0
2025-05-28 15:30:00+05:30,FR,Jobseekers TotalAPR,,3189K,,3169K,3.0
2025-05-28 16:00:00+05:30,IN,Manufacturing Production YoYAPR,,3%,3%,3.1%,2.0
2025-05-28 16:00:00+05:30,IN,Industrial Production YoYAPR,,3%,1%,3.2%,2.0
2025-05-28 16:30:00+05:30,IN,Manufacturing Production YoYAPR,3.4%,4%,3%,3.1%,2.0
2025-05-28 16:30:00+05:30,US,MBA Mortgage Market IndexMAY/23,235.7,238.5,,,3.0
2025-05-28 16:30:00+05:30,IN,Industrial Production YoYAPR,2.7%,3.9%,1%,3.2%,2.0
2025-05-28 16:30:00+05:30,US,MBA Mortgage Refinance IndexMAY/23,634.1,682.5,,,3.0
2025-05-28 16:30:00+05:30,US,MBA Purchase IndexMAY/23,162.1,157.8,,,3.0
2025-05-28 16:30:00+05:30,US,MBA Mortgage ApplicationsMAY/23,-1.2%,-5.1%,,,3.0
2025-05-28 16:30:00+05:30,US,MBA 30-Year Mortgage RateMAY/23,6.98%,6.92%,,,2.0
2025-05-28 17:00:00+05:30,IN,M3 Money Supply YoYMAY/16,9.5%,9.5%,,,3.0
2025-05-28 18:25:00+05:30,US,Redbook YoYMAY/24,6.1%,5.4%,,,3.0
2025-05-28 19:30:00+05:30,US,Richmond Fed Manufacturing Shipments IndexMAY,-10,-17,,-11,3.0
2025-05-28 19:30:00+05:30,SA,Private Bank Lending YoYAPR,,15%,,,3.0
2025-05-28 19:30:00+05:30,SA,M3 Money Supply YoYAPR,,8.2%,,,3.0
2025-05-28 19:30:00+05:30,US,Richmond Fed Manufacturing IndexMAY,-9,-13,-9,-11,3.0
2025-05-28 19:30:00+05:30,US,Richmond Fed Services Revenues IndexMAY,-11,-7,,-5,3.0
2025-05-28 20:00:00+05:30,US,Dallas Fed Services Revenues IndexMAY,-4.7,3.8,,5,3.0
2025-05-28 20:00:00+05:30,US,Dallas Fed Services IndexMAY,-10.1,-19.4,,-10,3.0
2025-05-28 20:30:00+05:30,GB,BoE Pill Speech,,,,,3.0
2025-05-28 21:00:00+05:30,US,2-Year FRN Auction,0.144%,0.160%,,,3.0
2025-05-28 21:00:00+05:30,US,17-Week Bill Auction,4.220%,4.230%,,,3.0
2025-05-28 21:30:00+05:30,SA,Private Bank Lending YoYAPR,,15%,,,3.0
2025-05-28 21:30:00+05:30,US,5-Year Note Auction,,3.995%,,,3.0
2025-05-28 21:30:00+05:30,RU,Industrial Production YoYAPR,1.5%,0.8%,1.1%,1.2%,3.0
2025-05-28 21:30:00+05:30,SA,M3 Money Supply YoYAPR,,8.2%,,,3.0
2025-05-28 21:30:00+05:30,RU,PPI YoYAPR,2.7%,5.9%,,5.3%,3.0
2025-05-28 21:30:00+05:30,CA,10-Year Bond Auction,3.335%,3.164%,,,3.0
2025-05-28 21:30:00+05:30,RU,PPI MoMAPR,-1.4%,-1.5%,,1.1%,3.0
2025-05-28 21:50:00+05:30,SA,M3 Money Supply YoYAPR,9.3%,8.2%,,8.1%,3.0
2025-05-28 21:50:00+05:30,SA,Private Bank Lending YoYAPR,15.2%,15%,,14.0%,3.0
2025-05-28 22:30:00+05:30,SA,M3 Money Supply YoYAPR,,8.2%,,,3.0
2025-05-28 22:30:00+05:30,US,5-Year Note Auction,4.071%,3.995%,,,3.0
2025-05-28 22:30:00+05:30,US,2-Year FRN Auction,,0.160%,,,3.0
2025-05-28 22:30:00+05:30,SA,Private Bank Lending YoYAPR,,15%,,,3.0
2025-05-28 23:30:00+05:30,SA,M3 Money Supply YoYAPR,,8.2%,,8.1%,1.0
2025-05-28 23:30:00+05:30,US,FOMC Minutes,,,,,1.0
2025-05-28 23:30:00+05:30,SA,Private Bank Lending YoYAPR,,15%,,14.0%,1.0
2025-05-28 23:30:00+05:30,BR,Net PayrollsAPR,,71.576K,175K,165.0K,1.0
2025-05-29 00:00:00+05:30,BR,Net PayrollsAPR,257.528K,71.576K,175K,165.0K,3.0
2025-05-29 02:00:00+05:30,US,API Crude Oil Stock ChangeMAY/23,-4.236M,2.499M,1M,,2.0
2025-05-29 05:20:00+05:30,JP,Stock Investment by ForeignersMAY/24,¥309.3B,¥715.3B,,,3.0
2025-05-29 05:20:00+05:30,JP,Foreign Bond InvestmentMAY/24,¥92B,¥2833.9B,,,3.0
2025-05-29 06:30:00+05:30,KR,Interest Rate Decision,2.5%,2.75%,2.5%,2.5%,2.0
2025-05-29 07:00:00+05:30,AU,Plant Machinery Capital Expenditure QoQQ1,-1.3%,-0.6%,,0.4%,3.0
2025-05-29 07:00:00+05:30,AU,Building Capital Expenditure QoQQ1,0.9%,0.2%,,0.3%,3.0
2025-05-29 07:00:00+05:30,AU,Private Capital Expenditure QoQQ1,-0.1%,0.2%,0.5%,0.5%,3.0
2025-05-29 10:30:00+05:30,SG,Export Prices YoYAPR,-6.8%,-5.3%,,-3%,3.0
2025-05-29 10:30:00+05:30,JP,Consumer ConfidenceMAY,32.8,31.2,31.8,32.8,1.0
2025-05-29 10:30:00+05:30,SG,Import Prices YoYAPR,-7.9%,-4.0%,,-2.5%,3.0
2025-05-29 10:30:00+05:30,SG,PPI YoYAPR,-1.1%,3.6%,,2.0%,3.0
2025-05-29 12:30:00+05:30,TR,Balance of Trade FinalAPR,$-12.09B,$-7.2B,,$-12.04B,2.0
2025-05-29 12:30:00+05:30,TR,Imports FinalAPR,$32.89B,$30.61B,,$32.96B,3.0
2025-05-29 12:30:00+05:30,ES,Retail Sales MoMAPR,0.7%,0%,,0.5%,3.0
2025-05-29 12:30:00+05:30,ES,Retail Sales YoYAPR,4%,3.8%,,3.6%,3.0
2025-05-29 12:30:00+05:30,TR,Exports FinalAPR,$20.8B,$23.4B,$20.9B,$20.9B,3.0
2025-05-29 13:30:00+05:30,IT,Business ConfidenceMAY,86.5,85.8,86.2,86,2.0
2025-05-29 13:30:00+05:30,IT,Consumer ConfidenceMAY,96.5,92.7,93,93.1,2.0
2025-05-29 14:30:00+05:30,GB,6-Year Index-linked Treasury Gilt Auction,0.827%,,,,3.0
2025-05-29 14:40:00+05:30,IT,5-Year BTP Auction,2.73%,2.74%,,,3.0
2025-05-29 14:40:00+05:30,IT,BTP Auction,,,,,3.0
2025-05-29 14:40:00+05:30,IT,10-Year BTP Auction,3.57%,3.62%,,,3.0
2025-05-29 15:00:00+05:30,ZA,PPI YoYAPR,0.5%,0.5%,,0.7%,3.0
2025-05-29 15:00:00+05:30,ZA,PPI MoMAPR,0.5%,0.6%,,0.4%,3.0
2025-05-29 15:30:00+05:30,IT,Industrial Sales MoMMAR,-1.6%,-0.4%,,0.5%,3.0
2025-05-29 15:30:00+05:30,IT,Industrial Sales YoYMAR,-1.1%,-1.6%,,-0.7%,3.0
2025-05-29 16:30:00+05:30,BR,IGP-M Inflation MoMMAY,-0.49%,0.24,,0.3%,3.0
2025-05-29 17:00:00+05:30,TR,Foreign Exchange ReservesMAY/23,$69.09B,$65.4B,,,3.0
2025-05-29 17:00:00+05:30,BR,Bank Lending MoMAPR,0.7%,0.6%,,0.3%,3.0
2025-05-29 17:30:00+05:30,BR,Unemployment RateAPR,6.6%,7%,6.9%,7%,2.0
2025-05-29 18:00:00+05:30,US,Real Consumer Spending QoQ 2nd EstQ1,1.2%,4%,1.8%,1.8%,3.0
2025-05-29 18:00:00+05:30,CA,Average Weekly Earnings YoYMAR,4.3%,5.1%,,5.3%,3.0
2025-05-29 18:00:00+05:30,US,GDP Price Index QoQ 2nd EstQ1,3.7%,2.3%,3.7%,3.7%,2.0
2025-05-29 18:00:00+05:30,US,Jobless Claims 4-week AverageMAY/24,230.75K,231K,,233K,3.0
2025-05-29 18:00:00+05:30,US,Fed Barkin Speech,,,,,2.0
2025-05-29 18:00:00+05:30,US,Core PCE Prices QoQ 2nd EstQ1,3.4%,2.6%,3.5%,3.5%,3.0
2025-05-29 18:00:00+05:30,US,GDP Growth Rate QoQ 2nd EstQ1,-0.2%,2.4%,-0.3%,-0.3%,1.0
2025-05-29 18:00:00+05:30,US,PCE Prices QoQ 2nd EstQ1,3.6%,2.4%,3.6%,3.6%,3.0
2025-05-29 18:00:00+05:30,US,GDP Sales QoQ 2nd EstQ1,-2.9%,3.3%,-2.5%,-2.5%,3.0
2025-05-29 18:00:00+05:30,US,Corporate Profits QoQ PrelQ1,-3.6%,5.9%,5.9%,5.2%,2.0
2025-05-29 18:00:00+05:30,CA,Current AccountQ1,C$-2.1B,C$-3.6B,C$-3.25B,C$ -3.3B,2.0
2025-05-29 18:00:00+05:30,US,Initial Jobless ClaimsMAY/24,240K,226K,230K,230K,2.0
2025-05-29 18:00:00+05:30,US,Continuing Jobless ClaimsMAY/17,1919K,1893K,1890K,1907K,3.0
2025-05-29 18:30:00+05:30,ZA,Interest Rate Decision,7.25%,7.5%,7.25%,7.25%,3.0
2025-05-29 18:30:00+05:30,ZA,Prime Overdraft Rate,10.75%,11%,,10.75%,3.0
2025-05-29 19:30:00+05:30,US,Pending Home Sales YoYAPR,-2.5%,-0.6%,,1.9%,2.0
2025-05-29 19:30:00+05:30,US,Pending Home Sales MoMAPR,-6.3%,5.5%,-0.9%,-1.5%,2.0
2025-05-29 20:00:00+05:30,US,EIA Natural Gas Stocks ChangeMAY/23,101Bcf,120Bcf,99Bcf,,3.0
2025-05-29 20:10:00+05:30,US,Fed Goolsbee Speech,,,,,2.0
2025-05-29 20:30:00+05:30,MX,Monetary Policy Meeting Minutes,,,,,3.0
2025-05-29 20:30:00+05:30,US,EIA Distillate Stocks ChangeMAY/23,,,,,3.0
2025-05-29 20:30:00+05:30,US,EIA Gasoline Production ChangeMAY/23,,,,,3.0
2025-05-29 20:30:00+05:30,US,EIA Crude Oil Imports ChangeMAY/23,,,,,3.0
2025-05-29 21:00:00+05:30,US,4-Week Bill Auction,4.215%,4.220%,,,3.0
2025-05-29 21:00:00+05:30,US,8-Week Bill Auction,4.225%,4.235%,,,3.0
2025-05-29 21:30:00+05:30,US,EIA Refinery Crude Runs ChangeMAY/23,-0.162M,0.089M,,,3.0
2025-05-29 21:30:00+05:30,US,30-Year Mortgage RateMAY/29,6.89%,6.86%,,,3.0
2025-05-29 21:30:00+05:30,US,EIA Crude Oil Imports ChangeMAY/23,-0.532M,0.11M,,,3.0
2025-05-29 21:30:00+05:30,US,EIA Crude Oil Stocks ChangeMAY/23,-2.795M,1.328M,0.6M,,2.0
2025-05-29 21:30:00+05:30,US,7-Year Note Auction,,4.123%,,,3.0
2025-05-29 21:30:00+05:30,US,EIA Gasoline Production ChangeMAY/23,0.19M,0.178M,,,3.0
2025-05-29 21:30:00+05:30,US,15-Year Mortgage RateMAY/29,6.03%,6.01%,,,3.0
2025-05-29 21:30:00+05:30,US,EIA Gasoline Stocks ChangeMAY/23,-2.441M,0.816M,-0.5M,,2.0
2025-05-29 21:30:00+05:30,US,EIA Heating Oil Stocks ChangeMAY/23,-0.006M,-0.348M,,,3.0
2025-05-29 21:30:00+05:30,US,EIA Distillate Fuel Production ChangeMAY/23,0.1M,0.131M,,,3.0
2025-05-29 21:30:00+05:30,US,EIA Cushing Crude Oil Stocks ChangeMAY/23,0.075M,-0.457M,,,3.0
2025-05-29 21:30:00+05:30,US,EIA Distillate Stocks ChangeMAY/23,-0.724M,0.579M,0.7M,,3.0
2025-05-29 22:30:00+05:30,US,7-Year Note Auction,4.194%,4.123%,,,3.0
2025-05-29 23:30:00+05:30,US,Fed Kugler Speech,,,,,2.0
2025-05-30 01:30:00+05:30,US,Fed Daly Speech,,,,,2.0
2025-05-30 02:00:00+05:30,US,Fed Balance SheetMAY/28,$6.67T,$6.69T,,,3.0
2025-05-30 04:30:00+05:30,KR,Industrial Production MoMAPR,-0.9%,2.9%,0.5%,0.6%,3.0
2025-05-30 04:30:00+05:30,KR,Industrial Production YoYAPR,4.9%,5.3%,4%,6.0%,3.0
2025-05-30 04:30:00+05:30,KR,Retail Sales MoMAPR,-0.9%,-1%,,1.0%,3.0
2025-05-30 04:31:00+05:30,GB,Car Production YoYAPR,-15.8%,17.1%,,13.0%,3.0
2025-05-30 05:00:00+05:30,JP,Jobs/applications ratioAPR,1.26,1.26,1.26,1.25,3.0
2025-05-30 05:00:00+05:30,JP,Tokyo Core CPI YoYMAY,3.6%,3.4%,3.5%,3.3%,3.0
2025-05-30 05:00:00+05:30,JP,Tokyo CPI Ex Food and Energy YoYMAY,2.1%,2%,,2.1%,3.0
2025-05-30 05:00:00+05:30,JP,Unemployment RateAPR,2.5%,2.5%,2.5%,2.5%,2.0
2025-05-30 05:00:00+05:30,JP,Tokyo CPI YoYMAY,3.4%,3.4%,,3.6%,3.0
2025-05-30 05:20:00+05:30,JP,Retail Sales YoYAPR,3.3%,3.1%,3.1%,0.7%,2.0
2025-05-30 05:20:00+05:30,JP,Industrial Production MoM PrelAPR,-0.9%,0.2%,-1.4%,-0.7%,2.0
2025-05-30 05:20:00+05:30,JP,Retail Sales MoMAPR,0.5%,-1.2%,,-0.3%,3.0
2025-05-30 05:20:00+05:30,JP,Industrial Production YoY PrelAPR,0.7%,1.0%,,0.5%,3.0
2025-05-30 05:30:00+05:30,US,Fed Logan Speech,,,,,2.0
2025-05-30 07:00:00+05:30,AU,Housing Credit MoMAPR,0.5%,0.4%,,0.4%,3.0
2025-05-30 07:00:00+05:30,AU,Private Sector Credit YoYAPR,6.7%,6.5%,,6.5%,3.0
2025-05-30 07:00:00+05:30,AU,Building Permits MoM PrelAPR,-5.7%,-7.1%,3.1%,4.5%,2.0
2025-05-30 07:00:00+05:30,AU,Private Sector Credit MoMAPR,0.7%,0.5%,0.5%,0.5%,3.0
2025-05-30 07:00:00+05:30,AU,Private House Approvals MoM PrelAPR,3.1%,-1.9%,,3.0%,3.0
2025-05-30 07:00:00+05:30,AU,Retail Sales MoMAPR,-0.1%,0.3%,0.3%,0.2%,2.0
2025-05-30 07:30:00+05:30,SG,Bank LendingAPR,S$841.9B,S$846.5B,,S$850.0B,3.0
2025-05-30 08:00:00+05:30,AU,Building Permits MoM FinalAPR,-5.7%,-8.8%,,,3.0
2025-05-30 08:00:00+05:30,AU,Private House Approvals MoM FinalAPR,3.1%,-4.5%,,,3.0
2025-05-30 09:05:00+05:30,JP,3-Month Bill Auction,0.4083%,0.3818%,,,3.0
2025-05-30 09:05:00+05:30,JP,2-Year JGB Auction,0.752%,0.691%,,,3.0
2025-05-30 10:30:00+05:30,JP,Housing Starts YoYAPR,-26.6%,39.1%,-18.3%,-15.5%,2.0
2025-05-30 10:30:00+05:30,JP,Construction Orders YoYAPR,52.7%,3.5%,,5.0%,3.0
2025-05-30 11:30:00+05:30,GB,Nationwide Housing Prices YoYMAY,,3.4%,,3.5%,2.0
2025-05-30 11:30:00+05:30,DE,Import Prices YoYAPR,,2.1%,,0.8%,3.0
2025-05-30 11:30:00+05:30,ZA,Private Sector Credit YoYAPR,4.6%,3.45%,,3.25%,3.0
2025-05-30 11:30:00+05:30,DE,Retail Sales MoMAPR,-1.1%,0.9%,0.2%,0.6%,2.0
2025-05-30 11:30:00+05:30,DE,Retail Sales YoYAPR,2.3%,3.3%,1.8%,2.4%,2.0
2025-05-30 11:30:00+05:30,GB,Nationwide Housing Prices MoMMAY,,-0.6%,,0.5%,2.0
2025-05-30 11:30:00+05:30,DE,Import Prices MoMAPR,,-1%,,-0.6%,3.0
2025-05-30 11:30:00+05:30,ZA,M3 Money Supply YoYAPR,6.12%,5.75%,,,3.0
2025-05-30 12:30:00+05:30,TR,Participation RateAPR,53.4%,53.6%,,53.5%,3.0
2025-05-30 12:30:00+05:30,TR,Unemployment RateAPR,8.6%,8%,,8.0%,2.0
2025-05-30 12:30:00+05:30,ES,Harmonised Inflation Rate MoM PrelMAY,-0.1%,0.6%,0%,0.2%,3.0
2025-05-30 12:30:00+05:30,ES,Inflation Rate MoM PrelMAY,0%,0.6%,0.1%,0.2%,2.0
2025-05-30 12:30:00+05:30,ES,Core Inflation Rate YoY PrelMAY,2.1%,2.4%,,2.4%,3.0
2025-05-30 12:30:00+05:30,ES,Inflation Rate YoY PrelMAY,1.9%,2.2%,2.1%,2.1%,2.0
2025-05-30 12:30:00+05:30,TR,GDP Growth Rate YoYQ1,2%,3%,2.3%,2.2%,2.0
2025-05-30 12:30:00+05:30,TR,GDP Growth Rate QoQQ1,1%,1.7%,,0.9%,2.0
2025-05-30 12:30:00+05:30,ES,Harmonised Inflation Rate YoY PrelMAY,1.9%,2.2%,2%,2.2%,3.0
2025-05-30 13:00:00+05:30,AU,Private House Approvals MoM FinalAPR,3.1%,-1.9%,,,3.0
2025-05-30 13:30:00+05:30,EA,M3 Money Supply YoYAPR,3.9%,3.7%,3.7%,3.4%,3.0
2025-05-30 13:30:00+05:30,DE,Brandenburg CPI MoMMAY,0%,0.4%,,,3.0
2025-05-30 13:30:00+05:30,EA,Loans to Companies YoYAPR,2.6%,2.3%,,2.4%,3.0
2025-05-30 13:30:00+05:30,DE,North Rhine Westphalia CPI MoMMAY,0.2%,0.4%,,,3.0
2025-05-30 13:30:00+05:30,IT,GDP Growth Rate QoQ FinalQ1,0.3%,0.2%,0.3%,0.3%,3.0
2025-05-30 13:30:00+05:30,DE,Saxony CPI YoYMAY,2.3%,2.4%,,,3.0
2025-05-30 13:30:00+05:30,DE,North Rhine Westphalia CPI YoYMAY,2%,1.8%,,,3.0
2025-05-30 13:30:00+05:30,DE,Saxony CPI MoMMAY,0%,0.5%,,,3.0
2025-05-30 13:30:00+05:30,EA,Loans to Households YoYAPR,1.9%,1.7%,1.8%,1.8%,3.0
2025-05-30 13:30:00+05:30,ES,Current AccountMAR,€1.42B,€2.31B,,€4.9B,3.0
2025-05-30 13:30:00+05:30,DE,Bavaria CPI MoMMAY,0.1%,0.4%,,,3.0
2025-05-30 13:30:00+05:30,DE,Baden Wuerttemberg CPI MoMMAY,-0.1%,0.5%,,,3.0
2025-05-30 13:30:00+05:30,DE,Hesse CPI MoMMAY,0%,0.5%,,,3.0
2025-05-30 13:30:00+05:30,DE,Hesse CPI YoYMAY,2.3%,2.3%,,,3.0
2025-05-30 13:30:00+05:30,DE,Brandenburg CPI YoYMAY,2.2%,2.2%,,,3.0
2025-05-30 13:30:00+05:30,IT,GDP Growth Rate YoY FinalQ1,0.7%,0.5%,0.6%,0.6%,3.0
2025-05-30 13:30:00+05:30,DE,Baden Wuerttemberg CPI YoYMAY,2.2%,2.4%,,,3.0
2025-05-30 13:30:00+05:30,DE,Bavaria CPI YoYMAY,2.1%,2.1%,,,3.0
2025-05-30 14:30:00+05:30,IT,Harmonised Inflation Rate MoM PrelMAY,0.1%,0.4%,0%,0.1%,3.0
2025-05-30 14:30:00+05:30,IT,Inflation Rate YoY PrelMAY,1.7%,1.9%,1.7%,1.8%,1.0
2025-05-30 14:30:00+05:30,IT,Inflation Rate MoM PrelMAY,0%,0.1%,0.1%,0.1%,2.0
2025-05-30 14:30:00+05:30,IT,Harmonised Inflation Rate YoY PrelMAY,1.9%,2%,1.9%,2%,3.0
2025-05-30 14:40:00+05:30,ZA,Budget BalanceAPR,ZAR-64.63B,ZAR-13.11B,,ZAR -20.0B,3.0
2025-05-30 15:30:00+05:30,IT,PPI YoYAPR,,3.9%,,3.8%,3.0
2025-05-30 15:30:00+05:30,IT,PPI MoMAPR,,-2.4%,,-1.0%,3.0
2025-05-30 16:00:00+05:30,IN,Government Budget ValueMAR,,INR-13468.5B,,INR -13900.0B,3.0
2025-05-30 16:00:00+05:30,IT,PPI MoMAPR,-2.2%,-2.4%,,-1.0%,3.0
2025-05-30 16:00:00+05:30,IN,GDP Growth Rate YoYQ1,7.4%,6.4%,6.7%,6.6%,1.0
2025-05-30 16:00:00+05:30,IT,PPI YoYAPR,2.6%,3.9%,,3.8%,3.0
2025-05-30 16:00:00+05:30,IN,Government Budget ValueAPR,,,,INR -1900.0B,3.0
2025-05-30 16:30:00+05:30,TR,Financial Stability Report,,,,,3.0
2025-05-30 16:30:00+05:30,ZA,Budget BalanceAPR,,ZAR-13.11B,,,3.0
2025-05-30 17:00:00+05:30,IN,Foreign Exchange ReservesMAY/23,$692.72B,$685.73B,,,3.0
2025-05-30 17:00:00+05:30,BR,Gross Debt to GDPAPR,76.2%,75.9%,76.2%,75.8%,3.0
2025-05-30 17:00:00+05:30,BR,Nominal Budget BalanceAPR,BRL-55.536B,BRL-71.621B,BRL -58.1B,BRL -63.0B,3.0
2025-05-30 17:30:00+05:30,IN,Government Budget ValueMAR,INR -15772.7B,INR-13468.5B,,INR -13900.0B,3.0
2025-05-30 17:30:00+05:30,DE,Inflation Rate MoM PrelMAY,0.1%,0.4%,0.1%,0.0%,2.0
2025-05-30 17:30:00+05:30,DE,Harmonised Inflation Rate YoY PrelMAY,2.1%,2.2%,2%,2.1%,3.0
2025-05-30 17:30:00+05:30,DE,Inflation Rate YoY PrelMAY,2.1%,2.1%,2%,2.0%,1.0
2025-05-30 17:30:00+05:30,IN,Government Budget ValueAPR,INR -1863.3B,INR-15772.7B,,INR -1900.0B,3.0
2025-05-30 17:30:00+05:30,MX,Unemployment RateAPR,2.5%,2.2%,2.5%,2.4%,2.0
2025-05-30 17:30:00+05:30,ZA,Balance of TradeAPR,ZAR14.08B,ZAR22.65B,,ZAR 30.0B,2.0
2025-05-30 17:30:00+05:30,BR,GDP Growth Rate YoYQ1,2.9%,3.6%,3.2%,3%,2.0
2025-05-30 17:30:00+05:30,BR,GDP Growth Rate QoQQ1,1.4%,0.1%,1.4%,1.2%,2.0
2025-05-30 17:30:00+05:30,DE,Harmonised Inflation Rate MoM PrelMAY,0.2%,0.5%,0.1%,0.1%,3.0
2025-05-30 18:00:00+05:30,US,Retail Inventories Ex Autos MoM AdvAPR,0.3%,0.3%,,0.1%,2.0
2025-05-30 18:00:00+05:30,ZA,Budget BalanceAPR,,ZAR-13.11B,,,3.0
2025-05-30 18:00:00+05:30,US,Personal Income MoMAPR,0.8%,0.7%,0.3%,0.4%,1.0
2025-05-30 18:00:00+05:30,US,Core PCE Price Index MoMAPR,0.1%,0.1%,0.1%,0.2%,1.0
2025-05-30 18:00:00+05:30,CA,GDP Growth Rate AnnualizedQ1,2.2%,2.1%,1.7%,1.3%,1.0
2025-05-30 18:00:00+05:30,US,Goods Trade Balance AdvAPR,$-87.62B,$-162.25B,$-141.5B,$-149.0B,2.0
2025-05-30 18:00:00+05:30,US,Personal Spending MoMAPR,0.2%,0.7%,0.2%,0.1%,1.0
2025-05-30 18:00:00+05:30,US,Core PCE Price Index YoYAPR,2.5%,2.7%,2.5%,2.6%,3.0
2025-05-30 18:00:00+05:30,US,Wholesale Inventories MoM AdvAPR,0%,0.3%,0.4%,0%,2.0
2025-05-30 18:00:00+05:30,US,PCE Price Index MoMAPR,0.1%,0%,0.1%,0.2%,2.0
2025-05-30 18:00:00+05:30,US,PCE Price Index YoYAPR,2.1%,2.3%,2.2%,2.2%,2.0
2025-05-30 18:00:00+05:30,CA,GDP MoMMAR,0.1%,-0.2%,0.1%,0.1%,2.0
2025-05-30 18:00:00+05:30,CA,GDP Growth Rate QoQQ1,0.5%,0.5%,,0.3%,1.0
2025-05-30 18:00:00+05:30,CA,GDP MoM PrelAPR,0.1%,0.1%,,-0.3%,2.0
2025-05-30 18:00:00+05:30,CA,GDP Implicit Price QoQQ1,0.6%,0.9%,,0.6%,3.0
2025-05-30 19:15:00+05:30,US,Chicago PMIMAY,40.5,44.6,45,47,2.0
2025-05-30 19:30:00+05:30,US,Michigan Consumer Sentiment FinalMAY,52.2,52.2,51,50.8,2.0
2025-05-30 19:30:00+05:30,US,Michigan 5 Year Inflation Expectations FinalMAY,4.2%,4.4%,4.6%,4.6%,3.0
2025-05-30 19:30:00+05:30,ZA,Budget BalanceAPR,,ZAR-13.11B,,,3.0
2025-05-30 19:30:00+05:30,US,Michigan Current Conditions FinalMAY,58.9,59.8,57.6,57.6,3.0
2025-05-30 19:30:00+05:30,US,Michigan Consumer Expectations FinalMAY,47.9,47.3,46.5,46.5,3.0
2025-05-30 19:30:00+05:30,US,Michigan Inflation Expectations FinalMAY,6.6%,6.5%,7.3%,7.3%,3.0
2025-05-30 20:30:00+05:30,CA,Budget BalanceMAR,C$-23.88B,C$7.57B,,C$3.0B,3.0
2025-05-30 20:30:00+05:30,ZA,Budget BalanceAPR,,ZAR-13.11B,,,3.0
2025-05-30 20:30:00+05:30,RU,M2 Money Supply YoYAPR,,17.0%,,,3.0
2025-05-30 21:30:00+05:30,RU,M2 Money Supply YoYAPR,14.0%,17.0%,,16.9%,3.0
2025-05-30 21:50:00+05:30,US,Fed Bostic Speech,,,,,2.0
2025-05-30 22:30:00+05:30,ZA,Budget BalanceAPR,,ZAR-13.11B,,ZAR -20.0B,3.0
2025-05-30 22:30:00+05:30,GB,Nationwide Housing Prices MoMMAY,,-0.6%,,0.5%,3.0
2025-05-30 22:30:00+05:30,GB,Nationwide Housing Prices YoYMAY,,3.4%,,3.5%,3.0
2025-05-30 22:30:00+05:30,US,Baker Hughes Total Rigs CountMAY/30,563,566,,,3.0
2025-05-30 22:30:00+05:30,RU,M2 Money Supply YoYAPR,,17.0%,,16.9%,3.0
2025-05-30 22:30:00+05:30,US,Baker Hughes Oil Rig CountMAY/30,461,465,464,,3.0
2025-05-31 01:30:00+05:30,MX,Fiscal BalanceAPR,MXN-137.3B,MXN-138.9B,,MXN-143.0B,3.0
2025-05-31 05:00:00+05:30,US,Fed Goolsbee Speech,,,,,2.0
2025-05-31 07:00:00+05:30,CN,NBS General PMIMAY,50.4,50.2,,50.4,3.0
2025-05-31 07:00:00+05:30,OP,OPEC and non-OPEC Ministerial Meeting,,,,,3.0
2025-05-31 07:00:00+05:30,MX,Fiscal BalanceAPR,,MXN-138.9B,,MXN-143.0B,3.0
2025-05-31 07:00:00+05:30,CN,NBS Non Manufacturing PMIMAY,50.3,50.4,50.6,50.4,2.0
2025-05-31 07:00:00+05:30,CN,NBS Manufacturing PMIMAY,49.5,49.0,49.5,48.6,1.0
2025-05-31 22:30:00+05:30,MX,Fiscal BalanceAPR,,MXN-138.9B,,MXN-143.0B,
2025-06-01 05:30:00+05:30,KR,Imports YoYMAY,-5.3%,-2.7%,-3.1%,-2.0%,3.0
2025-06-01 05:30:00+05:30,KR,Balance of TradeMAY,$6.94B,$4.88B,$4.61B,$5.1B,3.0
2025-06-01 05:30:00+05:30,OP,OPEC and non-OPEC Ministerial Meeting,,,,,3.0
2025-06-01 05:30:00+05:30,KR,Exports YoYMAY,-1.3%,3.7%,-2.7%,0.9%,2.0
2025-06-02 04:30:00+05:30,AU,S&P Global Manufacturing PMI FinalMAY,51,51.7,51.7,51.7,3.0
2025-06-02 05:20:00+05:30,JP,Capital Spending YoYQ1,6.4%,-0.2%,3.8%,4.9%,2.0
2025-06-02 05:30:00+05:30,US,Fed Waller Speech,,,,,2.0
2025-06-02 05:31:00+05:30,AU,CoreLogic Dwelling Prices MoMMAY,0.5%,0.3%,,0.3%,3.0
2025-06-02 06:00:00+05:30,JP,Jibun Bank Manufacturing PMI FinalMAY,49.4,48.7,49.0,49.0,3.0
2025-06-02 06:00:00+05:30,KR,S&P Global Manufacturing PMIMAY,47.7,47.5,,48.4,2.0
2025-06-02 06:00:00+05:30,ID,S&P Global Manufacturing PMIMAY,47.4,46.7,,48.3,3.0
2025-06-02 07:00:00+05:30,AU,ANZ-Indeed Job Ads MoMMAY,-1.2%,-0.3%,,0.4%,3.0
2025-06-02 09:30:00+05:30,ID,Tourist Arrivals YoYAPR,9.15%,-2.18%,,,3.0
2025-06-02 09:30:00+05:30,ID,Imports YoYAPR,21.84%,5.34%,7.75%,5.2%,3.0
2025-06-02 09:30:00+05:30,ID,Inflation Rate MoMMAY,-0.37%,1.17%,-0.01%,0.0%,3.0
2025-06-02 09:30:00+05:30,ID,Inflation Rate YoYMAY,1.6%,1.95%,1.94%,1.9%,2.0
2025-06-02 09:30:00+05:30,ID,Exports YoYAPR,5.76%,3.16%,5.76%,4.2%,3.0
2025-06-02 09:30:00+05:30,ID,Balance of TradeAPR,$0.15B,$4.33B,$3.04B,$3.1B,2.0
2025-06-02 09:30:00+05:30,ID,Core Inflation Rate YoYMAY,2.4%,2.5%,2.5%,2.4%,3.0
2025-06-02 10:30:00+05:30,KR,2-Year KTB Auction,,2.350%,,,3.0
2025-06-02 10:30:00+05:30,IN,HSBC Manufacturing PMI FinalMAY,57.6,58.2,58.5,58.3,3.0
2025-06-02 11:30:00+05:30,RU,S&P Global Manufacturing PMIMAY,50.2,49.3,,49.5,2.0
2025-06-02 11:30:00+05:30,GB,Nationwide Housing Prices YoYMAY,3.5%,3.4%,2.9%,3.3%,2.0
2025-06-02 11:30:00+05:30,GB,Nationwide Housing Prices MoMMAY,0.5%,-0.6%,0.1%,0.1%,2.0
2025-06-02 12:00:00+05:30,AU,TD-MI Inflation Gauge MoMMAY,-0.4%,0.6%,,0.5%,3.0
2025-06-02 12:00:00+05:30,AU,Commodity Prices YoYMAY,-7.7%,-7.1%,,-6.7%,3.0
2025-06-02 12:30:00+05:30,TR,Istanbul Chamber of Industry Manufacturing PMIMAY,47.2,47.3,,48,3.0
2025-06-02 12:30:00+05:30,ES,Tourist Arrivals YoYAPR,10.1%,3.8%,,7.5%,3.0
2025-06-02 12:45:00+05:30,ES,HCOB Manufacturing PMIMAY,50.5,48.1,48.4,48.5,2.0
2025-06-02 13:15:00+05:30,IT,HCOB Manufacturing PMIMAY,49.2,49.3,49.6,49.8,2.0
2025-06-02 13:20:00+05:30,FR,HCOB Manufacturing PMI FinalMAY,49.8,48.7,49.5,49.5,3.0
2025-06-02 13:25:00+05:30,DE,HCOB Manufacturing PMI FinalMAY,48.3,48.4,48.8,48.8,3.0
2025-06-02 13:30:00+05:30,EA,HCOB Manufacturing PMI FinalMAY,49.4,49,49.4,49.4,3.0
2025-06-02 13:45:00+05:30,TR,Exports PrelMAY,$24.8B,$20.8B,,$24.3B,3.0
2025-06-02 13:45:00+05:30,TR,Balance of Trade PrelMAY,$-6.5B,$-12.09B,,$-8.7B,2.0
2025-06-02 13:45:00+05:30,TR,Imports PrelMAY,$31.3B,$32.89B,,$33.0B,3.0
2025-06-02 14:00:00+05:30,GB,Net Lending to Individuals MoMAPR,£0.82B,£13.8B,£2.8B,£5.0B,3.0
2025-06-02 14:00:00+05:30,GB,S&P Global Manufacturing PMI FinalMAY,46.4,45.4,45.1,45.1,3.0
2025-06-02 14:00:00+05:30,GB,Mortgage ApprovalsAPR,60.46K,63.6K,63K,64.1K,2.0
2025-06-02 14:00:00+05:30,GB,M4 Money Supply MoMAPR,0.0%,0.3%,0.2%,0.3%,3.0
2025-06-02 14:00:00+05:30,GB,Mortgage LendingAPR,£-0.76B,£12.96B,£-0.5B,£4.0B,2.0
2025-06-02 14:00:00+05:30,GB,BoE Consumer CreditAPR,£1.58B,£1.102B,£1.1B,£1.1B,2.0
2025-06-02 14:30:00+05:30,ZA,ABSA Manufacturing PMIMAY,43.1,44.7,,43.5,3.0
2025-06-02 15:15:00+05:30,EU,3-Year Bond Auction,2.142%,2.307%,,,3.0
2025-06-02 15:15:00+05:30,EU,17-Year Bond Auction,3.560%,,,,3.0
2025-06-02 15:15:00+05:30,EU,8-Year Bond Auction,2.748%,,,,3.0
2025-06-02 16:15:00+05:30,EU,8-Year Bond Auction,,,,,3.0
2025-06-02 16:15:00+05:30,EU,3-Year Bond Auction,,,,,3.0
2025-06-02 16:15:00+05:30,EU,EU Bond Auction,,,,,3.0
2025-06-02 16:15:00+05:30,EU,17-Year Bond Auction,,,,,3.0
2025-06-02 16:30:00+05:30,MX,Foreign Exchange ReservesMAY,,$239.3B,,$241.0B,3.0
2025-06-02 17:30:00+05:30,ES,New Car Sales YoYMAY,18.6%,7.1%,,4.5%,3.0
2025-06-02 17:30:00+05:30,ZA,Total New Vehicle SalesMAY,,42.4K,,40.0K,2.0
2025-06-02 17:30:00+05:30,MX,Business ConfidenceMAY,49.5,48.3,,48.9,2.0
2025-06-02 17:55:00+05:30,ZA,Total New Vehicle SalesMAY,45.308K,42.379K,,40.0K,3.0
2025-06-02 18:30:00+05:30,BR,S&P Global Manufacturing PMIMAY,49.4,50.3,,50.7,3.0
2025-06-02 18:30:00+05:30,FR,6-Month BTF Auction,1.962%,1.982%,,,3.0
2025-06-02 18:30:00+05:30,FR,3-Month BTF Auction,1.985%,1.999%,,,3.0
2025-06-02 18:30:00+05:30,FR,12-Month BTF Auction,1.909%,1.913%,,,3.0
2025-06-02 18:30:00+05:30,SG,SIPMM Manufacturing PMIMAY,49.7,49.6,,50.5,3.0
2025-06-02 19:00:00+05:30,CA,S&P Global Manufacturing PMIMAY,46.1,45.3,,45.8,2.0
2025-06-02 19:00:00+05:30,ZA,Total New Vehicle SalesMAY,,42.4K,,40.0K,2.0
2025-06-02 19:15:00+05:30,US,S&P Global Manufacturing PMI FinalMAY,52,50.2,52.3,52.3,3.0
2025-06-02 19:30:00+05:30,US,ISM Manufacturing PMIMAY,48.5,48.7,49.5,49,1.0
2025-06-02 19:30:00+05:30,US,ISM Manufacturing New OrdersMAY,47.6,47.2,,48,3.0
2025-06-02 19:30:00+05:30,US,ISM Manufacturing PricesMAY,69.4,69.8,70.2,71,3.0
2025-06-02 19:30:00+05:30,US,Construction Spending MoMAPR,-0.4%,-0.8%,0.3%,0.1%,3.0
2025-06-02 19:30:00+05:30,US,ISM Manufacturing EmploymentMAY,46.8,46.5,,47,2.0
2025-06-02 19:45:00+05:30,US,Fed Logan Speech,,,,,2.0
2025-06-02 20:30:00+05:30,MX,S&P Global Manufacturing PMIMAY,46.7,44.8,,45,3.0
2025-06-02 21:00:00+05:30,ES,New Car Sales YoYMAY,,7.1%,,4.5%,3.0
2025-06-02 21:00:00+05:30,US,3-Month Bill Auction,4.250%,4.255%,,,3.0
2025-06-02 21:00:00+05:30,US,6-Month Bill Auction,4.150%,4.160%,,,3.0
2025-06-02 21:00:00+05:30,ZA,Total New Vehicle SalesMAY,,42.4K,,40.0K,3.0
2025-06-02 22:00:00+05:30,EA,ECB President Lagarde Speech,,,,,3.0
2025-06-02 22:15:00+05:30,TR,Imports PrelMAY,,$32.89B,,$33.0B,2.0
2025-06-02 22:15:00+05:30,GB,Nationwide Housing Prices YoYMAY,,3.4%,2.9%,3.3%,2.0
2025-06-02 22:15:00+05:30,TR,Exports PrelMAY,,$20.8B,,$24.3B,2.0
2025-06-02 22:15:00+05:30,ES,New Car Sales YoYMAY,18.6%,7.1%,,4.5%,2.0
2025-06-02 22:15:00+05:30,BR,BCB Focus Market Readout,,,,,2.0
2025-06-02 22:15:00+05:30,TR,Balance of Trade PrelMAY,,$-12.09B,,$-8.7B,2.0
2025-06-02 22:15:00+05:30,US,Fed Goolsbee Speech,,,,,2.0
2025-06-02 22:15:00+05:30,ZA,Total New Vehicle SalesMAY,,42.4K,,40.0K,2.0
2025-06-02 22:15:00+05:30,AR,Tax RevenueMAY,,ARS13681B,,,2.0
2025-06-02 22:15:00+05:30,KR,2-Year KTB Auction,,2.350%,,,2.0
2025-06-02 22:15:00+05:30,GB,Nationwide Housing Prices MoMMAY,,-0.6%,0.1%,0.1%,2.0
2025-06-02 22:30:00+05:30,BR,BCB Focus Market Readout,,,,,1.0
2025-06-02 22:30:00+05:30,US,Fed Chair Powell Speech,,,,,1.0
2025-06-03 04:30:00+05:30,KR,Inflation Rate MoMMAY,,0.1%,0.1%,0.1%,3.0
2025-06-03 04:30:00+05:30,KR,Inflation Rate YoYMAY,,2.1%,2.1%,2.1%,2.0
2025-06-03 05:30:00+05:30,AR,Tax RevenueMAY,ARS15863B,ARS13682B,,,3.0
2025-06-03 07:00:00+05:30,AU,Current AccountQ1,A$-14.7B,A$-16.3B,A$-12B,A$-7.6B,3.0
2025-06-03 07:00:00+05:30,AU,RBA Meeting Minutes,,,,,1.0
2025-06-03 07:00:00+05:30,AU,Business Inventories QoQQ1,0.8%,0.2%,0.2%,0.3%,3.0
2025-06-03 07:00:00+05:30,AU,TD-MI Inflation Gauge MoMMAY,,0.6%,,0.5%,3.0
2025-06-03 07:00:00+05:30,AU,Company Gross Profits QoQQ1,-0.5%,6.0%,1.1%,-3.0%,2.0
2025-06-03 07:00:00+05:30,AU,Net Exports Contribution to GDPQ1,-0.1%,0.2%,-0.1%,0.1%,3.0
2025-06-03 07:15:00+05:30,AU,CoreLogic Dwelling Prices MoMMAY,,0.3%,,0.3%,1.0
2025-06-03 07:15:00+05:30,CN,Caixin Manufacturing PMIMAY,48.3,50.4,50.6,50.7,1.0
2025-06-03 09:05:00+05:30,JP,10-Year JGB Auction,1.512%,1.274%,,,3.0
2025-06-03 09:45:00+05:30,SA,Riyad Bank PMIMAY,55.8,55.6,,55.3,3.0
2025-06-03 10:30:00+05:30,AU,CoreLogic Dwelling Prices MoMMAY,,0.3%,,0.3%,3.0
2025-06-03 10:30:00+05:30,SG,MAS 12-Week Bill Auction,2.24%,2.19%,,,3.0
2025-06-03 10:30:00+05:30,KR,2-Year KTB Auction,,,,,3.0
2025-06-03 10:30:00+05:30,SG,MAS 4-Week Bill Auction,2.34%,2.28%,,,3.0
2025-06-03 10:30:00+05:30,KR,30-Year KTB Auction,,2.485%,,,3.0
2025-06-03 12:15:00+05:30,FR,Budget BalanceAPR,€-69.3B,€-47B,,€-89.0B,3.0
2025-06-03 12:30:00+05:30,ES,Unemployment ChangeMAY,-57.8K,-67.4K,-68.5K,-70.0K,2.0
2025-06-03 12:30:00+05:30,TR,Inflation Rate MoMMAY,1.53%,3%,2%,2.2%,2.0
2025-06-03 12:30:00+05:30,TR,PPI YoYMAY,23.13%,22.5%,,22.3%,3.0
2025-06-03 12:30:00+05:30,TR,PPI MoMMAY,2.48%,2.76%,,1.9%,3.0
2025-06-03 12:30:00+05:30,TR,Inflation Rate YoYMAY,35.41%,37.86%,36.1%,36.3%,2.0
2025-06-03 13:30:00+05:30,BR,IPC-Fipe Inflation MoMMAY,0.27%,0.45%,,0.4%,3.0
2025-06-03 13:30:00+05:30,IT,Unemployment RateAPR,5.9%,6.1%,6.1%,6.1%,2.0
2025-06-03 14:10:00+05:30,ES,12-Month Letras Auction,1.878%,1.886%,,,3.0
2025-06-03 14:10:00+05:30,ES,6-Month Letras Auction,1.890%,1.937%,,,3.0
2025-06-03 14:30:00+05:30,GB,40-Year Treasury Gilt Auction,5.281%,5.076%,,,3.0
2025-06-03 14:30:00+05:30,EA,Inflation Rate MoM FlashMAY,0.0%,0.6%,,0.1%,2.0
2025-06-03 14:30:00+05:30,EA,Unemployment RateAPR,6.2%,6.3%,6.2%,6.2%,2.0
2025-06-03 14:30:00+05:30,GB,38-Year Treasury Gilt Auction,,5.076%,,,3.0
2025-06-03 14:30:00+05:30,EA,CPI FlashMAY,128.73,128.77,,128.9,3.0
2025-06-03 14:30:00+05:30,EA,Inflation Rate YoY FlashMAY,1.9%,2.2%,2%,2.1%,1.0
2025-06-03 14:30:00+05:30,EA,Core Inflation Rate YoY FlashMAY,2.3%,2.7%,2.5%,2.5%,2.0
2025-06-03 15:00:00+05:30,ZA,GDP Growth Rate QoQQ1,0.1%,0.4%,0%,0.1%,2.0
2025-06-03 15:00:00+05:30,DE,2-Year Schatz Auction,1.78%,1.94%,,,3.0
2025-06-03 15:00:00+05:30,ZA,GDP Growth Rate YoYQ1,0.8%,0.8%,,0.3%,2.0
2025-06-03 15:30:00+05:30,US,LMI Logistics Managers IndexMAY,59.4,58.8,,,3.0
2025-06-03 17:30:00+05:30,AU,CoreLogic Dwelling Prices MoMMAY,,0.3%,,0.3%,3.0
2025-06-03 17:30:00+05:30,BR,Industrial Production YoYAPR,-0.3%,3.2%,0.2%,1%,3.0
2025-06-03 17:30:00+05:30,BR,Industrial Production MoMAPR,0.1%,1.2%,0.1%,-0.7%,2.0
2025-06-03 17:30:00+05:30,US,LMI Logistics Managers IndexMAY,,58.8,,,3.0
2025-06-03 18:25:00+05:30,US,Redbook YoYMAY/31,4.9%,6.1%,,,3.0
2025-06-03 18:25:00+05:30,AU,CoreLogic Dwelling Prices MoMMAY,,0.3%,,0.3%,3.0
2025-06-03 18:25:00+05:30,US,LMI Logistics Managers IndexMAY,,58.8,,,3.0
2025-06-03 19:30:00+05:30,FR,New Car Registrations YoYMAY,-12.3%,-5.6%,,-3.4%,3.0
2025-06-03 19:30:00+05:30,US,Factory Orders ex TransportationAPR,-0.5%,-0.5%,0.2%,0.3%,3.0
2025-06-03 19:30:00+05:30,US,Factory Orders MoMAPR,-3.7%,3.4%,-3%,-2.2%,2.0
2025-06-03 19:30:00+05:30,US,JOLTs Job QuitsAPR,3.194M,3.344M,,3.3M,3.0
2025-06-03 19:30:00+05:30,US,JOLTs Job OpeningsAPR,7.391M,7.2M,7.10M,7.05M,1.0
2025-06-03 19:40:00+05:30,AR,Tax RevenueMAY,,ARS13681B,,,3.0
2025-06-03 19:40:00+05:30,IT,New Car Registrations YoYMAY,,2.7%,,3.2%,3.0
2025-06-03 19:40:00+05:30,MX,Foreign Exchange ReservesMAY,,$239.3B,,$241.0B,3.0
2025-06-03 19:40:00+05:30,AU,CoreLogic Dwelling Prices MoMMAY,,0.3%,,0.3%,3.0
2025-06-03 19:40:00+05:30,US,Total Vehicle SalesMAY,,17.27M,16.3M,,3.0
2025-06-03 19:40:00+05:30,US,LMI Logistics Managers IndexMAY,,58.8,,,3.0
2025-06-03 19:40:00+05:30,US,RCM/TIPP Economic Optimism IndexJUN,49.2,47.9,49.1,48.3,3.0
2025-06-03 21:50:00+05:30,IT,New Car Registrations YoYMAY,-0.2%,2.7%,,3.2%,3.0
2025-06-03 22:00:00+05:30,MX,Foreign Exchange ReservesMAY,$240B,$239.3B,,$241.0B,3.0
2025-06-03 22:15:00+05:30,US,Fed Goolsbee Speech,,,,,2.0
2025-06-03 22:30:00+05:30,KR,2-Year KTB Auction,,,,,2.0
2025-06-03 22:30:00+05:30,IT,New Car Registrations YoYMAY,,2.7%,,3.2%,2.0
2025-06-03 22:30:00+05:30,KR,30-Year KTB Auction,,,,,2.0
2025-06-03 22:30:00+05:30,US,Fed Cook Speech,,,,,2.0
2025-06-03 22:30:00+05:30,US,Total Vehicle SalesMAY,,17.27M,16.3M,,2.0
2025-06-03 22:30:00+05:30,US,LMI Logistics Managers IndexMAY,,58.8,,,2.0
2025-06-03 22:30:00+05:30,MX,Foreign Exchange ReservesMAY,,$239.3B,,$241.0B,2.0
2025-06-03 22:30:00+05:30,AR,Tax RevenueMAY,,ARS13681B,,,2.0
2025-06-04 01:00:00+05:30,US,Fed Logan Speech,,,,,2.0
2025-06-04 02:00:00+05:30,US,Total Vehicle SalesMAY,15.65M,17.25M,16.3M,,3.0
2025-06-04 02:00:00+05:30,US,API Crude Oil Stock ChangeMAY/30,,-4.236M,-0.9M,,2.0
2025-06-04 02:30:00+05:30,KR,Foreign Exchange ReservesMAY,,$404.67B,,,3.0
2025-06-04 03:30:00+05:30,US,API Crude Oil Stock ChangeMAY/30,-3.3M,-4.236M,-0.9M,,2.0
2025-06-04 04:30:00+05:30,KR,GDP Growth Rate YoY FinalQ1,,1.2%,-0.1%,-0.1%,3.0
2025-06-04 04:30:00+05:30,KR,Inflation Rate MoMMAY,-0.1%,0.1%,0.1%,0.1%,3.0
2025-06-04 04:30:00+05:30,AU,Ai Group Industry IndexMAY,-12.3,-15,,-10,2.0
2025-06-04 04:30:00+05:30,AU,Ai Group Manufacturing IndexMAY,-23.5,-25.2,,-24.2,3.0
2025-06-04 04:30:00+05:30,AU,S&P Global Services PMI FinalMAY,50.6,51.0,50.5,50.5,3.0
2025-06-04 04:30:00+05:30,KR,GDP Growth Rate QoQ FinalQ1,,0.1%,-0.2%,-0.2%,3.0
2025-06-04 04:30:00+05:30,AU,S&P Global Composite PMI FinalMAY,50.5,51.0,,50.6,3.0
2025-06-04 04:30:00+05:30,KR,Inflation Rate YoYMAY,1.9%,2.1%,2.1%,2.1%,2.0
2025-06-04 04:30:00+05:30,AU,Ai Group Construction IndexMAY,-6.4,-7.9,,-6,3.0
2025-06-04 05:30:00+05:30,AR,Tax RevenueMAY,,ARS13681B,,,3.0
2025-06-04 06:00:00+05:30,JP,Jibun Bank Composite PMI FinalMAY,50.2,51.2,,49.8,3.0
2025-06-04 06:00:00+05:30,SG,S&P Global PMIMAY,51.5,52.8,,52,3.0
2025-06-04 06:00:00+05:30,JP,Jibun Bank Services PMI FinalMAY,51.0,52.4,50.8,50.8,3.0
2025-06-04 07:00:00+05:30,AU,GDP Growth Rate QoQQ1,0.2%,0.6%,0.4%,0.2%,1.0
2025-06-04 07:00:00+05:30,AU,GDP Capital Expenditure QoQQ1,0.1%,0.7%,,,3.0
2025-06-04 07:00:00+05:30,AU,GDP Growth Rate YoYQ1,1.3%,1.3%,1.5%,1.3%,2.0
2025-06-04 07:00:00+05:30,AU,GDP Final Consumption QoQQ1,0.2%,0.6%,,,3.0
2025-06-04 07:00:00+05:30,AU,GDP Chain Price Index QoQQ1,0.5%,1.4%,,,3.0
2025-06-04 09:05:00+05:30,JP,BoJ JGB Purchases 0 to 1 yrs,,,¥100 billion,,3.0
2025-06-04 09:05:00+05:30,JP,BoJ JGB Purchases,,,,,3.0
2025-06-04 09:05:00+05:30,JP,BoJ JGB Purchases 3 to 5 yrs,,,¥275 billion,,3.0
2025-06-04 09:05:00+05:30,JP,BoJ JGB Purchases 1 to 3 yrs,,,¥275 billion,,3.0
2025-06-04 09:05:00+05:30,JP,BoJ JGB Purchases 10 to 25 yrs,,,¥275 billion,,3.0
2025-06-04 09:45:00+05:30,SA,Riyad Bank PMIMAY,,55.6,,55.3,3.0
2025-06-04 10:30:00+05:30,KR,30-Year KTB Auction,2.790%,2.485%,,,3.0
2025-06-04 10:30:00+05:30,IN,HSBC Composite PMI FinalMAY,59.3,59.7,,61.2,3.0
2025-06-04 10:30:00+05:30,IN,HSBC Services PMI FinalMAY,58.8,58.7,61.2,60,3.0
2025-06-04 11:30:00+05:30,RU,S&P Global Composite PMIMAY,51.4,49.8,,50.1,3.0
2025-06-04 11:30:00+05:30,RU,S&P Global Services PMIMAY,52.2,50.1,,50.5,3.0
2025-06-04 12:30:00+05:30,ES,Industrial Production YoYAPR,0.6%,0.9%,,2.5%,3.0
2025-06-04 12:45:00+05:30,ZA,S&P Global PMIMAY,50.8,50.0,,48.6,3.0
2025-06-04 12:45:00+05:30,ES,HCOB Composite PMIMAY,51.4,52.5,,52.4,3.0
2025-06-04 12:45:00+05:30,TR,Exports PrelMAY,,,,,3.0
2025-06-04 12:45:00+05:30,TR,Imports PrelMAY,,,,,3.0
2025-06-04 12:45:00+05:30,TR,Balance of Trade PrelMAY,,,,,3.0
2025-06-04 12:45:00+05:30,ES,HCOB Services PMIMAY,51.3,53.4,52.9,53.3,2.0
2025-06-04 13:15:00+05:30,IT,HCOB Composite PMIMAY,52.5,52.1,,52.3,3.0
2025-06-04 13:15:00+05:30,IT,HCOB Services PMIMAY,53.2,52.9,52.3,52.7,2.0
2025-06-04 13:20:00+05:30,FR,HCOB Composite PMI FinalMAY,49.3,47.8,48,48,3.0
2025-06-04 13:20:00+05:30,FR,HCOB Services PMI FinalMAY,48.9,47.3,47.4,47.4,3.0
2025-06-04 13:25:00+05:30,DE,HCOB Services PMI FinalMAY,47.1,49,47.2,47.2,3.0
2025-06-04 13:25:00+05:30,DE,HCOB Composite PMI FinalMAY,48.5,50.1,48.6,48.6,3.0
2025-06-04 13:30:00+05:30,EA,HCOB Services PMI FinalMAY,49.7,50.1,48.9,48.9,3.0
2025-06-04 13:30:00+05:30,TR,Exports PrelMAY,,,,,3.0
2025-06-04 13:30:00+05:30,TR,Imports PrelMAY,,,,,3.0
2025-06-04 13:30:00+05:30,EA,HCOB Composite PMI FinalMAY,50.2,50.4,49.5,49.5,3.0
2025-06-04 13:30:00+05:30,TR,Balance of Trade PrelMAY,,,,,3.0
2025-06-04 14:00:00+05:30,GB,S&P Global Composite PMI FinalMAY,50.3,48.5,49.4,49.4,3.0
2025-06-04 14:00:00+05:30,GB,S&P Global Services PMI FinalMAY,50.9,49,50.2,50.2,3.0
2025-06-04 14:30:00+05:30,GB,3-Year Treasury Gilt Auction,4.062%,3.834%,,,3.0
2025-06-04 15:30:00+05:30,ZA,Business ConfidenceQ2,40,45,,40,2.0
2025-06-04 15:40:00+05:30,EU,12-Month Bill Auction,1.899%,1.963%,,,3.0
2025-06-04 16:30:00+05:30,US,MBA 30-Year Mortgage RateMAY/30,6.92%,6.98%,,,2.0
2025-06-04 16:30:00+05:30,US,MBA Purchase IndexMAY/30,155,162.1,,,3.0
2025-06-04 16:30:00+05:30,US,MBA Mortgage Refinance IndexMAY/30,611.8,634.1,,,3.0
2025-06-04 16:30:00+05:30,US,MBA Mortgage ApplicationsMAY/30,-3.9%,-1.2%,,,3.0
2025-06-04 16:30:00+05:30,US,MBA Mortgage Market IndexMAY/30,226.4,235.7,,,3.0
2025-06-04 16:40:00+05:30,EU,6-Month Bill Auction,1.943%,2.002%,,,3.0
2025-06-04 16:40:00+05:30,EU,3-Month Bill Auction,1.942%,2.010%,,,3.0
2025-06-04 17:30:00+05:30,MX,Gross Fixed Investment YoYMAR,-0.2%,-7.8%,,1.4%,3.0
2025-06-04 17:30:00+05:30,MX,Gross Fixed Investment MoMMAR,0.3%,0.1%,,-0.1%,3.0
2025-06-04 17:45:00+05:30,US,ADP Employment ChangeMAY,37K,60K,115K,70.0K,2.0
2025-06-04 18:00:00+05:30,US,Fed Bostic Speech,,,,,2.0
2025-06-04 18:00:00+05:30,TR,Balance of Trade PrelMAY,,,,,3.0
2025-06-04 18:00:00+05:30,TR,Exports PrelMAY,,,,,3.0
2025-06-04 18:00:00+05:30,TR,Imports PrelMAY,,,,,3.0
2025-06-04 18:00:00+05:30,CA,Labor Productivity QoQQ1,0.2%,1.2%,0.4%,-0.1%,3.0
2025-06-04 18:30:00+05:30,BR,S&P Global Composite PMIMAY,49.1,49.4,,50.2,3.0
2025-06-04 18:30:00+05:30,BR,S&P Global Services PMIMAY,49.6,48.9,,49.7,2.0
2025-06-04 19:00:00+05:30,TR,Imports PrelMAY,,,,,3.0
2025-06-04 19:00:00+05:30,CA,S&P Global Services PMIMAY,45.6,41.5,,43,3.0
2025-06-04 19:00:00+05:30,TR,Balance of Trade PrelMAY,,,,,3.0
2025-06-04 19:00:00+05:30,CA,S&P Global Composite PMIMAY,45.5,41.7,,43.2,3.0
2025-06-04 19:00:00+05:30,TR,Exports PrelMAY,,,,,3.0
2025-06-04 19:15:00+05:30,US,S&P Global Composite PMI FinalMAY,53,50.6,52.1,52.1,3.0
2025-06-04 19:15:00+05:30,CA,BoC Interest Rate Decision,2.75%,2.75%,2.75%,2.75%,1.0
2025-06-04 19:15:00+05:30,US,S&P Global Services PMI FinalMAY,53.7,50.8,52.3,52.3,3.0
2025-06-04 19:30:00+05:30,US,ISM Services New OrdersMAY,46.4,52.3,52.3,52.6,3.0
2025-06-04 19:30:00+05:30,US,ISM Services PMIMAY,49.9,51.6,52,52,1.0
2025-06-04 19:30:00+05:30,US,ISM Services Business ActivityMAY,50.0,53.7,,54,3.0
2025-06-04 19:30:00+05:30,US,ISM Services PricesMAY,68.7,65.1,,65.7,3.0
2025-06-04 19:30:00+05:30,US,ISM Services EmploymentMAY,50.7,49.0,,50,3.0
2025-06-04 20:00:00+05:30,TR,Imports PrelMAY,,,,,3.0
2025-06-04 20:00:00+05:30,US,EIA Gasoline Production ChangeMAY/30,-0.714M,0.19M,,,3.0
2025-06-04 20:00:00+05:30,US,EIA Crude Oil Stocks ChangeMAY/30,-4.304M,-2.795M,-0.9M,,2.0
2025-06-04 20:00:00+05:30,TR,Balance of Trade PrelMAY,,,,,3.0
2025-06-04 20:00:00+05:30,US,EIA Heating Oil Stocks ChangeMAY/30,-0.282M,-0.006M,,,3.0
2025-06-04 20:00:00+05:30,CA,BoC Press Conference,,,,,2.0
2025-06-04 20:00:00+05:30,US,EIA Cushing Crude Oil Stocks ChangeMAY/30,0.576M,0.075M,,,3.0
2025-06-04 20:00:00+05:30,US,EIA Refinery Crude Runs ChangeMAY/30,0.67M,-0.162M,,,3.0
2025-06-04 20:00:00+05:30,TR,Exports PrelMAY,,,,,3.0
2025-06-04 20:00:00+05:30,US,EIA Gasoline Stocks ChangeMAY/30,5.219M,-2.441M,1.5M,,2.0
2025-06-04 20:00:00+05:30,US,EIA Distillate Fuel Production ChangeMAY/30,0.182M,0.1M,,,3.0
2025-06-04 20:00:00+05:30,US,EIA Distillate Stocks ChangeMAY/30,4.23M,-0.724M,2.2M,,3.0
2025-06-04 20:00:00+05:30,US,EIA Crude Oil Imports ChangeMAY/30,0.389M,-0.532M,,,3.0
2025-06-04 20:50:00+05:30,DE,New Car Registrations YoYMAY,1.2%,-0.2%,,0.7%,3.0
2025-06-04 21:00:00+05:30,US,17-Week Bill Auction,4.205%,4.220%,,,3.0
2025-06-04 21:30:00+05:30,RU,Business ConfidenceMAY,0.1,1.8,,2,3.0
2025-06-04 21:30:00+05:30,RU,Retail Sales YoYAPR,1.9%,1.3%,,3.5%,3.0
2025-06-04 21:30:00+05:30,RU,Corporate ProfitsMAR,RUB6.9T,RUB5.4T,,RUB 9T,3.0
2025-06-04 21:30:00+05:30,RU,Real Wage Growth YoYMAR,0.1%,3.2%,3%,2.8%,3.0
2025-06-04 21:30:00+05:30,RU,GDP YoYAPR,1.9%,1.1%,,2.7%,3.0
2025-06-04 21:30:00+05:30,RU,Unemployment RateAPR,2.3%,2.3%,2.4%,2.3%,2.0
2025-06-04 22:30:00+05:30,US,Fed Cook Speech,,,,,2.0
2025-06-04 23:30:00+05:30,TR,Exports PrelMAY,,$20.8B,,$24.3B,3.0
2025-06-04 23:30:00+05:30,EA,ECB Machado Speech,,,,,3.0
2025-06-04 23:30:00+05:30,TR,Balance of Trade PrelMAY,,$-12.09B,,$-8.7B,3.0
2025-06-04 23:30:00+05:30,TR,Imports PrelMAY,,$32.89B,,$33.0B,3.0
2025-06-04 23:30:00+05:30,US,Fed Beige Book,,,,,3.0
2025-06-04 23:30:00+05:30,RU,GDP YoYAPR,,1.4%,,2.7%,3.0
2025-06-04 23:30:00+05:30,US,Total Vehicle SalesMAY,,17.27M,16.3M,,3.0
2025-06-05 02:30:00+05:30,KR,Foreign Exchange ReservesMAY,$404.6B,$404.67B,,,3.0
2025-06-05 04:30:00+05:30,KR,Current AccountAPR,,$9.14B,,$0.3B,3.0
2025-06-05 04:30:00+05:30,KR,GDP Growth Rate YoY FinalQ1,0%,1.2%,-0.1%,-0.1%,3.0
2025-06-05 04:30:00+05:30,KR,GDP Growth Rate QoQ FinalQ1,-0.2%,0.1%,-0.2%,-0.2%,3.0
2025-06-05 05:00:00+05:30,JP,Average Cash Earnings YoYAPR,2.3%,2.3%,2.6%,2.2%,3.0
2025-06-05 05:00:00+05:30,JP,Overtime Pay YoYAPR,0.8%,-0.4%,,0.2%,3.0
2025-06-05 05:20:00+05:30,JP,Foreign Bond InvestmentMAY/31,¥-118B,¥100.4B,,,3.0
2025-06-05 05:20:00+05:30,JP,Stock Investment by ForeignersMAY/31,¥336.1B,¥309.1B,,,3.0
2025-06-05 07:00:00+05:30,AU,Exports MoMAPR,-2.4%,7.2%,,,3.0
2025-06-05 07:00:00+05:30,AU,Balance of TradeAPR,A$5.413,A$6.892,A$5.9B,$6.3B,1.0
2025-06-05 07:00:00+05:30,AU,Imports MoMAPR,1.1%,-2.4%,,,3.0
2025-06-05 07:15:00+05:30,AU,RBA Payments System Board Meeting,,,,,3.0
2025-06-05 07:15:00+05:30,CN,Caixin Composite PMIMAY,49.6,51.1,,50.7,3.0
2025-06-05 07:15:00+05:30,CN,Caixin Services PMIMAY,51.1,50.7,51.1,51,2.0
2025-06-05 09:05:00+05:30,JP,30-Year JGB Auction,2.904%,2.941%,,,3.0
2025-06-05 10:30:00+05:30,SG,Retail Sales MoMAPR,0.3%,-2.7%,,1.5%,3.0
2025-06-05 10:30:00+05:30,SG,Retail Sales YoYAPR,0.3%,1.3%,,1.8%,3.0
2025-06-05 10:30:00+05:30,SG,6-Month T-Bill Auction,,2.20%,,,3.0
2025-06-05 11:30:00+05:30,DE,Factory Orders MoMAPR,0.6%,3.4%,-1%,-1.8%,2.0
2025-06-05 13:00:00+05:30,FR,HCOB Construction PMIMAY,43.1,43.6,,45.1,3.0
2025-06-05 13:00:00+05:30,IT,HCOB Construction PMIMAY,50.5,50.1,,51.5,3.0
2025-06-05 13:00:00+05:30,EA,HCOB Construction PMIMAY,45.6,46,,46.8,3.0
2025-06-05 13:00:00+05:30,DE,HCOB Construction PMIMAY,44.4,45.1,,45.9,2.0
2025-06-05 13:30:00+05:30,GB,New Car Sales YoYMAY,1.6%,-10.4%,,4.0%,3.0
2025-06-05 13:30:00+05:30,IT,Retail Sales YoYAPR,3.7%,-2.7%,,-1.7%,3.0
2025-06-05 13:30:00+05:30,IT,Retail Sales MoMAPR,0.7%,-0.4%,0.2%,0.4%,2.0
2025-06-05 14:00:00+05:30,GB,S&P Global Construction PMIMAY,47.9,46.6,47.2,48,2.0
2025-06-05 14:10:00+05:30,ES,Obligacion Auction,,,,,3.0
2025-06-05 14:10:00+05:30,ES,3-Year Bonos Auction,2.118%,2.251%,,,3.0
2025-06-05 14:10:00+05:30,ES,Bonos Auction,,,,,3.0
2025-06-05 14:10:00+05:30,ES,Index-Linked Obligacion Auction,,,,,3.0
2025-06-05 14:10:00+05:30,ES,15-Year Index-Linked Obligacion Auction,1.678%,1.536%,,,3.0
2025-06-05 14:10:00+05:30,ES,7-Year Obligacion Auction,2.720%,2.750%,,,3.0
2025-06-05 14:10:00+05:30,AU,RBA Payments System Board Meeting,,,,,3.0
2025-06-05 14:10:00+05:30,ES,5-Year Bonos Auction,2.386%,2.375%,,,3.0
2025-06-05 14:30:00+05:30,FR,OAT Auction,,,,,3.0
2025-06-05 14:30:00+05:30,TR,Foreign Exchange ReservesMAY/30,$70.03B,$69.09B,,,3.0
2025-06-05 14:30:00+05:30,ZA,Current AccountQ1,ZAR-35.6B,ZAR-39.3B,,ZAR -85.0B,3.0
2025-06-05 14:30:00+05:30,FR,30-Year OAT Auction,3.95%,4.04%,,,3.0
2025-06-05 14:30:00+05:30,EA,PPI MoMAPR,-2.2%,-1.7%,-1.8%,-2.0%,3.0
2025-06-05 14:30:00+05:30,FR,10-Year OAT Auction,3.17%,3.24%,,,3.0
2025-06-05 14:30:00+05:30,EA,PPI YoYAPR,0.7%,1.9%,1.2%,0.9%,3.0
2025-06-05 14:30:00+05:30,FR,11-Year OAT Auction,3.27%,,,,3.0
2025-06-05 15:30:00+05:30,ZA,Business ConfidenceQ2,,45,,40,2.0
2025-06-05 17:00:00+05:30,TR,Foreign Exchange ReservesMAY/30,,$69.09B,,,3.0
2025-06-05 17:00:00+05:30,US,Challenger Job CutsMAY,93.816K,105.441K,,120.0K,3.0
2025-06-05 17:30:00+05:30,MX,Consumer ConfidenceMAY,46.7,45.5,,46.7,2.0
2025-06-05 17:45:00+05:30,EA,ECB Interest Rate Decision,2.15%,2.4%,2.15%,2.15%,1.0
2025-06-05 17:45:00+05:30,EA,Marginal Lending Rate,2.4%,2.65%,,2.4%,3.0
2025-06-05 17:45:00+05:30,EA,Deposit Facility Rate,2%,2.25%,2%,2%,1.0
2025-06-05 18:00:00+05:30,US,Initial Jobless ClaimsMAY/31,247K,239K,235K,243.0K,2.0
2025-06-05 18:00:00+05:30,US,Balance of TradeAPR,$-61.6B,$-138.3B,$-94B,$-66.6B,2.0
2025-06-05 18:00:00+05:30,US,ExportsAPR,$289.4B,$281.1B,,$284.4B,2.0
2025-06-05 18:00:00+05:30,US,Nonfarm Productivity QoQ FinalQ1,-1.5%,1.7%,-0.8%,-0.8%,3.0
2025-06-05 18:00:00+05:30,CA,ImportsAPR,C$67.58B,C$70.01B,,C$69.5B,3.0
2025-06-05 18:00:00+05:30,US,ImportsAPR,$351B,$419.4B,,$351.0B,2.0
2025-06-05 18:00:00+05:30,US,Continuing Jobless ClaimsMAY/24,1904K,1907K,1910K,1921.0K,3.0
2025-06-05 18:00:00+05:30,US,Unit Labour Costs QoQ FinalQ1,6.6%,2%,5.7%,5.7%,3.0
2025-06-05 18:00:00+05:30,US,Jobless Claims 4-week AverageMAY/31,235K,230.5K,,232.0K,3.0
2025-06-05 18:00:00+05:30,CA,Balance of TradeAPR,C$-7.14B,C$-2.26B,C$-1.5B,C$0.1B,1.0
2025-06-05 18:00:00+05:30,CA,ExportsAPR,C$60.44B,C$67.76B,,C$69.6B,3.0
2025-06-05 18:15:00+05:30,DE,New Car Registrations YoYMAY,,-0.2%,,,1.0
2025-06-05 18:15:00+05:30,EA,ECB Press Conference,,,,,1.0
2025-06-05 18:15:00+05:30,AU,RBA Payments System Board Meeting,,,,,1.0
2025-06-05 18:40:00+05:30,EA,ECB Machado Speech,,,,,3.0
2025-06-05 19:30:00+05:30,DE,New Car Registrations YoYMAY,,-0.2%,,,1.0
2025-06-05 19:30:00+05:30,AU,RBA Payments System Board Meeting,,,,,1.0
2025-06-05 19:30:00+05:30,CA,Ivey PMI s.aMAY,48.9,47.9,48.3,48.2,1.0
2025-06-05 19:30:00+05:30,WL,Global Supply Chain Pressure IndexMAY,0.19,-0.28,,,3.0
2025-06-05 19:30:00+05:30,BR,New Car Registrations MoMMAY,8.1%,6.7%,,1.8%,3.0
2025-06-05 19:30:00+05:30,BR,Car Production MoMMAY,-5.9%,20.1%,,-2%,3.0
2025-06-05 20:00:00+05:30,WL,Global Supply Chain Pressure IndexMAY,,-0.29,,,3.0
2025-06-05 20:00:00+05:30,AU,RBA Payments System Board Meeting,,,,,3.0
2025-06-05 20:00:00+05:30,DE,New Car Registrations YoYMAY,,-0.2%,,,3.0
2025-06-05 20:00:00+05:30,US,EIA Natural Gas Stocks ChangeMAY/30,122Bcf,101Bcf,111Bcf,,3.0
2025-06-05 21:00:00+05:30,US,4-Week Bill Auction,4.170%,4.215%,,,3.0
2025-06-05 21:00:00+05:30,US,8-Week Bill Auction,4.225%,4.225%,,,3.0
2025-06-05 21:30:00+05:30,US,Fed Kugler Speech,,,,,2.0
2025-06-05 21:30:00+05:30,CA,5-Year Bond Auction,2.907%,2.845%,,,3.0
2025-06-05 21:30:00+05:30,US,15-Year Mortgage RateJUN/05,5.99%,6.03%,,,3.0
2025-06-05 21:30:00+05:30,US,30-Year Mortgage RateJUN/05,6.85%,6.89%,,,3.0
2025-06-05 23:00:00+05:30,US,Fed Harker Speech,,,,,2.0
2025-06-05 23:30:00+05:30,DE,New Car Registrations YoYMAY,,-0.2%,,0.7%,2.0
2025-06-05 23:30:00+05:30,BR,Balance of TradeMAY,$7.24B,$7.64B,$8.4B,$7.9B,2.0
2025-06-05 23:30:00+05:30,AU,RBA Payments System Board Meeting,,,,,2.0
2025-06-05 23:30:00+05:30,WL,Global Supply Chain Pressure IndexMAY,,-0.29,,,2.0
2025-06-06 02:00:00+05:30,US,Fed Balance SheetJUN/04,$6.67T,$6.67T,,,3.0
2025-06-06 04:30:00+05:30,KR,Current AccountAPR,,$9.14B,,$0.3B,3.0
2025-06-06 05:00:00+05:30,JP,Household Spending YoYAPR,-0.1%,2.1%,1.4%,1.0%,2.0
2025-06-06 05:00:00+05:30,JP,Household Spending MoMAPR,-1.8%,0.4%,-0.8%,0.2%,2.0
2025-06-06 05:20:00+05:30,JP,Foreign Exchange ReservesMAY,$1298.1B,$1298.2B,,,3.0
2025-06-06 07:00:00+05:30,AU,Building Permits MoM FinalAPR,-5.7%,-7.1%,-5.7%,-5.7%,3.0
2025-06-06 07:00:00+05:30,AU,Private House Approvals MoM FinalAPR,3.1%,-1.9%,,3.1%,3.0
2025-06-06 07:00:00+05:30,JP,Foreign Exchange ReservesMAY,,$1298.2B,,,3.0
2025-06-06 08:30:00+05:30,ID,Foreign Exchange ReservesMAY,,$152.5B,,,3.0
2025-06-06 09:05:00+05:30,JP,3-Month Bill Auction,0.4529%,0.4083%,,,3.0
2025-06-06 09:30:00+05:30,KR,Current AccountAPR,,$9.14B,,$0.3B,3.0
2025-06-06 10:00:00+05:30,IN,RBI Interest Rate Decision,5.5%,6%,5.75%,5.75%,2.0
2025-06-06 10:00:00+05:30,IN,Cash Reserve Ratio,3%,4%,,4%,3.0
2025-06-06 10:30:00+05:30,JP,Foreign Exchange ReservesMAY,,$1298.2B,,,3.0
2025-06-06 10:30:00+05:30,JP,Coincident Index PrelAPR,115.5,115.8,,115.7,3.0
2025-06-06 10:30:00+05:30,JP,Leading Economic Index PrelAPR,103.4,107.6,104.1,104.5,3.0
2025-06-06 11:30:00+05:30,ZA,Foreign Exchange ReservesMAY,$68.12B,$67.59B,,$67.8B,3.0
2025-06-06 11:30:00+05:30,DE,Imports MoMAPR,3.9%,-1.4%,,-0.3%,3.0
2025-06-06 11:30:00+05:30,DE,Balance of TradeAPR,€14.6B,€21.3B,€20.2B,€22.6B,1.0
2025-06-06 11:30:00+05:30,DE,Exports MoMAPR,-1.7%,1.2%,-0.5%,0.9%,2.0
2025-06-06 11:30:00+05:30,DE,Industrial Production MoMAPR,-1.4%,2.3%,-1%,-1.2%,2.0
2025-06-06 11:30:00+05:30,GB,Halifax House Price Index YoYMAY,2.5%,3.2%,,3.2%,2.0
2025-06-06 11:30:00+05:30,GB,Halifax House Price Index MoMMAY,-0.4%,0.3%,0.4%,0.0%,2.0
2025-06-06 12:15:00+05:30,JP,Foreign Exchange ReservesMAY,,$1298.2B,,,3.0
2025-06-06 12:15:00+05:30,FR,Industrial Production MoMAPR,-1.4%,0.1%,0.3%,0.3%,2.0
2025-06-06 12:15:00+05:30,FR,Current AccountAPR,€-4.1B,€1B,,€1.7B,3.0
2025-06-06 12:15:00+05:30,FR,ImportsAPR,€57.2B,€58.6B,,€58.4B,3.0
2025-06-06 12:15:00+05:30,FR,Balance of TradeAPR,€-8B,€-6.3B,€-6B,€-5.5B,2.0
2025-06-06 12:15:00+05:30,FR,ExportsAPR,€49.3B,€52.4B,,€52.9B,3.0
2025-06-06 12:15:00+05:30,FR,New Car Registrations YoYMAY,,-5.6%,,,3.0
2025-06-06 12:30:00+05:30,FR,Foreign Exchange ReservesMAY,€304.609B,€303.057B,,,3.0
2025-06-06 13:30:00+05:30,FR,New Car Registrations YoYMAY,,-5.6%,,,3.0
2025-06-06 13:30:00+05:30,JP,Foreign Exchange ReservesMAY,,$1298.2B,,,3.0
2025-06-06 13:30:00+05:30,WL,FAO Food Price IndexMAY,127.7,128.7,,,3.0
2025-06-06 14:00:00+05:30,EA,ECB Machado Speech,,,,,3.0
2025-06-06 14:30:00+05:30,EA,Retail Sales YoYAPR,2.3%,1.9%,1.4%,1.1%,3.0
2025-06-06 14:30:00+05:30,EA,Employment Change QoQ FinalQ1,0.2%,0.1%,0.3%,0.3%,3.0
2025-06-06 14:30:00+05:30,GB,BBA Mortgage RateMAY,,7.21%,,7.15%,3.0
2025-06-06 14:30:00+05:30,SG,Foreign Exchange ReservesMAY,,S$508.2B,,S$510.0B,3.0
2025-06-06 14:30:00+05:30,FR,New Car Registrations YoYMAY,,-5.6%,,,3.0
2025-06-06 14:30:00+05:30,JP,Foreign Exchange ReservesMAY,,$1298.2B,,,3.0
2025-06-06 14:30:00+05:30,RU,Vehicle Sales YoYMAY,,-26%,,,3.0
2025-06-06 14:30:00+05:30,EA,GDP Growth Rate QoQ 3rd EstQ1,0.6%,0.3%,0.4%,0.4%,3.0
2025-06-06 14:30:00+05:30,EA,GDP Growth Rate YoY 3rd EstQ1,1.5%,1.2%,1.2%,1.4%,3.0
2025-06-06 14:30:00+05:30,EA,Retail Sales MoMAPR,0.1%,0.4%,0.1%,-0.3%,2.0
2025-06-06 14:30:00+05:30,EA,Employment Change YoY FinalQ1,0.7%,0.8%,0.8%,0.8%,3.0
2025-06-06 15:00:00+05:30,GB,BBA Mortgage RateMAY,7.09%,7.19%,,7.15%,3.0
2025-06-06 15:00:00+05:30,RU,Vehicle Sales YoYMAY,-29%,-26%,,,3.0
2025-06-06 16:00:00+05:30,RU,Interest Rate Decision,20%,21%,21%,21.0%,3.0
2025-06-06 17:00:00+05:30,IN,Foreign Exchange ReservesMAY/30,$691.49B,$692.72B,,,3.0
2025-06-06 17:00:00+05:30,IN,Deposit Growth YoYMAY/23,10%,10%,,,3.0
2025-06-06 17:00:00+05:30,IN,Bank Loan Growth YoYMAY/23,9.8%,9.9%,,,3.0
2025-06-06 17:30:00+05:30,BR,PPI MoMAPR,-0.36%,-0.62%,,-0.3%,3.0
2025-06-06 17:30:00+05:30,RU,CBR Press Conference,,,,,3.0
2025-06-06 17:30:00+05:30,BR,PPI YoYAPR,7.27%,8.37%,,7.3%,3.0
2025-06-06 18:00:00+05:30,US,Government PayrollsMAY,-1K,1K,,-10.0K,3.0
2025-06-06 18:00:00+05:30,US,Nonfarm Payrolls PrivateMAY,140K,146K,120K,140.0K,3.0
2025-06-06 18:00:00+05:30,US,Unemployment RateMAY,4.2%,4.2%,4.2%,4.2%,1.0
2025-06-06 18:00:00+05:30,US,Non Farm PayrollsMAY,139K,147K,130K,130.0K,1.0
2025-06-06 18:00:00+05:30,US,Manufacturing PayrollsMAY,-8K,5K,-1K,3.0K,3.0
2025-06-06 18:00:00+05:30,JP,Foreign Exchange ReservesMAY,,$1298.2B,,,3.0
2025-06-06 18:00:00+05:30,US,Average Weekly HoursMAY,34.3,34.3,34.3,34.3,3.0
2025-06-06 18:00:00+05:30,US,Participation RateMAY,62.4%,62.6%,,62.6%,2.0
2025-06-06 18:00:00+05:30,CA,Part Time Employment ChgMAY,-48.8K,-24.2K,,15K,2.0
2025-06-06 18:00:00+05:30,US,Average Hourly Earnings MoMMAY,0.4%,0.2%,0.3%,0.2%,2.0
2025-06-06 18:00:00+05:30,US,U-6 Unemployment RateMAY,7.8%,7.8%,,7.8%,3.0
2025-06-06 18:00:00+05:30,CA,Full Time Employment ChgMAY,57.7K,31.5K,,-10K,2.0
2025-06-06 18:00:00+05:30,CA,Unemployment RateMAY,7%,6.9%,7%,7.0%,1.0
2025-06-06 18:00:00+05:30,US,Average Hourly Earnings YoYMAY,3.9%,3.9%,3.7%,3.7%,2.0
2025-06-06 18:00:00+05:30,CA,Employment ChangeMAY,8.8K,7.4K,-15K,5K,2.0
2025-06-06 18:00:00+05:30,FR,New Car Registrations YoYMAY,,-5.6%,,,3.0
2025-06-06 18:00:00+05:30,CA,Average Hourly Wages YoYMAY,3.5%,3.5%,,3.5%,3.0
2025-06-06 18:00:00+05:30,RU,Vehicle Sales YoYMAY,,-26%,,,3.0
2025-06-06 18:00:00+05:30,CA,Participation RateMAY,65.3%,65.3%,,65.4%,2.0
2025-06-06 18:30:00+05:30,US,Used Car Prices YoYMAY,4%,4.9%,,,3.0
2025-06-06 18:30:00+05:30,US,Used Car Prices MoMMAY,-1.4%,2.7%,,,3.0
2025-06-06 18:30:00+05:30,JP,Foreign Exchange ReservesMAY,,$1298.2B,,,3.0
2025-06-06 18:30:00+05:30,RU,Foreign Exchange ReservesMAY,$680.4B,$680.3B,,,3.0
2025-06-06 18:30:00+05:30,FR,New Car Registrations YoYMAY,,-5.6%,,,3.0
2025-06-06 18:30:00+05:30,RU,Vehicle Sales YoYMAY,,-26%,,,3.0
2025-06-06 19:30:00+05:30,BR,Car Production MoMMAY,,20.1%,,-2%,3.0
2025-06-06 19:30:00+05:30,US,Fed Bowman Speech,,,,,2.0
2025-06-06 19:30:00+05:30,BR,New Car Registrations MoMMAY,,6.7%,,1.8%,3.0
2025-06-06 22:30:00+05:30,RU,Vehicle Sales YoYMAY,,-26%,,,3.0
2025-06-06 22:30:00+05:30,US,Used Car Prices MoMMAY,,2.7%,,,3.0
2025-06-06 22:30:00+05:30,FR,New Car Registrations YoYMAY,,-5.6%,,-3.4%,3.0
2025-06-06 22:30:00+05:30,JP,Foreign Exchange ReservesMAY,$1298.1B,$1298.2B,,,3.0
2025-06-06 22:30:00+05:30,US,Baker Hughes Oil Rig CountJUN/06,442,451,,,3.0
2025-06-06 22:30:00+05:30,US,Used Car Prices YoYMAY,,4.9%,,,3.0
2025-06-06 22:30:00+05:30,US,Baker Hughes Total Rigs CountJUN/06,559,563,,,3.0
2025-06-07 00:30:00+05:30,CN,Foreign Exchange ReservesMAY,,$3.282T,,$3.35T,3.0
2025-06-07 00:30:00+05:30,US,Consumer Credit ChangeAPR,$17.87B,$8.6B,$10.85B,$9.0B,3.0
2025-06-07 08:10:00+05:30,CN,Foreign Exchange ReservesMAY,$3.285T,$3.282T,,$3.35T,3.0
2025-06-07 13:00:00+05:30,JP,BoJ Uchida Speech,,,,,2.0
2025-06-07 13:00:00+05:30,EA,ECB Machado Speech,,,,,2.0
2025-06-07 13:00:00+05:30,EA,ECB President Lagarde Speech,,,,,2.0
2025-06-07 15:10:00+05:30,CN,Foreign Exchange ReservesMAY,,$3.282T,,$3.35T,3.0
2025-06-07 15:10:00+05:30,EA,ECB Schnabel Speech,,,,,3.0
2025-06-08 15:00:00+05:30,EA,ECB Machado Speech,,,,,3.0
2025-06-09 04:30:00+05:30,KR,Current AccountAPR,,$9.14B,,$0.3B,3.0
2025-06-09 05:20:00+05:30,JP,GDP Capital Expenditure QoQ FinalQ1,1.1%,0.6%,1.4%,1.4%,3.0
2025-06-09 05:20:00+05:30,JP,GDP Growth Annualized FinalQ1,-0.2%,2.2%,,-0.7%,2.0
2025-06-09 05:20:00+05:30,JP,GDP External Demand QoQ FinalQ1,-0.8%,0.7%,-0.8%,-0.8%,3.0
2025-06-09 05:20:00+05:30,JP,Current AccountAPR,¥2258B,¥3678.1B,¥2560B,¥2300.0B,2.0
2025-06-09 05:20:00+05:30,JP,GDP Growth Rate QoQ FinalQ1,0.0%,0.6%,-0.2%,-0.2%,2.0
2025-06-09 05:20:00+05:30,JP,GDP Price Index YoY FinalQ1,3.3%,2.9%,3.2%,3.3%,3.0
2025-06-09 05:20:00+05:30,JP,Bank Lending YoYMAY,2.4%,2.3%,2.4%,2.2%,3.0
2025-06-09 05:20:00+05:30,JP,GDP Private Consumption QoQ FinalQ1,0.1%,0.1%,0%,0.0%,3.0
2025-06-09 07:00:00+05:30,CN,Inflation Rate YoYMAY,-0.1%,-0.1%,-0.2%,-0.2%,1.0
2025-06-09 07:00:00+05:30,CN,Inflation Rate MoMMAY,-0.2%,0.1%,,0.0%,2.0
2025-06-09 07:00:00+05:30,CN,PPI YoYMAY,-3.3%,-2.7%,-3.2%,-2.6%,2.0
2025-06-09 08:00:00+05:30,SG,Unemployment Rate FinalQ1,,1.9%,2.1%,2.20%,3.0
2025-06-09 08:30:00+05:30,CN,Exports YoYMAY,4.8%,8.1%,5%,4.0%,1.0
2025-06-09 08:30:00+05:30,ID,Foreign Exchange ReservesMAY,,$152.5B,,,3.0
2025-06-09 08:30:00+05:30,CN,Balance of TradeMAY,$103.22B,$96.18B,$101.3B,$100.0B,1.0
2025-06-09 08:30:00+05:30,CN,Imports YoYMAY,-3.4%,-0.2%,-0.9%,-1.0%,1.0
2025-06-09 09:05:00+05:30,JP,BoJ JGB Purchases,,,,,3.0
2025-06-09 09:05:00+05:30,JP,6-Month Bill Auction,0.4938%,0.4381%,,,3.0
2025-06-09 10:30:00+05:30,JP,Eco Watchers Survey OutlookMAY,44.8,42.7,,42,3.0
2025-06-09 10:30:00+05:30,KR,3-Year KTB Auction,2.420%,2.335%,,,3.0
2025-06-09 10:30:00+05:30,JP,Eco Watchers Survey CurrentMAY,44.4,42.6,43.9,41.7,3.0
2025-06-09 10:30:00+05:30,SA,GDP Growth Rate YoY FinalQ1,,4.5%,2.7%,2.6%,3.0
2025-06-09 11:30:00+05:30,SA,GDP Growth Rate YoY FinalQ1,3.4%,4.5%,2.7%,2.6%,3.0
2025-06-09 12:15:00+05:30,FR,Foreign Exchange ReservesMAY,,€303.06B,,,3.0
2025-06-09 12:15:00+05:30,SA,GDP Growth Rate YoY FinalQ1,,4.5%,2.7%,2.6%,3.0
2025-06-09 14:30:00+05:30,SG,Foreign Exchange ReservesMAY,S$518.1B,S$508.2B,,S$510.0B,3.0
2025-06-09 14:30:00+05:30,EA,ECB Elderson Speech,,,,,3.0
2025-06-09 17:30:00+05:30,MX,Auto Production YoYMAY,-2%,-9.1%,,-1.4%,3.0
2025-06-09 17:30:00+05:30,SA,GDP Growth Rate YoY FinalQ1,,4.5%,2.7%,2.6%,3.0
2025-06-09 17:30:00+05:30,MX,Inflation Rate MoMMAY,0.28%,0.33%,,0%,2.0
2025-06-09 17:30:00+05:30,MX,Inflation Rate YoYMAY,4.42%,3.93%,,4.1%,2.0
2025-06-09 17:30:00+05:30,MX,Core Inflation Rate YoYMAY,4.06%,3.93%,,4%,3.0
2025-06-09 17:30:00+05:30,MX,Core Inflation Rate MoMMAY,0.3%,0.49%,,0.2%,3.0
2025-06-09 17:30:00+05:30,MX,Auto Exports YoYMAY,-2.9%,-10.9%,,-0.9%,3.0
2025-06-09 18:30:00+05:30,FR,12-Month BTF Auction,,1.909%,,,3.0
2025-06-09 18:30:00+05:30,SA,GDP Growth Rate YoY FinalQ1,,4.5%,2.7%,2.6%,3.0
2025-06-09 18:30:00+05:30,FR,6-Month BTF Auction,,1.962%,,,3.0
2025-06-09 18:30:00+05:30,FR,3-Month BTF Auction,,1.985%,,,3.0
2025-06-09 19:30:00+05:30,US,Wholesale Inventories MoMAPR,0.2%,0.3%,0%,0.0%,3.0
2025-06-09 19:30:00+05:30,SA,GDP Growth Rate YoY FinalQ1,,4.5%,2.7%,2.6%,3.0
2025-06-09 20:30:00+05:30,SA,GDP Growth Rate YoY FinalQ1,,4.5%,2.7%,2.6%,3.0
2025-06-09 20:30:00+05:30,US,Consumer Inflation ExpectationsMAY,3.2%,3.6%,,3.6%,3.0
2025-06-09 21:00:00+05:30,US,6-Month Bill Auction,4.150%,4.150%,,,3.0
2025-06-09 21:00:00+05:30,BR,BCB Focus Market Readout,,,,,3.0
2025-06-09 21:00:00+05:30,SA,GDP Growth Rate YoY FinalQ1,,4.5%,2.7%,2.6%,3.0
2025-06-09 21:00:00+05:30,US,3-Month Bill Auction,4.250%,4.250%,,,3.0
2025-06-10 00:30:00+05:30,AR,Industrial Production YoYAPR,8.5%,5%,,7.0%,3.0
2025-06-10 04:30:00+05:30,KR,Current AccountAPR,$5.7B,$9.14B,,$0.3B,3.0
2025-06-10 04:31:00+05:30,GB,BRC Retail Sales Monitor YoYMAY,0.6%,6.8%,2.7%,2.4%,2.0
2025-06-10 06:00:00+05:30,AU,Westpac Consumer Confidence IndexJUN,92.6,92.1,,94.4,2.0
2025-06-10 06:00:00+05:30,AU,Westpac Consumer Confidence ChangeJUN,0.5%,2.2%,,2.5%,1.0
2025-06-10 07:00:00+05:30,AU,NAB Business ConfidenceMAY,2,-1,,-3,1.0
2025-06-10 08:30:00+05:30,ID,Foreign Exchange ReservesMAY,,$152.5B,,,3.0
2025-06-10 09:30:00+05:30,ID,Foreign Exchange ReservesMAY,$152.5B,$152.5B,,,3.0
2025-06-10 10:30:00+05:30,SG,MAS 12-Week Bill Auction,2.11%,2.24%,,,3.0
2025-06-10 10:30:00+05:30,SG,MAS 4-Week Bill Auction,2.11%,2.34%,,,3.0
2025-06-10 11:00:00+05:30,KR,KTBi Auction,0.610%,0.435%,,,3.0
2025-06-10 11:30:00+05:30,GB,Average Earnings excl. Bonus (3Mo/Yr)APR,5.2%,5.5%,5.4%,5.6%,3.0
2025-06-10 11:30:00+05:30,GB,Employment ChangeAPR,89K,112K,,80.0K,2.0
2025-06-10 11:30:00+05:30,GB,Claimant Count ChangeMAY,33.1K,5.2K,9.5K,10.0K,3.0
2025-06-10 11:30:00+05:30,GB,Average Earnings incl. Bonus (3Mo/Yr)APR,5.3%,5.6%,5.5%,5.4%,2.0
2025-06-10 11:30:00+05:30,GB,HMRC Payrolls ChangeMAY,-109K,-55K,,-25.0K,3.0
2025-06-10 11:30:00+05:30,JP,Machine Tool Orders YoYMAY,3.4%,7.7%,,4.0%,3.0
2025-06-10 11:30:00+05:30,GB,Unemployment RateAPR,4.6%,4.5%,4.6%,4.5%,1.0
2025-06-10 11:30:00+05:30,SA,Industrial Production YoYAPR,3.1%,3.4%,,2.2%,3.0
2025-06-10 13:30:00+05:30,IT,Industrial Production MoMAPR,1%,0%,0.1%,-0.2%,2.0
2025-06-10 13:30:00+05:30,EA,ECB Survey of Monetary Analysts,,,,,2.0
2025-06-10 13:30:00+05:30,IT,Industrial Production YoYAPR,0.3%,-1.8%,,-2.0%,3.0
2025-06-10 14:10:00+05:30,ES,9-Month Letras Auction,1.934%,2%,,,3.0
2025-06-10 14:10:00+05:30,ES,3-Month Letras Auction,1.873%,1.976%,,,3.0
2025-06-10 14:10:00+05:30,SA,Industrial Production YoYAPR,,2.0%,,2.2%,3.0
2025-06-10 15:00:00+05:30,DE,5-Year Bobl Auction,2.40%,2.07%,,,3.0
2025-06-10 15:30:00+05:30,US,NFIB Business Optimism IndexMAY,98.8,95.8,95.9,96,3.0
2025-06-10 16:30:00+05:30,ZA,Manufacturing Production MoMAPR,1.9%,-2.5%,,3.0%,3.0
2025-06-10 16:30:00+05:30,ZA,Manufacturing Production YoYAPR,-6.3%,-1.2%,,-2.8%,3.0
2025-06-10 17:30:00+05:30,BR,Inflation Rate YoYMAY,5.32%,5.53%,,5.5%,2.0
2025-06-10 17:30:00+05:30,BR,Inflation Rate MoMMAY,0.26%,0.43%,,0.4%,2.0
2025-06-10 17:30:00+05:30,SA,Industrial Production YoYAPR,,2.0%,,2.2%,2.0
2025-06-10 18:25:00+05:30,US,Redbook YoYJUN/07,4.7%,4.9%,,,3.0
2025-06-10 18:30:00+05:30,FR,3-Month BTF Auction,1.943%,1.985%,,,3.0
2025-06-10 18:30:00+05:30,FR,6-Month BTF Auction,1.963%,1.962%,,,3.0
2025-06-10 18:30:00+05:30,FR,12-Month BTF Auction,1.943%,1.909%,,,3.0
2025-06-10 20:00:00+05:30,EA,ECB Buch Speech,,,,,3.0
2025-06-10 20:00:00+05:30,TR,Treasury Cash BalanceMAY,TRY247.125B,TRY-183.5B,,,3.0
2025-06-10 20:00:00+05:30,EA,ECB Donnery Speech,,,,,3.0
2025-06-10 21:00:00+05:30,US,52-Week Bill Auction,3.94%,3.930%,,,3.0
2025-06-10 22:30:00+05:30,SA,Industrial Production YoYAPR,,2.0%,,2.2%,3.0
2025-06-10 22:30:00+05:30,US,3-Year Note Auction,3.972%,3.824%,,,3.0
2025-06-11 02:00:00+05:30,US,API Crude Oil Stock ChangeJUN/06,-0.370M,-3.3M,0.7M,,2.0
2025-06-11 04:30:00+05:30,KR,Unemployment RateMAY,2.7%,2.7%,,2.8%,2.0
2025-06-11 05:20:00+05:30,JP,PPI YoYMAY,3.2%,4.1%,3.5%,3.4%,3.0
2025-06-11 05:20:00+05:30,JP,PPI MoMMAY,-0.2%,0.3%,,0.3%,3.0
2025-06-11 05:45:00+05:30,ID,Motorbike Sales YoYMAY,-0.1%,3%,,,3.0
2025-06-11 08:30:00+05:30,ID,Consumer ConfidenceMAY,,121.7,,122.2,3.0
2025-06-11 11:30:00+05:30,JP,Machine Tool Orders YoYMAY,,7.7%,,4.0%,3.0
2025-06-11 11:30:00+05:30,ID,Car Sales YoYMAY,-15.1%,5.0%,,,3.0
2025-06-11 13:40:00+05:30,CN,Vehicle Sales YoYMAY,11.2%,9.8%,,10.3%,3.0
2025-06-11 14:30:00+05:30,EA,ECB Buch Speech,,,,,3.0
2025-06-11 14:30:00+05:30,GB,10-Year Treasury Gilt Auction,4.588%,4.673%,,,3.0
2025-06-11 14:40:00+05:30,IT,12-Month BOT Auction,1.983%,1.959%,,,3.0
2025-06-11 15:00:00+05:30,EA,ECB Lane Speech,,,,,3.0
2025-06-11 15:00:00+05:30,ZA,SACCI Business ConfidenceMAY,115.8,114.9,,124,3.0
2025-06-11 15:00:00+05:30,ZA,SACCI Business ConfidenceAPR,114.9,123.5,,122.7,3.0
2025-06-11 15:00:00+05:30,DE,10-Year Bund Auction,2.54%,2.66%,,,3.0
2025-06-11 16:30:00+05:30,US,MBA Mortgage ApplicationsJUN/06,12.5%,-3.9%,,,3.0
2025-06-11 16:30:00+05:30,US,MBA Mortgage Refinance IndexJUN/06,707.4,611.8,,,3.0
2025-06-11 16:30:00+05:30,US,MBA 30-Year Mortgage RateJUN/06,6.93%,6.92%,,,2.0
2025-06-11 16:30:00+05:30,US,MBA Purchase IndexJUN/06,170.9,155.0,,,3.0
2025-06-11 16:30:00+05:30,US,MBA Mortgage Market IndexJUN/06,254.6,226.4,,,3.0
2025-06-11 16:30:00+05:30,GB,Spending Review,,,,,2.0
2025-06-11 17:00:00+05:30,IN,M3 Money Supply YoYMAY/30,,9.5%,,,3.0
2025-06-11 17:30:00+05:30,MX,Industrial Production YoYAPR,-4%,1.9%,,0.7%,3.0
2025-06-11 17:30:00+05:30,MX,Industrial Production MoMAPR,0.1%,-1.2%,,-0.2%,3.0
2025-06-11 17:30:00+05:30,EA,ECB Cipollone Speech,,,,,3.0
2025-06-11 18:00:00+05:30,TR,Auto Sales YoYMAY,,38.8%,,,2.0
2025-06-11 18:00:00+05:30,US,Core Inflation Rate MoMMAY,0.1%,0.2%,0.3%,0.3%,1.0
2025-06-11 18:00:00+05:30,ZA,SACCI Business ConfidenceMAY,,,,,2.0
2025-06-11 18:00:00+05:30,US,CPIMAY,321.465,320.795,,321.9,2.0
2025-06-11 18:00:00+05:30,US,Core Inflation Rate YoYMAY,2.8%,2.8%,2.9%,2.9%,1.0
2025-06-11 18:00:00+05:30,TR,Auto Production YoYMAY,,22.8%,,,2.0
2025-06-11 18:00:00+05:30,CA,Building Permits MoMAPR,-6.6%,-5.3%,2.2%,-0.4%,3.0
2025-06-11 18:00:00+05:30,US,Inflation Rate MoMMAY,0.1%,0.2%,0.2%,0.2%,1.0
2025-06-11 18:00:00+05:30,US,Inflation Rate YoYMAY,2.4%,2.3%,2.5%,2.5%,1.0
2025-06-11 18:00:00+05:30,ID,Car Sales YoYMAY,,5.0%,,,2.0
2025-06-11 18:00:00+05:30,US,CPI s.aMAY,320.580,320.321,,321.6,2.0
2025-06-11 18:00:00+05:30,ZA,SACCI Business ConfidenceAPR,,123.5,,,2.0
2025-06-11 18:30:00+05:30,RU,Balance of TradeAPR,$9.04B,$11.76B,,$12.9B,3.0
2025-06-11 20:00:00+05:30,US,EIA Heating Oil Stocks ChangeJUN/06,0.487M,-0.282M,,,3.0
2025-06-11 20:00:00+05:30,US,EIA Distillate Stocks ChangeJUN/06,1.246M,4.23M,0.8M,,3.0
2025-06-11 20:00:00+05:30,US,EIA Crude Oil Stocks ChangeJUN/06,-3.644M,-4.304M,-2M,,2.0
2025-06-11 20:00:00+05:30,US,EIA Refinery Crude Runs ChangeJUN/06,0.228M,0.67M,,,3.0
2025-06-11 20:00:00+05:30,US,EIA Distillate Fuel Production ChangeJUN/06,-0.097M,0.182M,,,3.0
2025-06-11 20:00:00+05:30,US,EIA Gasoline Production ChangeJUN/06,0.681M,-0.714M,,,3.0
2025-06-11 20:00:00+05:30,US,EIA Gasoline Stocks ChangeJUN/06,1.504M,5.219M,0.9M,,2.0
2025-06-11 20:00:00+05:30,US,EIA Crude Oil Imports ChangeJUN/06,0.451M,0.389M,,,3.0
2025-06-11 20:00:00+05:30,US,EIA Cushing Crude Oil Stocks ChangeJUN/06,-0.403M,0.576M,,,3.0
2025-06-11 21:00:00+05:30,US,17-Week Bill Auction,4.220%,4.205%,,,3.0
2025-06-11 21:30:00+05:30,RU,Inflation Rate YoYMAY,9.9%,10.2%,,9.9%,2.0
2025-06-11 21:30:00+05:30,CA,2-Year Bond Auction,2.692%,2.606%,,,3.0
2025-06-11 21:30:00+05:30,RU,Inflation Rate MoMMAY,0.4%,0.4%,,0.4%,2.0
2025-06-11 22:30:00+05:30,US,10-Year Note Auction,4.421%,4.342%,,,3.0
2025-06-11 23:30:00+05:30,ZA,SACCI Business ConfidenceAPR,,123.5,,122.7,2.0
2025-06-11 23:30:00+05:30,IN,M3 Money Supply YoYMAY/30,,9.5%,,,2.0
2025-06-11 23:30:00+05:30,TR,Auto Production YoYMAY,,22.8%,,15.0%,2.0
2025-06-11 23:30:00+05:30,ID,Motorbike Sales YoYMAY,,3%,,,2.0
2025-06-11 23:30:00+05:30,ZA,SACCI Business ConfidenceMAY,,,,124,2.0
2025-06-11 23:30:00+05:30,US,Monthly Budget StatementMAY,$-316B,$258B,$-325B,$-312.0B,2.0
2025-06-11 23:30:00+05:30,TR,Auto Sales YoYMAY,,38.8%,,20.0%,2.0
2025-06-11 23:30:00+05:30,ID,Car Sales YoYMAY,,5.0%,,,2.0
2025-06-12 04:30:00+05:30,KR,Unemployment RateMAY,,2.7%,,2.8%,2.0
2025-06-12 04:31:00+05:30,GB,RICS House Price BalanceMAY,-8%,-3%,-3%,-4.0%,2.0
2025-06-12 05:20:00+05:30,JP,Stock Investment by ForeignersJUN/07,¥180.2B,¥336.1B,,,3.0
2025-06-12 05:20:00+05:30,JP,BSI Large Manufacturing QoQQ2,-4.8%,-2.4%,0.8%,-0.7%,3.0
2025-06-12 05:20:00+05:30,JP,Foreign Bond InvestmentJUN/07,¥-458.6B,¥-118B,,,3.0
2025-06-12 06:30:00+05:30,AU,Consumer Inflation ExpectationsJUN,5%,4.1%,,4.0%,3.0
2025-06-12 08:30:00+05:30,ID,Motorbike Sales YoYMAY,,3%,,,3.0
2025-06-12 08:30:00+05:30,ID,Retail Sales YoYAPR,,5.5%,,2.1%,3.0
2025-06-12 08:30:00+05:30,ID,Consumer ConfidenceMAY,,121.7,,122.2,3.0
2025-06-12 08:55:00+05:30,ID,Consumer ConfidenceMAY,117.5,121.7,,122.2,3.0
2025-06-12 11:30:00+05:30,GB,Balance of TradeAPR,£-7.026B,£-3.696B,,£-4.2B,3.0
2025-06-12 11:30:00+05:30,ID,Motorbike Sales YoYMAY,,3%,,,3.0
2025-06-12 11:30:00+05:30,GB,GDP YoYAPR,0.9%,1.1%,,1.0%,3.0
2025-06-12 11:30:00+05:30,GB,Goods Trade Balance Non-EUAPR,£-8.65B,£-6.83B,,£-7.3B,2.0
2025-06-12 11:30:00+05:30,GB,Goods Trade BalanceAPR,£-23.21B,£-19.87B,£-20.5B,£-20.0B,2.0
2025-06-12 11:30:00+05:30,GB,Manufacturing Production MoMAPR,-0.9%,-0.8%,-0.8%,-0.4%,2.0
2025-06-12 11:30:00+05:30,GB,Industrial Production MoMAPR,-0.6%,-0.7%,-0.5%,-0.2%,2.0
2025-06-12 11:30:00+05:30,IN,Passenger Vehicles Sales YoYMAY,,5.5%,,,3.0
2025-06-12 11:30:00+05:30,GB,GDP 3-Month AvgAPR,0.7%,0.7%,0.7%,0.6%,2.0
2025-06-12 11:30:00+05:30,GB,Manufacturing Production YoYAPR,0.4%,-0.8%,0.4%,0.2%,3.0
2025-06-12 11:30:00+05:30,GB,GDP MoMAPR,-0.3%,0.2%,-0.1%,0.0%,1.0
2025-06-12 11:30:00+05:30,GB,Construction Output YoYAPR,3.3%,1.4%,,0.9%,3.0
2025-06-12 11:30:00+05:30,GB,Industrial Production YoYAPR,-0.3%,-0.7%,-0.2%,-0.4%,3.0
2025-06-12 12:30:00+05:30,TR,Industrial Production YoYAPR,3.3%,2.5%,,3.0%,2.0
2025-06-12 12:30:00+05:30,TR,Industrial Production MoMAPR,-3.1%,3.4%,,3.9%,3.0
2025-06-12 12:50:00+05:30,AU,RBA Jacobs Speech,,,,,2.0
2025-06-12 14:30:00+05:30,EA,ECB Schnabel Speech,,,,,3.0
2025-06-12 14:40:00+05:30,IT,3-Year BTP Auction,2.24%,2.4%,,,3.0
2025-06-12 14:40:00+05:30,IT,30-Year BTP Auction,4.26%,4.70%,,,3.0
2025-06-12 14:40:00+05:30,IT,7-Year BTP Auction,3.02%,3.28%,,,3.0
2025-06-12 14:40:00+05:30,IT,BTP Auction,,,,,3.0
2025-06-12 15:00:00+05:30,ZA,Gold Production YoYAPR,-2.5%,-11.1%,,-10.8%,3.0
2025-06-12 15:00:00+05:30,ZA,Mining Production YoYAPR,-7.7%,-2.5%,-4.3%,-4.0%,3.0
2025-06-12 15:00:00+05:30,ZA,Mining Production MoMAPR,0.6%,3.6%,,-2.0%,3.0
2025-06-12 15:30:00+05:30,GB,NIESR Monthly GDP TrackerMAY,0.4%,0.7%,,0.5%,3.0
2025-06-12 16:00:00+05:30,IN,Inflation Rate YoYMAY,2.82%,3.16%,3%,3.1%,2.0
2025-06-12 16:00:00+05:30,IN,Inflation Rate MoMMAY,0.21%,0.31%,,0.5%,3.0
2025-06-12 16:30:00+05:30,GB,NIESR Monthly GDP TrackerMAY,,0.6%,,0.5%,3.0
2025-06-12 17:00:00+05:30,IN,M3 Money Supply YoYMAY/30,9.5%,9.5%,,,3.0
2025-06-12 17:00:00+05:30,TR,Foreign Exchange ReservesJUN/06,,$70.03B,,,3.0
2025-06-12 17:30:00+05:30,ID,Motorbike Sales YoYMAY,,3%,,,3.0
2025-06-12 17:30:00+05:30,IN,Passenger Vehicles Sales YoYMAY,,5.5%,,,3.0
2025-06-12 17:30:00+05:30,BR,Retail Sales YoYAPR,4.8%,-0.8%,3.4%,2.3%,3.0
2025-06-12 17:30:00+05:30,BR,Retail Sales MoMAPR,-0.4%,0.8%,-0.8%,0.4%,2.0
2025-06-12 17:30:00+05:30,EA,ECB Guindos Speech,,,,,3.0
2025-06-12 17:50:00+05:30,EA,ECB Schnabel Speech,,,,,3.0
2025-06-12 18:00:00+05:30,US,Core PPI YoYMAY,3%,3.2%,3.1%,3.1%,3.0
2025-06-12 18:00:00+05:30,US,PPI MoMMAY,0.1%,-0.2%,0.2%,0.1%,1.0
2025-06-12 18:00:00+05:30,US,"PPI Ex Food, Energy and Trade YoYMAY",2.7%,2.9%,,2.9%,3.0
2025-06-12 18:00:00+05:30,US,PPIMAY,148.072,147.884,,147.8,3.0
2025-06-12 18:00:00+05:30,US,Core PPI MoMMAY,0.1%,-0.2%,0.3%,-0.1%,2.0
2025-06-12 18:00:00+05:30,US,Continuing Jobless ClaimsMAY/31,1956K,1902K,1910K,1908.0K,3.0
2025-06-12 18:00:00+05:30,US,PPI YoYMAY,2.6%,2.5%,2.6%,2.3%,3.0
2025-06-12 18:00:00+05:30,US,Initial Jobless ClaimsJUN/07,248K,248K,240K,250.0K,2.0
2025-06-12 18:00:00+05:30,US,"PPI Ex Food, Energy and Trade MoMMAY",0.1%,-0.1%,,0.1%,3.0
2025-06-12 18:00:00+05:30,US,Jobless Claims 4-week AverageJUN/07,240.25K,235.25K,,237.0K,3.0
2025-06-12 18:15:00+05:30,DE,Current AccountAPR,€23.5B,€32.9B,,€29.5B,3.0
2025-06-12 18:15:00+05:30,IN,Passenger Vehicles Sales YoYMAY,,5.5%,,,3.0
2025-06-12 18:15:00+05:30,ID,Motorbike Sales YoYMAY,,3%,,,3.0
2025-06-12 19:10:00+05:30,BR,Business ConfidenceJUN,48.6,48.9,,49.1,2.0
2025-06-12 19:30:00+05:30,BR,Business ConfidenceJUN,,48.9,,49.1,2.0
2025-06-12 19:45:00+05:30,EA,ECB Elderson Speech,,,,,3.0
2025-06-12 20:00:00+05:30,US,EIA Natural Gas Stocks ChangeJUN/06,109Bcf,122Bcf,108Bcf,,3.0
2025-06-12 21:00:00+05:30,US,4-Week Bill Auction,4.080%,4.170%,,,3.0
2025-06-12 21:00:00+05:30,US,8-Week Bill Auction,4.380%,4.225%,,,3.0
2025-06-12 21:30:00+05:30,US,WASDE Report,,,,,3.0
2025-06-12 21:30:00+05:30,US,15-Year Mortgage RateJUN/12,5.97%,5.99%,,,3.0
2025-06-12 21:30:00+05:30,US,30-Year Mortgage RateJUN/12,6.84%,6.85%,,,3.0
2025-06-12 22:30:00+05:30,TR,Auto Production YoYMAY,,22.8%,,15.0%,3.0
2025-06-12 22:30:00+05:30,US,30-Year Bond Auction,4.844%,4.819%,,,3.0
2025-06-12 22:30:00+05:30,TR,Auto Sales YoYMAY,,38.8%,,20.0%,3.0
2025-06-12 22:30:00+05:30,IN,M3 Money Supply YoYMAY/30,,9.5%,,,3.0
2025-06-12 22:30:00+05:30,ID,Motorbike Sales YoYMAY,,3%,,,3.0
2025-06-12 22:30:00+05:30,IN,Passenger Vehicles Sales YoYMAY,,5.5%,,,3.0
2025-06-13 00:30:00+05:30,AR,Inflation Rate YoYMAY,43.5%,47.3%,44.2%,40.0%,3.0
2025-06-13 00:30:00+05:30,AR,Inflation Rate MoMMAY,1.5%,2.8%,2%,2%,3.0
2025-06-13 02:00:00+05:30,US,Fed Balance SheetJUN/11,$6.68T,$6.67T,,,3.0
2025-06-13 08:30:00+05:30,ID,Retail Sales YoYAPR,-0.3%,5.5%,,2.1%,3.0
2025-06-13 09:05:00+05:30,JP,BoJ JGB Purchases,,,,,3.0
2025-06-13 09:05:00+05:30,JP,3-Month Bill Auction,0.4317%,0.4529%,,,3.0
2025-06-13 10:00:00+05:30,JP,Industrial Production MoM FinalAPR,-1.1%,0.2%,-0.9%,-0.9%,3.0
2025-06-13 10:00:00+05:30,JP,Capacity Utilization MoMAPR,1.3%,-2.4%,,-0.5%,3.0
2025-06-13 10:00:00+05:30,JP,Industrial Production YoY FinalAPR,0.5%,1.0%,,0.7%,3.0
2025-06-13 10:00:00+05:30,JP,Tertiary Industry Index MoMAPR,0.3%,-1.0%,0.2%,-0.4%,3.0
2025-06-13 10:30:00+05:30,KR,50-Year KTB Auction,2.645%,2.480%,,,3.0
2025-06-13 11:30:00+05:30,DE,Harmonised Inflation Rate MoM FinalMAY,0.2%,0.5%,0.2%,0.2%,3.0
2025-06-13 11:30:00+05:30,DE,Wholesale Prices YoYMAY,0.4%,0.8%,,0.4%,2.0
2025-06-13 11:30:00+05:30,DE,Inflation Rate YoY FinalMAY,2.1%,2.1%,2.1%,2.1%,3.0
2025-06-13 11:30:00+05:30,DE,Inflation Rate MoM FinalMAY,0.1%,0.4%,0.1%,0.1%,3.0
2025-06-13 11:30:00+05:30,DE,Wholesale Prices MoMMAY,-0.3%,-0.1%,,-0.3%,2.0
2025-06-13 11:30:00+05:30,DE,Harmonised Inflation Rate YoY FinalMAY,2.1%,2.2%,2.1%,2.1%,3.0
2025-06-13 12:15:00+05:30,FR,Harmonised Inflation Rate MoM FinalMAY,-0.2%,0.7%,-0.2%,-0.2%,3.0
2025-06-13 12:15:00+05:30,FR,Harmonised Inflation Rate YoY FinalMAY,0.6%,0.9%,0.6%,0.6%,3.0
2025-06-13 12:15:00+05:30,FR,Inflation Rate YoY FinalMAY,0.7%,0.8%,0.7%,0.7%,3.0
2025-06-13 12:15:00+05:30,FR,Inflation Rate MoM FinalMAY,-0.1%,0.6%,-0.1%,-0.1%,3.0
2025-06-13 12:30:00+05:30,ES,Harmonised Inflation Rate YoY FinalMAY,2%,2.2%,1.9%,1.9%,3.0
2025-06-13 12:30:00+05:30,ES,Harmonised Inflation Rate MoM FinalMAY,0%,0.6%,-0.1%,-0.1%,3.0
2025-06-13 12:30:00+05:30,ES,Inflation Rate YoY FinalMAY,2%,2.2%,1.9%,1.9%,3.0
2025-06-13 12:30:00+05:30,ES,Core Inflation Rate YoY FinalMAY,2.2%,2.4%,2.1%,2.1%,3.0
2025-06-13 12:30:00+05:30,ES,Inflation Rate MoM FinalMAY,0.1%,0.6%,0%,0.0%,3.0
2025-06-13 13:30:00+05:30,IT,Balance of TradeAPR,€2.482B,€4.706B,€2.75B,€3.9B,2.0
2025-06-13 14:30:00+05:30,CN,Outstanding Loan Growth YoYMAY,7.1%,7.2%,7.2%,7.3%,3.0
2025-06-13 14:30:00+05:30,CN,Vehicle Sales YoYMAY,,9.8%,,10.3%,3.0
2025-06-13 14:30:00+05:30,IN,ImportsMAY,,,,,3.0
2025-06-13 14:30:00+05:30,CN,Total Social FinancingMAY,CNY 2290B,CNY1160B,CNY2300B,CNY2500.0B,3.0
2025-06-13 14:30:00+05:30,CN,M2 Money Supply YoYMAY,7.9%,8%,8.1%,8.2%,3.0
2025-06-13 14:30:00+05:30,EA,Industrial Production MoMAPR,-2.4%,2.4%,-1.7%,-1.8%,2.0
2025-06-13 14:30:00+05:30,EA,Balance of TradeAPR,€9.9B,€37.3B,€18.2B,€25.6B,2.0
2025-06-13 14:30:00+05:30,EA,Industrial Production YoYAPR,0.8%,3.7%,1.4%,2.5%,3.0
2025-06-13 14:30:00+05:30,CN,New Yuan LoansMAY,CNY620B,CNY280B,CNY850B,CNY900.0B,2.0
2025-06-13 14:30:00+05:30,IN,Balance of TradeMAY,,$-26.42B,,$-28.5B,3.0
2025-06-13 14:30:00+05:30,IN,ExportsMAY,,,,,3.0
2025-06-13 17:00:00+05:30,IN,Foreign Exchange ReservesJUN/06,$696.66B,$691.49B,,,3.0
2025-06-13 17:00:00+05:30,TR,Foreign Exchange ReservesJUN/06,$70.31B,$70.03B,,,3.0
2025-06-13 17:15:00+05:30,EA,ECB Montagner Speech,,,,,3.0
2025-06-13 18:00:00+05:30,CA,Manufacturing Sales MoM FinalAPR,-2.8%,-1.4%,-2%,-2.0%,3.0
2025-06-13 18:00:00+05:30,CA,Capacity UtilizationQ1,80.1%,79.7%,79.8%,80%,3.0
2025-06-13 18:00:00+05:30,CA,Wholesale Sales MoM FinalAPR,-2.3%,0.2%,-0.9%,-0.9%,3.0
2025-06-13 18:00:00+05:30,IN,ImportsMAY,,,,,3.0
2025-06-13 18:00:00+05:30,CA,New Motor Vehicle SalesAPR,195.7K,189K,,,3.0
2025-06-13 18:00:00+05:30,IN,ExportsMAY,,,,,3.0
2025-06-13 18:00:00+05:30,IN,Balance of TradeMAY,,$-26.42B,,$-28.5B,3.0
2025-06-13 18:00:00+05:30,CN,Vehicle Sales YoYMAY,,9.8%,,10.3%,3.0
2025-06-13 19:30:00+05:30,US,Michigan Current Conditions PrelJUN,63.7,58.9,59.4,58.8,3.0
2025-06-13 19:30:00+05:30,US,Michigan Consumer Sentiment PrelJUN,60.5,52.2,53.5,52.1,1.0
2025-06-13 19:30:00+05:30,US,Michigan Inflation Expectations PrelJUN,5.1%,6.6%,,6.6%,3.0
2025-06-13 19:30:00+05:30,US,Michigan 5 Year Inflation Expectations PrelJUN,4.1%,4.2%,,4.2%,3.0
2025-06-13 19:30:00+05:30,US,Michigan Consumer Expectations PrelJUN,58.4,47.9,49,48,3.0
2025-06-13 20:30:00+05:30,EA,ECB Elderson Speech,,,,,3.0
2025-06-13 21:30:00+05:30,RU,GDP Growth Rate YoY FinalQ1,,4.5%,1.4%,1.4%,3.0
2025-06-13 22:30:00+05:30,IN,ImportsMAY,,$64.91B,,$65B,3.0
2025-06-13 22:30:00+05:30,TR,Auto Production YoYMAY,,22.8%,,15.0%,3.0
2025-06-13 22:30:00+05:30,IN,Balance of TradeMAY,,$-26.42B,,$-27.2B,3.0
2025-06-13 22:30:00+05:30,IN,ExportsMAY,,$38.49B,,$37.8B,3.0
2025-06-13 22:30:00+05:30,US,Baker Hughes Total Rigs CountJUN/13,555,559,,,3.0
2025-06-13 22:30:00+05:30,IN,Passenger Vehicles Sales YoYMAY,,5.5%,,,3.0
2025-06-13 22:30:00+05:30,US,Baker Hughes Oil Rig CountJUN/13,439,442,,,3.0
2025-06-13 22:30:00+05:30,TR,Auto Sales YoYMAY,,38.8%,,20.0%,3.0
2025-06-13 22:30:00+05:30,CN,Vehicle Sales YoYMAY,,9.8%,,10.3%,3.0
2025-06-15 11:30:00+05:30,SA,Inflation Rate MoMMAY,0.1%,0.3%,0.2%,0.2%,3.0
2025-06-15 11:30:00+05:30,SA,Inflation Rate YoYMAY,2.2%,2.3%,2.3%,2.4%,3.0
2025-06-15 11:30:00+05:30,G7,G7 Summit,,,,,3.0
2025-06-15 11:30:00+05:30,SA,Wholesale Prices YoYMAY,2.0%,2.0%,,2.3%,3.0
2025-06-15 22:30:00+05:30,SA,Wholesale Prices YoYMAY,,2.0%,,2.3%,
2025-06-15 22:30:00+05:30,SA,Inflation Rate MoMMAY,,0.3%,0.2%,0.2%,
2025-06-15 22:30:00+05:30,SA,Inflation Rate YoYMAY,,2.3%,2.3%,2.4%,
2025-06-15 22:30:00+05:30,G7,G7 Summit,,,,,
2025-06-16 07:00:00+05:30,CN,House Price Index YoYMAY,-3.5%,-4%,,-4.3%,2.0
2025-06-16 07:30:00+05:30,CN,Unemployment RateMAY,5%,5.1%,5.1%,5.1%,3.0
2025-06-16 07:30:00+05:30,CN,Retail Sales YoYMAY,6.4%,5.1%,5%,4.7%,1.0
2025-06-16 07:30:00+05:30,CN,Industrial Production YoYMAY,5.8%,6.1%,5.9%,5.5%,1.0
2025-06-16 07:30:00+05:30,CN,Fixed Asset Investment (YTD) YoYMAY,3.7%,4%,3.9%,4.3%,2.0
2025-06-16 09:30:00+05:30,ID,Balance of TradeMAY,,$0.15B,,,2.0
2025-06-16 09:30:00+05:30,ID,Exports YoYMAY,,5.76%,,,3.0
2025-06-16 09:30:00+05:30,ID,Imports YoYMAY,,21.84%,,,3.0
2025-06-16 10:30:00+05:30,KR,10-Year KTB Auction,2.885%,2.695%,,,3.0
2025-06-16 11:30:00+05:30,DE,Wholesale Prices YoYMAY,,0.8%,,,2.0
2025-06-16 11:30:00+05:30,DE,Wholesale Prices MoMMAY,,-0.1%,,,2.0
2025-06-16 12:00:00+05:30,IN,WPI Manufacturing YoYMAY,2.04%,2.62%,,2.6%,3.0
2025-06-16 12:00:00+05:30,IN,WPI Fuel YoYMAY,-2.27%,-2.18%,,-2.4%,3.0
2025-06-16 12:00:00+05:30,IN,WPI Food Index YoYMAY,1.72%,2.55%,,2.5%,3.0
2025-06-16 12:00:00+05:30,IN,WPI Inflation YoYMAY,0.39%,0.85%,0.80%,0.8%,3.0
2025-06-16 12:30:00+05:30,TR,Auto Sales YoYMAY,7.4%,38.8%,,20.0%,3.0
2025-06-16 12:30:00+05:30,TR,Current AccountAPR,$-7.864B,$-4.292B,,$-4.7B,3.0
2025-06-16 12:30:00+05:30,TR,Retail Sales MoMAPR,2.8%,-1.5%,,1.8%,3.0
2025-06-16 12:30:00+05:30,TR,Retail Sales YoYAPR,11.5%,9.6%,,7.8%,3.0
2025-06-16 12:30:00+05:30,TR,Auto Production YoYMAY,1.7%,22.8%,,15.0%,3.0
2025-06-16 13:30:00+05:30,TR,Budget BalanceMAY,TRY235.2B,TRY-174.7B,,,3.0
2025-06-16 13:30:00+05:30,IT,Harmonised Inflation Rate YoY FinalMAY,1.7%,2%,1.9%,1.9%,3.0
2025-06-16 13:30:00+05:30,IT,Inflation Rate YoY FinalMAY,1.6%,1.9%,1.7%,1.7%,3.0
2025-06-16 13:30:00+05:30,IT,Inflation Rate MoM FinalMAY,-0.1%,0.1%,0%,0.0%,3.0
2025-06-16 13:30:00+05:30,IT,Harmonised Inflation Rate MoM FinalMAY,-0.1%,0.4%,0.1%,0.1%,3.0
2025-06-16 14:20:00+05:30,IN,ExportsMAY,$38.73B,$38.49B,,$37.8B,3.0
2025-06-16 14:20:00+05:30,IN,ImportsMAY,$60.61B,$64.91B,,$65B,3.0
2025-06-16 14:20:00+05:30,IN,Balance of TradeMAY,$-21.88B,$-26.42B,,$-27.2B,2.0
2025-06-16 14:30:00+05:30,EA,Balance of TradeAPR,,€36.8B,€20.2B,€25.6B,2.0
2025-06-16 14:30:00+05:30,EA,Labour Cost Index YoY FinalQ1,3.4%,3.8%,3.2%,3.2%,3.0
2025-06-16 14:30:00+05:30,EA,Wage Growth YoYQ1,3.4%,4.1%,,3.7%,3.0
2025-06-16 15:00:00+05:30,TR,Budget BalanceMAY,,TRY-174.7B,,,3.0
2025-06-16 15:00:00+05:30,CN,Total Social FinancingMAY,,CNY1160B,,CNY2500.0B,3.0
2025-06-16 15:00:00+05:30,CN,Outstanding Loan Growth YoYMAY,,7.2%,,7.5%,3.0
2025-06-16 15:00:00+05:30,CN,New Yuan LoansMAY,,CNY280B,,CNY1300.0B,3.0
2025-06-16 15:00:00+05:30,DE,12-Month Bubill Auction,1.808%,1.873%,,,3.0
2025-06-16 15:00:00+05:30,CN,M2 Money Supply YoYMAY,,8%,,8.2%,3.0
2025-06-16 16:00:00+05:30,EA,ECB Cipollone Speech,,,,,3.0
2025-06-16 17:30:00+05:30,BR,IBC-BR Economic ActivityAPR,0.2%,0.8%,0.1%,0.5%,3.0
2025-06-16 17:45:00+05:30,CA,Housing StartsMAY,279.5K,280.2K,248K,250.0K,2.0
2025-06-16 18:00:00+05:30,CN,Outstanding Loan Growth YoYMAY,,7.2%,,7.5%,2.0
2025-06-16 18:00:00+05:30,TR,Budget BalanceMAY,,TRY-174.7B,,,2.0
2025-06-16 18:00:00+05:30,US,NY Empire State Manufacturing IndexJUN,-16.00,-9.20,-5.5,-6,2.0
2025-06-16 18:00:00+05:30,CN,Total Social FinancingMAY,,CNY1160B,,CNY2500.0B,2.0
2025-06-16 18:00:00+05:30,OP,OPEC Monthly Report,,,,,2.0
2025-06-16 18:00:00+05:30,CN,New Yuan LoansMAY,,CNY280B,,CNY1300.0B,2.0
2025-06-16 18:00:00+05:30,CN,M2 Money Supply YoYMAY,,8%,,8.2%,2.0
2025-06-16 18:30:00+05:30,FR,3-Month BTF Auction,1.948%,1.943%,,,3.0
2025-06-16 18:30:00+05:30,FR,6-Month BTF Auction,1.953%,1.963%,,,3.0
2025-06-16 18:30:00+05:30,FR,12-Month BTF Auction,1.94%,1.943%,,,3.0
2025-06-16 21:00:00+05:30,US,6-Month Bill Auction,4.155%,4.150%,,,3.0
2025-06-16 21:00:00+05:30,US,3-Month Bill Auction,4.240%,4.250%,,,3.0
2025-06-16 21:30:00+05:30,CN,M2 Money Supply YoYMAY,,8%,8.1%,8.2%,3.0
2025-06-16 21:30:00+05:30,CN,Total Social FinancingMAY,,CNY1160B,,CNY2500.0B,3.0
2025-06-16 21:30:00+05:30,OP,OPEC Monthly Report,,,,,3.0
2025-06-16 21:30:00+05:30,CN,Outstanding Loan Growth YoYMAY,,7.2%,,7.5%,3.0
2025-06-16 21:30:00+05:30,TR,Budget BalanceMAY,,TRY-174.7B,,,3.0
2025-06-16 21:30:00+05:30,US,NOPA Crush Report,,,,,3.0
2025-06-16 21:30:00+05:30,CN,New Yuan LoansMAY,,CNY280B,CNY800B,CNY1300.0B,3.0
2025-06-16 22:30:00+05:30,CN,M2 Money Supply YoYMAY,,8%,8.1%,8.2%,3.0
2025-06-16 22:30:00+05:30,IN,Balance of TradeMAY,,$-26.42B,,$-27.2B,3.0
2025-06-16 22:30:00+05:30,TR,Auto Production YoYMAY,,22.8%,,15.0%,3.0
2025-06-16 22:30:00+05:30,BR,BCB Focus Market Readout,,,,,3.0
2025-06-16 22:30:00+05:30,IN,Passenger Vehicles Sales YoYMAY,,5.5%,,,3.0
2025-06-16 22:30:00+05:30,TR,Budget BalanceMAY,,TRY-174.7B,,,3.0
2025-06-16 22:30:00+05:30,IN,ExportsMAY,,$38.49B,,$37.8B,3.0
2025-06-16 22:30:00+05:30,G7,G7 Summit,,,,,3.0
2025-06-16 22:30:00+05:30,CN,Total Social FinancingMAY,,CNY1160B,CNY2300B,CNY2500.0B,3.0
2025-06-16 22:30:00+05:30,IN,ImportsMAY,,$64.91B,,$65B,3.0
2025-06-16 22:30:00+05:30,TR,Auto Sales YoYMAY,,38.8%,,20.0%,3.0
2025-06-16 22:30:00+05:30,US,20-Year Bond Auction,4.942%,5.047%,,,3.0
2025-06-16 22:30:00+05:30,OP,OPEC Monthly Report,,,,,3.0
2025-06-16 22:30:00+05:30,RU,GDP Growth Rate YoY FinalQ1,,4.5%,1.4%,1.4%,3.0
2025-06-16 22:30:00+05:30,CN,New Yuan LoansMAY,,CNY280B,CNY850B,CNY900.0B,3.0
2025-06-16 22:30:00+05:30,CN,Outstanding Loan Growth YoYMAY,,7.2%,7.2%,7.3%,3.0
2025-06-17 02:30:00+05:30,KR,Import Prices YoYMAY,-5%,-2.6%,,-2.7%,3.0
2025-06-17 02:30:00+05:30,KR,Export Prices YoYMAY,-2.4%,0.4%,,1.9%,3.0
2025-06-17 05:15:00+05:30,IN,Passenger Vehicles Sales YoYMAY,0.8%,5.5%,,,3.0
2025-06-17 06:00:00+05:30,SG,Non-Oil Exports YoYMAY,-3.5%,12.4%,8%,4.5%,3.0
2025-06-17 06:00:00+05:30,SG,Balance of TradeMAY,,$14.20B,,$7.0B,3.0
2025-06-17 06:00:00+05:30,SG,Non-Oil Exports MoMMAY,-12%,10.4%,,7.3%,3.0
2025-06-17 06:30:00+05:30,SG,Balance of TradeMAY,$7.24B,$14.22B,,$7.0B,3.0
2025-06-17 08:30:00+05:30,JP,BoJ Interest Rate Decision,0.5%,0.5%,0.5%,0.5%,1.0
2025-06-17 10:30:00+05:30,SG,MAS 4-Week Bill Auction,2.05%,2.11%,,,3.0
2025-06-17 10:30:00+05:30,SG,MAS 12-Week Bill Auction,2.09%,2.11%,,,3.0
2025-06-17 10:30:00+05:30,SG,Balance of TradeMAY,,$14.20B,,$7.0B,3.0
2025-06-17 13:30:00+05:30,SG,Balance of TradeMAY,,$14.20B,,$7.0B,2.0
2025-06-17 13:30:00+05:30,FR,IEA Oil Market Report,,,,,2.0
2025-06-17 14:30:00+05:30,DE,ZEW Current ConditionsJUN,-72.0,-82.0,-74,-79,3.0
2025-06-17 14:30:00+05:30,SG,Balance of TradeMAY,,$14.20B,,$7.0B,3.0
2025-06-17 14:30:00+05:30,EA,ZEW Economic Sentiment IndexJUN,35.3,11.6,23.5,5,2.0
2025-06-17 14:30:00+05:30,GB,5-Year Treasury Gilt Auction,4.060%,3.977%,,,3.0
2025-06-17 14:30:00+05:30,DE,ZEW Economic Sentiment IndexJUN,47.5,25.2,35,32,1.0
2025-06-17 15:00:00+05:30,DE,10-Year Bund/g Auction,2.37%,2.13%,,,3.0
2025-06-17 15:00:00+05:30,DE,5-Year Bobl/g Auction,2.02%,2.26%,,,3.0
2025-06-17 15:00:00+05:30,SG,Balance of TradeMAY,,$14.20B,,$7.0B,3.0
2025-06-17 15:00:00+05:30,DE,Bund/g Auction,,,,,3.0
2025-06-17 15:30:00+05:30,DE,Bundesbank Monthly Report,,,,,3.0
2025-06-17 18:00:00+05:30,US,Retail Sales Control Group MoMMAY,0.4%,-0.1%,0.3%,0.1%,2.0
2025-06-17 18:00:00+05:30,CA,Foreign Securities Purchases by CanadiansAPR,C$4.1B,C$15.63B,,,3.0
2025-06-17 18:00:00+05:30,US,Export Prices MoMMAY,-0.9%,0.1%,-0.2%,0.1%,2.0
2025-06-17 18:00:00+05:30,US,Retail Sales Ex Autos MoMMAY,-0.3%,0%,0.1%,0.1%,2.0
2025-06-17 18:00:00+05:30,US,Import Prices YoYMAY,0.2%,0.1%,,0.2%,3.0
2025-06-17 18:00:00+05:30,US,Retail Sales MoMMAY,-0.9%,-0.1%,-0.7%,-0.4%,1.0
2025-06-17 18:00:00+05:30,US,Retail Sales YoYMAY,3.3%,5%,,4.9%,3.0
2025-06-17 18:00:00+05:30,US,Retail Sales Ex Gas/Autos MoMMAY,-0.1%,0.1%,,0.2%,3.0
2025-06-17 18:00:00+05:30,US,Import Prices MoMMAY,0%,0.1%,-0.2%,0.1%,2.0
2025-06-17 18:00:00+05:30,US,Export Prices YoYMAY,1.7%,1.9%,,1.7%,3.0
2025-06-17 18:00:00+05:30,CA,Foreign Securities PurchasesAPR,C$-9.36B,C$-4.21B,C$-2.94B,,3.0
2025-06-17 18:00:00+05:30,SG,Balance of TradeMAY,,$14.20B,,$7.0B,3.0
2025-06-17 18:25:00+05:30,US,Redbook YoYJUN/14,5.2%,4.7%,,,3.0
2025-06-17 18:45:00+05:30,US,Industrial Production YoYMAY,0.6%,1.4%,,1.1%,3.0
2025-06-17 18:45:00+05:30,US,Manufacturing Production MoMMAY,0.1%,-0.5%,0.2%,-0.1%,3.0
2025-06-17 18:45:00+05:30,US,Manufacturing Production YoYMAY,0.5%,1.1%,,0.9%,3.0
2025-06-17 18:45:00+05:30,US,Industrial Production MoMMAY,-0.2%,0.1%,0.1%,0.1%,2.0
2025-06-17 18:45:00+05:30,US,Capacity UtilizationMAY,77.4%,77.7%,77.7%,77.7%,3.0
2025-06-17 19:30:00+05:30,US,Retail Inventories Ex Autos MoMAPR,0.3%,0.3%,0.3%,0.3%,3.0
2025-06-17 19:30:00+05:30,US,NAHB Housing Market IndexJUN,32,34,36,37,2.0
2025-06-17 19:30:00+05:30,SG,Balance of TradeMAY,,$14.20B,,$7.0B,3.0
2025-06-17 19:30:00+05:30,US,Business Inventories MoMAPR,0%,0.1%,0%,0.2%,2.0
2025-06-17 22:30:00+05:30,SG,Balance of TradeMAY,,$14.20B,,$7.0B,3.0
2025-06-17 22:30:00+05:30,US,5-Year TIPS Auction,1.650%,1.702%,,,3.0
2025-06-17 23:00:00+05:30,IN,Passenger Vehicles Sales YoYMAY,,5.5%,,,2.0
2025-06-17 23:00:00+05:30,CA,BoC Summary of Deliberations,,,,,2.0
2025-06-17 23:00:00+05:30,SG,Balance of TradeMAY,,$14.20B,,$7.0B,2.0
2025-06-17 23:00:00+05:30,G7,G7 Summit,,,,,2.0
2025-06-18 02:00:00+05:30,US,API Crude Oil Stock ChangeJUN/13,-10.133M,-0.370M,-0.6M,,2.0
2025-06-18 04:30:00+05:30,JP,Reuters Tankan IndexJUN,6,8,,7,3.0
2025-06-18 05:20:00+05:30,JP,Imports YoYMAY,-7.7%,-2.2%,-6.7%,-6.2%,3.0
2025-06-18 05:20:00+05:30,JP,Balance of TradeMAY,¥-637.6B,¥-115.6B,¥-893B,¥-870.0B,1.0
2025-06-18 05:20:00+05:30,JP,Exports YoYMAY,-1.7%,2%,-3.8%,-4.0%,2.0
2025-06-18 05:20:00+05:30,JP,Machinery Orders YoYAPR,6.6%,8.4%,4.0%,3.8%,2.0
2025-06-18 05:20:00+05:30,JP,Machinery Orders MoMAPR,-9.1%,13%,-9.7%,-9.0%,2.0
2025-06-18 06:30:00+05:30,US,International Monetary Market (IMM) Date,,,,,3.0
2025-06-18 06:30:00+05:30,AU,Westpac Leading Index MoMMAY,-0.1%,0%,,0.2%,3.0
2025-06-18 11:30:00+05:30,GB,Core Inflation Rate YoYMAY,3.5%,3.8%,3.6%,3.8%,2.0
2025-06-18 11:30:00+05:30,GB,Core Inflation Rate MoMMAY,0.2%,1.4%,0.2%,0.4%,3.0
2025-06-18 11:30:00+05:30,GB,Inflation Rate MoMMAY,0.2%,1.2%,0.2%,0.3%,2.0
2025-06-18 11:30:00+05:30,GB,Retail Price Index YoYMAY,4.3%,4.5%,4.3%,4.7%,3.0
2025-06-18 11:30:00+05:30,GB,Inflation Rate YoYMAY,3.4%,3.5%,3.4%,3.5%,1.0
2025-06-18 11:30:00+05:30,GB,Retail Price Index MoMMAY,0.2%,1.7%,,0.6%,3.0
2025-06-18 13:00:00+05:30,ID,Deposit Facility RateJUN,4.75%,4.75%,4.75%,4.75%,3.0
2025-06-18 13:00:00+05:30,ID,Lending Facility RateJUN,6.25%,6.25%,6.25%,6.25%,3.0
2025-06-18 13:00:00+05:30,EA,ECB Elderson Speech,,,,,3.0
2025-06-18 13:00:00+05:30,ID,Loan Growth YoYMAY,8.43%,8.88%,,8.8%,3.0
2025-06-18 13:00:00+05:30,ID,Interest Rate Decision,5.5%,5.5%,5.5%,5.5%,2.0
2025-06-18 13:05:00+05:30,EA,ECB Donnery Speech,,,,,3.0
2025-06-18 13:20:00+05:30,EA,ECB Machado Speech,,,,,3.0
2025-06-18 13:30:00+05:30,ZA,Inflation Rate YoYMAY,2.8%,2.8%,,2.7%,2.0
2025-06-18 13:30:00+05:30,IT,Current AccountAPR,€359M,€1757M,,€1890.0M,3.0
2025-06-18 13:30:00+05:30,ZA,Inflation Rate MoMMAY,0.2%,0.3%,,0.2%,2.0
2025-06-18 13:30:00+05:30,EA,Current Account s.aAPR,€19.8B,€50.9B,€40.4B,€45.5B,3.0
2025-06-18 13:30:00+05:30,ZA,Core Inflation Rate MoMMAY,0%,0.1%,,0.1%,3.0
2025-06-18 13:30:00+05:30,EA,Current AccountAPR,€19.3B,€60.1B,,€59.5B,3.0
2025-06-18 13:30:00+05:30,ZA,Core Inflation Rate YoYMAY,3%,3%,,3.0%,3.0
2025-06-18 14:30:00+05:30,EA,Core Inflation Rate YoY FinalMAY,2.3%,2.7%,2.3%,2.3%,3.0
2025-06-18 14:30:00+05:30,EA,CPI FinalMAY,128.71,128.77,128.73,128.73,3.0
2025-06-18 14:30:00+05:30,EA,Inflation Rate YoY FinalMAY,1.9%,2.2%,1.9%,1.9%,3.0
2025-06-18 14:30:00+05:30,IT,Current AccountAPR,,€1644M,,€1890.0M,3.0
2025-06-18 14:30:00+05:30,EA,Inflation Rate MoM FinalMAY,0%,0.6%,0%,0.0%,3.0
2025-06-18 15:00:00+05:30,DE,30-Year Bund Auction,2.99%,3.12%,,,3.0
2025-06-18 16:30:00+05:30,US,MBA Mortgage Refinance IndexJUN/13,692.4,707.4,,,3.0
2025-06-18 16:30:00+05:30,ZA,Retail Sales YoYAPR,5.1%,1.2%,,1.2%,3.0
2025-06-18 16:30:00+05:30,US,MBA 30-Year Mortgage RateJUN/13,6.84%,6.93%,,,2.0
2025-06-18 16:30:00+05:30,US,MBA Mortgage Market IndexJUN/13,248.1,254.6,,,3.0
2025-06-18 16:30:00+05:30,US,MBA Mortgage ApplicationsJUN/13,-2.6%,12.5%,,,3.0
2025-06-18 16:30:00+05:30,ZA,Retail Sales MoMAPR,0.9%,-0.3%,,0.1%,3.0
2025-06-18 16:30:00+05:30,US,MBA Purchase IndexJUN/13,165.8,170.9,,,3.0
2025-06-18 16:40:00+05:30,EU,3-Month Bill Auction,1.935%,1.942%,,,3.0
2025-06-18 16:40:00+05:30,EU,12-Month Bill Auction,1.951%,1.899%,,,3.0
2025-06-18 16:40:00+05:30,EU,6-Month Bill Auction,1.956%,1.943%,,,3.0
2025-06-18 17:30:00+05:30,MX,Private Spending QoQQ1,-0.4%,-1.4%,,-0.2%,3.0
2025-06-18 17:30:00+05:30,MX,Private Spending YoYQ1,-0.6%,0.4%,,0.6%,3.0
2025-06-18 17:30:00+05:30,MX,Aggregate Demand QoQQ1,-1.1%,0%,,0.5%,3.0
2025-06-18 17:30:00+05:30,MX,Aggregate Demand YoYQ1,-0.2%,1.9%,,2.0%,3.0
2025-06-18 18:00:00+05:30,US,Housing StartsMAY,1.256M,1.392M,1.36M,1.35M,1.0
2025-06-18 18:00:00+05:30,US,International Monetary Market (IMM) Date,,,,,2.0
2025-06-18 18:00:00+05:30,US,Building Permits MoM PrelMAY,-2%,-4%,,-1.5%,2.0
2025-06-18 18:00:00+05:30,US,Housing Starts MoMMAY,-9.8%,2.7%,,-0.8%,2.0
2025-06-18 18:00:00+05:30,US,Continuing Jobless ClaimsJUN/07,1945K,1951K,1940K,1965.0K,3.0
2025-06-18 18:00:00+05:30,US,Jobless Claims 4-week AverageJUN/14,245.5K,240.75K,,247.5K,3.0
2025-06-18 18:00:00+05:30,US,Building Permits PrelMAY,1.393M,1.422M,1.43M,1.4M,1.0
2025-06-18 18:00:00+05:30,US,Initial Jobless ClaimsJUN/14,245K,250K,245K,255.0K,2.0
2025-06-18 20:00:00+05:30,US,EIA Crude Oil Imports ChangeJUN/13,-1.747M,0.451M,,,3.0
2025-06-18 20:00:00+05:30,US,EIA Crude Oil Stocks ChangeJUN/13,-11.473M,-3.644M,-2.3M,,2.0
2025-06-18 20:00:00+05:30,US,EIA Heating Oil Stocks ChangeJUN/13,0.152M,0.487M,,,3.0
2025-06-18 20:00:00+05:30,US,EIA Refinery Crude Runs ChangeJUN/13,-0.364M,0.228M,,,3.0
2025-06-18 20:00:00+05:30,US,EIA Gasoline Production ChangeJUN/13,0.386M,0.681M,,,3.0
2025-06-18 20:00:00+05:30,US,EIA Distillate Stocks ChangeJUN/13,0.514M,1.246M,,,3.0
2025-06-18 20:00:00+05:30,US,EIA Gasoline Stocks ChangeJUN/13,0.209M,1.504M,,,2.0
2025-06-18 20:00:00+05:30,US,EIA Distillate Fuel Production ChangeJUN/13,0.077M,-0.097M,,,3.0
2025-06-18 20:00:00+05:30,US,EIA Cushing Crude Oil Stocks ChangeJUN/13,-0.995M,-0.403M,,,3.0
2025-06-18 20:30:00+05:30,EA,ECB Lane Speech,,,,,3.0
2025-06-18 20:45:00+05:30,CA,BoC Macklem Speech,,,,,2.0
2025-06-18 21:00:00+05:30,US,4-Week Bill Auction,4.060%,4.080%,,,3.0
2025-06-18 21:00:00+05:30,US,8-Week Bill Auction,4.470%,4.380%,,,3.0
2025-06-18 21:00:00+05:30,US,17-Week Bill Auction,,4.220%,,,3.0
2025-06-18 21:30:00+05:30,US,15-Year Mortgage RateJUN/19,5.96%,5.97%,,,3.0
2025-06-18 21:30:00+05:30,US,30-Year Mortgage RateJUN/19,6.81%,6.84%,,,3.0
2025-06-18 21:30:00+05:30,RU,Consumer ConfidenceQ2,-8,-11,,-15,3.0
2025-06-18 21:30:00+05:30,RU,GDP Growth Rate YoY FinalQ1,1.4%,4.5%,1.4%,1.4%,3.0
2025-06-18 21:30:00+05:30,US,EIA Natural Gas Stocks ChangeJUN/13,95Bcf,109Bcf,96Bcf,,3.0
2025-06-18 22:30:00+05:30,US,17-Week Bill Auction,4.235%,4.220%,,,3.0
2025-06-18 23:30:00+05:30,US,Interest Rate Projection - Longer,3%,3%,,,3.0
2025-06-18 23:30:00+05:30,US,Interest Rate Projection - 1st Yr,3.6%,3.4%,,,3.0
2025-06-18 23:30:00+05:30,US,Interest Rate Projection - Current,3.9%,3.9%,,,3.0
2025-06-18 23:30:00+05:30,US,International Monetary Market (IMM) Date,,,,,3.0
2025-06-18 23:30:00+05:30,EA,ECB Guindos Speech,,,,,3.0
2025-06-18 23:30:00+05:30,US,FOMC Economic Projections,,,,,1.0
2025-06-18 23:30:00+05:30,RU,Consumer ConfidenceQ2,,-11,,-15,3.0
2025-06-18 23:30:00+05:30,US,Interest Rate Projection - 2nd Yr,3.4%,3.1%,,,3.0
2025-06-18 23:30:00+05:30,AR,Leading Indicator MoMMAY,,0.52%,,0.4%,3.0
2025-06-18 23:30:00+05:30,US,Fed Interest Rate Decision,4.5%,4.5%,4.5%,4.5%,1.0
2025-06-19 00:00:00+05:30,US,Fed Press Conference,,,,,1.0
2025-06-19 00:30:00+05:30,AR,Retail Sales YoYAPR,66.9%,86.7%,,70.0%,3.0
2025-06-19 01:30:00+05:30,US,Net Long-term TIC FlowsAPR,$-7.8B,$162.4B,,,2.0
2025-06-19 01:30:00+05:30,US,Overall Net Capital FlowsAPR,$-14.2B,$253.1B,,,3.0
2025-06-19 01:30:00+05:30,US,Foreign Bond InvestmentAPR,$-40.8B,$123.3B,,,3.0
2025-06-19 03:00:00+05:30,BR,Interest Rate Decision,15%,14.75%,14.75%,14.75%,2.0
2025-06-19 04:30:00+05:30,JP,Reuters Tankan IndexJUN,,8,,7,3.0
2025-06-19 05:20:00+05:30,JP,Stock Investment by ForeignersJUN/14,¥473.4B,¥179.8B,,,3.0
2025-06-19 05:20:00+05:30,JP,Foreign Bond InvestmentJUN/14,¥1571.3B,¥-453.6B,,,3.0
2025-06-19 07:00:00+05:30,EA,Eurogroup Meeting,,,,,3.0
2025-06-19 07:00:00+05:30,AU,Part Time Employment ChgMAY,-41.2K,29.0K,,-5.0K,3.0
2025-06-19 07:00:00+05:30,AU,Participation RateMAY,67%,67.1%,67.1%,67.0%,3.0
2025-06-19 07:00:00+05:30,AU,Unemployment RateMAY,4.1%,4.1%,4.1%,4.1%,2.0
2025-06-19 07:00:00+05:30,AU,Full Time Employment ChgMAY,38.7K,58.6K,,20.0K,2.0
2025-06-19 07:00:00+05:30,AU,Employment ChangeMAY,-2.5K,87.6K,25K,15.0K,2.0
2025-06-19 09:05:00+05:30,JP,52-Week Bill Auction,0.5671%,0.5702%,,,3.0
2025-06-19 09:05:00+05:30,JP,5-Year JGB Auction,0.982%,0.980%,,,3.0
2025-06-19 10:30:00+05:30,SG,6-Month T-Bill Auction,2%,2.20%,,,3.0
2025-06-19 13:00:00+05:30,EA,ECB President Lagarde Speech,,,,,2.0
2025-06-19 14:00:00+05:30,EA,ECB Buch Speech,,,,,3.0
2025-06-19 14:10:00+05:30,ES,10-Year Obligacion Auction,3.208%,3.349%,,,3.0
2025-06-19 14:10:00+05:30,ES,8-Year Obligacion Auction,2.904%,3.062%,,,3.0
2025-06-19 14:10:00+05:30,ES,Index-Linked Obligacion Auction,,,,,3.0
2025-06-19 14:10:00+05:30,ES,Obligacion Auction,,,,,3.0
2025-06-19 14:10:00+05:30,ES,5-Year Bonos Auction,2.506%,2.386%,,,3.0
2025-06-19 14:10:00+05:30,ES,Bonos Auction,,,,,3.0
2025-06-19 14:30:00+05:30,FR,3-Year OAT Auction,2.28%,2.30%,,,3.0
2025-06-19 14:30:00+05:30,FR,6-Year OAT Auction,2.69%,2.72%,,,3.0
2025-06-19 14:30:00+05:30,EA,Construction Output YoYAPR,3%,-1.3%,,-1.6%,3.0
2025-06-19 14:30:00+05:30,FR,9-Year OAT€i Auction,,1.20%,,,3.0
2025-06-19 14:30:00+05:30,FR,3-Year OATi Auction,,,,,3.0
2025-06-19 14:30:00+05:30,FR,OAT Auction,,,,,3.0
2025-06-19 14:30:00+05:30,FR,13-Year OAT€i Auction,,,,,3.0
2025-06-19 14:30:00+05:30,FR,5-Year OAT Auction,2.53%,2.80%,,,3.0
2025-06-19 15:15:00+05:30,EA,ECB Guindos Speech,,,,,3.0
2025-06-19 15:30:00+05:30,FR,OATi Auction,,,,,3.0
2025-06-19 15:30:00+05:30,FR,9-Year OAT€i Auction,1.17%,1.20%,,,3.0
2025-06-19 15:30:00+05:30,FR,3-Year OATi Auction,0.80%,,,,3.0
2025-06-19 15:30:00+05:30,FR,13-Year OAT€i Auction,1.44%,,,,3.0
2025-06-19 15:30:00+05:30,FR,Index-Linked OAT Auction,,,,,3.0
2025-06-19 15:30:00+05:30,EA,Eurogroup Meeting,,,,,3.0
2025-06-19 16:00:00+05:30,EA,ECB President Lagarde Speech,,,,,2.0
2025-06-19 16:30:00+05:30,TR,TCMB Interest Rate Decision,46%,46%,46%,46%,2.0
2025-06-19 16:30:00+05:30,ZA,Building Permits YoYAPR,-20.8%,-4.6%,,1.0%,3.0
2025-06-19 16:30:00+05:30,GB,BoE Interest Rate Decision,4.25%,4.25%,4.25%,4.25%,1.0
2025-06-19 16:30:00+05:30,GB,MPC Meeting Minutes,,,,,2.0
2025-06-19 16:30:00+05:30,GB,BoE MPC Vote Cut,3/9,7/9,2/9,,2.0
2025-06-19 16:30:00+05:30,CA,CFIB Business BarometerJUN,47.3,40,,43,3.0
2025-06-19 16:30:00+05:30,GB,BoE MPC Vote Unchanged,6/9,2/9,7/9,,2.0
2025-06-19 16:30:00+05:30,GB,BoE MPC Vote Hike,0/9,0/9,0/9,,2.0
2025-06-19 16:30:00+05:30,EA,ECB Buch Speech,,,,,3.0
2025-06-19 16:30:00+05:30,TR,Overnight Lending RateJUN,49%,49%,47.5%,47.5%,3.0
2025-06-19 16:30:00+05:30,TR,Overnight Borrowing RateJUN,44.5%,44.5%,,44.5%,3.0
2025-06-19 17:00:00+05:30,AR,Consumer ConfidenceJUN,,45.49,,46.9,3.0
2025-06-19 17:00:00+05:30,TR,Foreign Exchange ReservesJUN/13,$72.74B,$70.31B,,,3.0
2025-06-19 17:00:00+05:30,EA,Eurogroup Meeting,,,,,3.0
2025-06-19 18:00:00+05:30,EA,Eurogroup Meeting,,,,,3.0
2025-06-19 18:00:00+05:30,US,Jobless Claims 4-week AverageJUN/14,,240.25K,,247.5K,3.0
2025-06-19 18:00:00+05:30,US,Initial Jobless ClaimsJUN/14,,248K,,255.0K,2.0
2025-06-19 18:00:00+05:30,US,Continuing Jobless ClaimsJUN/07,,1956K,,1965.0K,3.0
2025-06-19 19:30:00+05:30,EA,Eurogroup Meeting,,,,,3.0
2025-06-19 19:30:00+05:30,ES,5-Year Bonos Auction,2.506%,2.386%,,,3.0
2025-06-19 19:30:00+05:30,ES,8-Year Obligacion Auction,,3.062%,,,3.0
2025-06-19 19:30:00+05:30,AR,Consumer ConfidenceJUN,45.48,45.49,,46.9,3.0
2025-06-20 00:30:00+05:30,AR,Unemployment RateQ1,7.9%,6.4%,6.3%,6.2%,3.0
2025-06-20 00:30:00+05:30,AR,Balance of TradeMAY,$608M,$204M,$859M,$450.0M,3.0
2025-06-20 02:00:00+05:30,US,Fed Balance SheetJUN/18,,,,,3.0
2025-06-20 02:30:00+05:30,KR,PPI YoYMAY,0.3%,0.8%,,1.0%,3.0
2025-06-20 02:30:00+05:30,KR,PPI MoMMAY,-0.4%,-0.2%,,0.0%,3.0
2025-06-20 04:31:00+05:30,GB,Gfk Consumer ConfidenceJUN,-18,-20,-20,-18,2.0
2025-06-20 05:00:00+05:30,JP,Inflation Rate Ex-Food and Energy YoYMAY,3.3%,3%,,3.1%,3.0
2025-06-20 05:00:00+05:30,JP,Core Inflation Rate YoYMAY,3.7%,3.5%,3.6%,3.6%,2.0
2025-06-20 05:00:00+05:30,JP,Inflation Rate YoYMAY,3.5%,3.6%,,3.6%,1.0
2025-06-20 05:00:00+05:30,JP,Inflation Rate MoMMAY,0.3%,0.1%,,0.1%,3.0
2025-06-20 05:20:00+05:30,JP,BoJ Monetary Policy Meeting Minutes,,,,,2.0
2025-06-20 06:45:00+05:30,CN,Loan Prime Rate 1Y,3%,3%,3.0%,3.0%,2.0
2025-06-20 06:45:00+05:30,EA,ECOFIN Meeting,,,,,2.0
2025-06-20 06:45:00+05:30,CN,Loan Prime Rate 5YJUN,3.5%,3.5%,3.5%,3.5%,2.0
2025-06-20 08:30:00+05:30,ID,M2 Money Supply YoYMAY,,5.2%,,,3.0
2025-06-20 09:05:00+05:30,JP,BoJ JGB Purchases,,,,,3.0
2025-06-20 09:05:00+05:30,JP,3-Month Bill Auction,0.4207%,0.4317%,,,3.0
2025-06-20 11:30:00+05:30,GB,Retail Sales MoMMAY,-2.7%,1.3%,-0.5%,-0.7%,1.0
2025-06-20 11:30:00+05:30,DE,PPI MoMMAY,-0.2%,-0.6%,-0.3%,-0.3%,3.0
2025-06-20 11:30:00+05:30,DE,PPI YoYMAY,-1.2%,-0.9%,-1.2%,-1.2%,2.0
2025-06-20 11:30:00+05:30,GB,Public Sector Net Borrowing Ex BanksMAY,£-17.69B,£-20.05B,£-17.1B,£-18.5B,3.0
2025-06-20 11:30:00+05:30,GB,Retail Sales ex Fuel MoMMAY,-2.8%,1.4%,-0.5%,-0.5%,3.0
2025-06-20 11:30:00+05:30,GB,Retail Sales ex Fuel YoYMAY,-1.3%,5.2%,1.8%,1.9%,3.0
2025-06-20 11:30:00+05:30,GB,Retail Sales YoYMAY,-1.3%,5%,1.7%,1.6%,2.0
2025-06-20 12:15:00+05:30,FR,Business ConfidenceJUN,96,97,97,97,2.0
2025-06-20 12:15:00+05:30,FR,Business Climate IndicatorJUN,96,96,,95,3.0
2025-06-20 12:30:00+05:30,TR,Consumer ConfidenceJUN,85.1,84.8,,83,2.0
2025-06-20 12:50:00+05:30,ID,Loan Growth YoYMAY,,8.88%,,8.8%,3.0
2025-06-20 13:30:00+05:30,EA,ECB Economic Bulletin,,,,,3.0
2025-06-20 13:30:00+05:30,IT,Construction Output YoYAPR,5.9%,3.8%,,3.4%,3.0
2025-06-20 15:00:00+05:30,CN,FDI (YTD) YoYMAY,-13.2%,-10.9%,,-9.5%,2.0
2025-06-20 16:00:00+05:30,RU,Summary of the Key Rate Discussion,,,,,3.0
2025-06-20 17:00:00+05:30,IN,Deposit Growth YoYJUN/06,9.9%,10%,,,3.0
2025-06-20 17:00:00+05:30,IN,Foreign Exchange ReservesJUN/13,$698.95B,$696.66B,,,3.0
2025-06-20 17:00:00+05:30,IN,Monetary Policy Meeting Minutes,,,,,2.0
2025-06-20 17:00:00+05:30,IN,Infrastructure Output YoYMAY,0.7%,1.0%,,1.4%,3.0
2025-06-20 17:00:00+05:30,IN,Bank Loan Growth YoYJUN/06,9.0%,9.8%,,,3.0
2025-06-20 18:00:00+05:30,CA,PPI MoMMAY,-0.5%,-0.8%,0%,-0.3%,3.0
2025-06-20 18:00:00+05:30,CA,Retail Sales YoYAPR,5.0%,5.6%,,3.4%,3.0
2025-06-20 18:00:00+05:30,CA,Raw Materials Prices YoYMAY,-2.8%,-3.9%,,-5.0%,3.0
2025-06-20 18:00:00+05:30,CA,New Housing Price Index MoMMAY,-0.2%,-0.4%,-0.2%,-0.2%,2.0
2025-06-20 18:00:00+05:30,CA,Retail Sales MoM PrelMAY,-1.1%,0.5%,,0.3%,2.0
2025-06-20 18:00:00+05:30,US,Philly Fed New OrdersJUN,2.3,7.5,,,3.0
2025-06-20 18:00:00+05:30,US,Philly Fed EmploymentJUN,-9.8,16.5,,,3.0
2025-06-20 18:00:00+05:30,US,Philly Fed CAPEX IndexJUN,14.50,27.00,,,3.0
2025-06-20 18:00:00+05:30,CA,Raw Materials Prices MoMMAY,-0.4%,-3.3%,-0.8%,-1.0%,3.0
2025-06-20 18:00:00+05:30,CA,New Housing Price Index YoYMAY,,-0.6%,,,3.0
2025-06-20 18:00:00+05:30,CN,FDI (YTD) YoYMAY,,-10.9%,,-9.5%,3.0
2025-06-20 18:00:00+05:30,CA,Retail Sales MoM FinalAPR,0.3%,0.8%,0.4%,0.5%,2.0
2025-06-20 18:00:00+05:30,US,Philly Fed Business ConditionsJUN,18.3,47.2,,,3.0
2025-06-20 18:00:00+05:30,US,Philly Fed Prices PaidJUN,41.40,59.80,,,3.0
2025-06-20 18:00:00+05:30,CA,PPI YoYMAY,1.2%,2%,,2.3%,3.0
2025-06-20 18:00:00+05:30,CA,Retail Sales Ex Autos MoMAPR,-0.3%,-0.8%,0.2%,0.3%,2.0
2025-06-20 18:00:00+05:30,EA,ECOFIN Meeting,,,,,3.0
2025-06-20 18:00:00+05:30,US,Philadelphia Fed Manufacturing IndexJUN,-4.0,-4.0,-1,1,2.0
2025-06-20 19:15:00+05:30,EA,ECB Machado Speech,,,,,3.0
2025-06-20 19:30:00+05:30,EA,Consumer Confidence FlashJUN,-15.3,-15.1,-14.5,-14.8,2.0
2025-06-20 19:30:00+05:30,EA,ECOFIN Meeting,,,,,3.0
2025-06-20 19:30:00+05:30,US,CB Leading Index MoMMAY,-0.1%,-1.4%,-0.1%,-0.2%,3.0
2025-06-20 19:30:00+05:30,TR,Central Government DebtMAY,,TRY10.751T,,,3.0
2025-06-20 19:30:00+05:30,CN,FDI (YTD) YoYMAY,,-10.9%,,-9.5%,3.0
2025-06-20 20:00:00+05:30,TR,Central Government DebtMAY,TRY11.064T,TRY10.751T,,TRY10.9T,3.0
2025-06-20 22:30:00+05:30,US,Baker Hughes Total Rigs CountJUN/20,554,555,,,3.0
2025-06-20 22:30:00+05:30,US,Baker Hughes Oil Rig CountJUN/20,438,439,,,3.0
2025-06-20 22:30:00+05:30,EA,ECOFIN Meeting,,,,,3.0
2025-06-20 22:30:00+05:30,TR,Central Government DebtMAY,TRY11.064T,TRY10.751T,,TRY10.9T,3.0
2025-06-20 22:30:00+05:30,CN,FDI (YTD) YoYMAY,,-10.9%,,-9.5%,3.0
2025-06-21 02:00:00+05:30,US,Fed Balance SheetJUN/18,$6.68T,$6.68T,,,3.0
2025-06-22 22:45:00+05:30,US,Fed Daly Speech,,,,,2.0
2025-06-23 04:30:00+05:30,AU,S&P Global Composite PMI FlashJUN,51.2,50.5,,50.2,3.0
2025-06-23 04:30:00+05:30,AU,S&P Global Services PMI FlashJUN,51.3,50.6,,50.1,2.0
2025-06-23 04:30:00+05:30,AU,S&P Global Manufacturing PMI FlashJUN,51,51,,50.5,2.0
2025-06-23 06:00:00+05:30,JP,Jibun Bank Services PMI FlashJUN,51.5,51.0,,51.5,2.0
2025-06-23 06:00:00+05:30,JP,Jibun Bank Manufacturing PMI FlashJUN,50.4,49.4,49.5,49.7,2.0
2025-06-23 06:00:00+05:30,JP,Jibun Bank Composite PMI FlashJUN,51.4,50.2,,50.7,3.0
2025-06-23 08:00:00+05:30,SG,Unemployment Rate FinalQ1,,1.9%,2.1%,2.1%,3.0
2025-06-23 08:30:00+05:30,ID,M2 Money Supply YoYMAY,4.9%,5.2%,,,3.0
2025-06-23 09:30:00+05:30,KR,5-Year KTB Auction,2.655%,2.480%,,,3.0
2025-06-23 10:30:00+05:30,IN,HSBC Composite PMI FlashJUN,61.0,59.3,59.4,59.6,2.0
2025-06-23 10:30:00+05:30,IN,HSBC Manufacturing PMI FlashJUN,58.4,57.6,57.7,57.7,2.0
2025-06-23 10:30:00+05:30,KR,5-Year KTB Auction,,2.480%,,,3.0
2025-06-23 10:30:00+05:30,SG,Core Inflation Rate YoYMAY,0.6%,0.7%,0.6%,0.7%,3.0
2025-06-23 10:30:00+05:30,IN,HSBC Services PMI FlashJUN,60.7,58.8,58.6,59,2.0
2025-06-23 10:30:00+05:30,SG,Inflation Rate YoYMAY,0.8%,0.9%,0.8%,0.7%,3.0
2025-06-23 10:30:00+05:30,SG,Inflation Rate MoMMAY,0.7%,-0.3%,,0.6%,3.0
2025-06-23 12:30:00+05:30,US,Fed Waller Speech,,,,,2.0
2025-06-23 12:45:00+05:30,FR,HCOB Composite PMI FlashJUN,48.5,49.3,49.3,49.9,2.0
2025-06-23 12:45:00+05:30,FR,HCOB Services PMI FlashJUN,48.7,48.9,49.2,49.5,2.0
2025-06-23 12:45:00+05:30,FR,HCOB Manufacturing PMI FlashJUN,47.8,49.8,50,50.5,2.0
2025-06-23 13:00:00+05:30,DE,HCOB Services PMI FlashJUN,49.4,47.1,47.5,48,2.0
2025-06-23 13:00:00+05:30,DE,HCOB Composite PMI FlashJUN,50.4,48.5,49,48.6,2.0
2025-06-23 13:00:00+05:30,DE,HCOB Manufacturing PMI FlashJUN,49,48.3,49,49.1,1.0
2025-06-23 13:30:00+05:30,TR,Tourist Arrivals YoYMAY,,8%,,,3.0
2025-06-23 13:30:00+05:30,EA,HCOB Manufacturing PMI FlashJUN,49.4,49.4,49.8,49.9,2.0
2025-06-23 13:30:00+05:30,EA,HCOB Services PMI FlashJUN,50,49.7,50,50.1,2.0
2025-06-23 13:30:00+05:30,EA,HCOB Composite PMI FlashJUN,50.2,50.2,50.5,50.5,2.0
2025-06-23 13:30:00+05:30,ES,Balance of TradeAPR,,€-5.48B,,€-5.2B,2.0
2025-06-23 14:00:00+05:30,GB,S&P Global Services PMI FlashJUN,51.3,50.9,51.3,51,1.0
2025-06-23 14:00:00+05:30,GB,S&P Global Manufacturing PMI FlashJUN,47.7,46.4,46.6,46.6,1.0
2025-06-23 14:00:00+05:30,GB,S&P Global Composite PMI FlashJUN,50.7,50.3,50.5,50.4,3.0
2025-06-23 15:00:00+05:30,DE,9-Month Bubill Auction,1.8162%,1.8829%,,,3.0
2025-06-23 15:00:00+05:30,DE,3-Month Bubill Auction,1.8339%,1.7851%,,,3.0
2025-06-23 15:15:00+05:30,EU,2051 EU Bonds,3.631%,,,,3.0
2025-06-23 15:15:00+05:30,EU,2035 EU Bonds,3.096%,2.984%,,,3.0
2025-06-23 15:15:00+05:30,EU,2029 EU Bonds,2.383%,2.330%,,,3.0
2025-06-23 16:15:00+05:30,EU,2051 EU Bonds,,,,,3.0
2025-06-23 16:15:00+05:30,EU,2029 EU Bonds,,2.330%,,,3.0
2025-06-23 16:15:00+05:30,EU,2035 EU Bonds,,2.984%,,,3.0
2025-06-23 16:15:00+05:30,EU,EU Bond Auction,,,,,3.0
2025-06-23 17:10:00+05:30,ES,Balance of TradeAPR,€-3.88B,€-5.48B,,€-5.2B,2.0
2025-06-23 17:30:00+05:30,MX,Economic Activity YoYAPR,-1.5%,2.5%,-2%,-3.9%,3.0
2025-06-23 17:30:00+05:30,MX,Economic Activity MoMAPR,0.5%,-0.2%,0.2%,-0.1%,3.0
2025-06-23 17:30:00+05:30,MX,Retail Sales YoYAPR,-2%,4.3%,,1.5%,3.0
2025-06-23 17:30:00+05:30,MX,Retail Sales MoMAPR,-1%,0.5%,,0.1%,3.0
2025-06-23 18:30:00+05:30,EA,ECB President Lagarde Speech,,,,,2.0
2025-06-23 18:30:00+05:30,FR,3-Month BTF Auction,1.951%,1.948%,,,3.0
2025-06-23 18:30:00+05:30,FR,6-Month BTF Auction,1.932%,1.953%,,,3.0
2025-06-23 18:30:00+05:30,TR,Tourist Arrivals YoYMAY,-1.81%,8%,,,3.0
2025-06-23 18:30:00+05:30,FR,12-Month BTF Auction,1.932%,1.94%,,,3.0
2025-06-23 19:15:00+05:30,US,S&P Global Services PMI FlashJUN,53.1,53.7,52.9,53,2.0
2025-06-23 19:15:00+05:30,US,S&P Global Manufacturing PMI FlashJUN,52,52,51,52,2.0
2025-06-23 19:15:00+05:30,US,S&P Global Composite PMI FlashJUN,52.8,53,,52.5,2.0
2025-06-23 19:30:00+05:30,US,Existing Home SalesMAY,4.03M,4M,3.96M,3.9M,1.0
2025-06-23 19:30:00+05:30,US,Existing Home Sales MoMMAY,0.8%,-0.5%,-1.3%,-2.5%,2.0
2025-06-23 19:30:00+05:30,US,Fed Bowman Speech,,,,,2.0
2025-06-23 21:00:00+05:30,BR,BCB Focus Market Readout,,,,,3.0
2025-06-23 21:00:00+05:30,US,3-Month Bill Auction,4.195%,4.240%,,,3.0
2025-06-23 21:00:00+05:30,US,6-Month Bill Auction,4.120%,4.155%,,,3.0
2025-06-23 21:00:00+05:30,CN,FDI (YTD) YoYMAY,,-10.9%,,-9.5%,3.0
2025-06-23 22:40:00+05:30,BR,BCB Focus Market Readout,,,,,2.0
2025-06-23 22:40:00+05:30,US,Fed Golsbee Speech,,,,,2.0
2025-06-24 00:00:00+05:30,US,Fed Kugler Speech,,,,,2.0
2025-06-24 00:30:00+05:30,AR,GDP Growth Rate QoQQ1,0.8%,1.1%,,-0.6%,3.0
2025-06-24 00:30:00+05:30,AR,GDP Growth Rate YoYQ1,5.8%,2.1%,6.1%,5.8%,3.0
2025-06-24 02:30:00+05:30,KR,Consumer ConfidenceJUN,108.7,101.8,,94,2.0
2025-06-24 09:05:00+05:30,JP,20-Year JGB Auction,2.364%,2.453%,,,3.0
2025-06-24 10:30:00+05:30,SG,MAS 4-Week Bill Auction,2.09%,2.05%,,,3.0
2025-06-24 10:30:00+05:30,KR,20-Year KTB Auction,2.825%,2.715%,,,3.0
2025-06-24 10:30:00+05:30,SG,MAS 12-Week Bill Auction,2.06%,2.09%,,,3.0
2025-06-24 12:30:00+05:30,TR,Business ConfidenceJUN,100.3,101.4,,101,2.0
2025-06-24 12:30:00+05:30,ZA,Leading Business Cycle Indicator MoMAPR,-0.3%,0.8%,,-0.6%,3.0
2025-06-24 12:30:00+05:30,TR,Capacity UtilizationJUN,74.6%,75%,,75.5%,3.0
2025-06-24 13:30:00+05:30,GB,BoE Gov Bailey Speech,,,,,2.0
2025-06-24 13:30:00+05:30,DE,Ifo ExpectationsJUN,90.7,89.0,90,89.9,3.0
2025-06-24 13:30:00+05:30,DE,Ifo Current ConditionsJUN,86.2,86.1,86.5,86.9,3.0
2025-06-24 13:30:00+05:30,DE,Ifo Business ClimateJUN,88.4,87.5,88.2,88.4,1.0
2025-06-24 14:30:00+05:30,GB,10-Year Index-linked Treasury Gilt Auction,1.386%,1.268%,,,3.0
2025-06-24 14:30:00+05:30,DE,Bundesbank Mauderer Speech,,,,,3.0
2025-06-24 15:00:00+05:30,GB,BoE Greene Speech,,,,,2.0
2025-06-24 15:00:00+05:30,DE,2-Year Schatz Auction,1.85%,1.78%,,,3.0
2025-06-24 15:30:00+05:30,GB,CBI Industrial Trends OrdersJUN,-33,-30,-27,-32,2.0
2025-06-24 16:30:00+05:30,BR,FGV Consumer ConfidenceJUN,85.9,86.7,,86,3.0
2025-06-24 16:30:00+05:30,BR,BCB Copom Meeting Minutes,,,,,2.0
2025-06-24 16:45:00+05:30,EA,ECB Guindos Speech,,,,,3.0
2025-06-24 17:30:00+05:30,MX,Mid-month Inflation Rate MoMJUN,0.1%,0.09%,0.11%,0.2%,3.0
2025-06-24 17:30:00+05:30,MX,Mid-month Core Inflation Rate MoMJUN,0.22%,0.16%,0.18%,0.1%,3.0
2025-06-24 17:30:00+05:30,MX,Mid-month Core Inflation Rate YoYJUN,4.2%,3.97%,4.16%,4.1%,3.0
2025-06-24 17:30:00+05:30,MX,Mid-month Inflation Rate YoYJUN,4.51%,4.22%,4.50%,4.5%,3.0
2025-06-24 18:00:00+05:30,US,Current AccountQ1,$-450.2B,$-312B,$-443.3B,$-450B,2.0
2025-06-24 18:00:00+05:30,CA,CPI Median YoYMAY,3%,3.1%,3%,3%,3.0
2025-06-24 18:00:00+05:30,CA,Core Inflation Rate YoYMAY,2.5%,2.5%,,2.6%,2.0
2025-06-24 18:00:00+05:30,CA,CPI Trimmed-Mean YoYMAY,3%,3.1%,3%,2.9%,3.0
2025-06-24 18:00:00+05:30,CA,Inflation Rate MoMMAY,0.6%,-0.1%,0.5%,0.4%,2.0
2025-06-24 18:00:00+05:30,CA,Inflation Rate YoYMAY,1.7%,1.7%,1.7%,1.5%,1.0
2025-06-24 18:00:00+05:30,CA,Core Inflation Rate MoMMAY,0.6%,0.5%,,0.6%,3.0
2025-06-24 18:00:00+05:30,CA,Manufacturing Sales MoM PrelMAY,-1.3%,-2.8%,,-0.4%,3.0
2025-06-24 18:25:00+05:30,US,Redbook YoYJUN/21,4.5%,5.2%,,,3.0
2025-06-24 18:30:00+05:30,US,S&P/Case-Shiller Home Price YoYAPR,3.4%,4.1%,4%,4.0%,2.0
2025-06-24 18:30:00+05:30,US,S&P/Case-Shiller Home Price MoMAPR,0.8%,1.1%,,0.8%,3.0
2025-06-24 18:30:00+05:30,US,House Price Index MoMAPR,-0.4%,0%,0.1%,-0.1%,3.0
2025-06-24 18:30:00+05:30,EA,ECB President Lagarde Speech,,,,,2.0
2025-06-24 18:30:00+05:30,US,House Price Index YoYAPR,3%,3.9%,,3.2%,3.0
2025-06-24 18:30:00+05:30,US,House Price IndexAPR,434.9,436.7,,436.2,3.0
2025-06-24 18:45:00+05:30,US,Fed Hammack Speech,,,,,2.0
2025-06-24 19:05:00+05:30,GB,BoE Ramsden Speech,,,,,2.0
2025-06-24 19:25:00+05:30,EA,ECB Lane Speech,,,,,3.0
2025-06-24 19:30:00+05:30,GB,BoE Gov Bailey Speech,,,,,3.0
2025-06-24 19:30:00+05:30,GB,BoE Breeden Speech,,,,,3.0
2025-06-24 19:30:00+05:30,US,Richmond Fed Services Revenues IndexJUN,-4,-11,,-10,3.0
2025-06-24 19:30:00+05:30,US,Richmond Fed Manufacturing Shipments IndexJUN,-3,-10,,-8,3.0
2025-06-24 19:30:00+05:30,US,CB Consumer ConfidenceJUN,93,98.4,100,99,2.0
2025-06-24 19:30:00+05:30,US,Fed Chair Powell Testimony,,,,,1.0
2025-06-24 19:30:00+05:30,US,Richmond Fed Manufacturing IndexJUN,-7,-9,-7,-7,3.0
2025-06-24 21:10:00+05:30,GB,BoE Pill Speech,,,,,3.0
2025-06-24 21:30:00+05:30,US,2-Year Note Auction,,3.955%,,,3.0
2025-06-24 22:00:00+05:30,US,Fed Williams Speech,,,,,2.0
2025-06-24 22:30:00+05:30,CN,National People's Congress Standing Committee,,,,,3.0
2025-06-24 22:30:00+05:30,US,Money SupplyMAY,$21.94T,$21.86T,,,3.0
2025-06-24 22:30:00+05:30,US,2-Year Note Auction,3.786%,3.955%,,,3.0
2025-06-24 23:15:00+05:30,US,Fed Kashkari Speech,,,,,2.0
2025-06-24 23:35:00+05:30,CN,National People's Congress Standing Committee,,,,,2.0
2025-06-24 23:35:00+05:30,US,Fed Collins Speech,,,,,2.0
2025-06-25 01:30:00+05:30,US,Fed Barr Speech,,,,,2.0
2025-06-25 02:00:00+05:30,US,API Crude Oil Stock ChangeJUN/20,-4.277M,-10.133M,-0.6M,,2.0
2025-06-25 05:20:00+05:30,JP,BoJ Summary of Opinions,,,,,2.0
2025-06-25 05:45:00+05:30,US,Fed Schmid Speech,,,,,2.0
2025-06-25 06:30:00+05:30,JP,BoJ Tamura Speech,,,,,2.0
2025-06-25 07:00:00+05:30,AU,Monthly CPI IndicatorMAY,2.1%,2.4%,2.3%,2.3%,2.0
2025-06-25 09:05:00+05:30,JP,BoJ JGB Purchases,,,,,3.0
2025-06-25 09:30:00+05:30,EU,New Car Registrations YoYMAY,1.6%,1.3%,,-4.3%,2.0
2025-06-25 10:30:00+05:30,JP,Leading Economic Index FinalAPR,104.2,107.6,103.4,103.4,3.0
2025-06-25 10:30:00+05:30,JP,Coincident Index FinalAPR,116.0,115.8,,115.5,3.0
2025-06-25 11:30:00+05:30,SA,ImportsAPR,SAR76.1B,SAR77.1B,,SAR75.0B,3.0
2025-06-25 11:30:00+05:30,SA,ExportsAPR,SAR90.3B,SAR94.9B,,SAR94.0B,3.0
2025-06-25 11:30:00+05:30,SA,Balance of TradeAPR,SAR14.2B,SAR17.7B,,SAR19B,3.0
2025-06-25 12:15:00+05:30,FR,Consumer ConfidenceJUN,88,88,89,87,2.0
2025-06-25 12:30:00+05:30,ES,GDP Growth Rate YoY FinalQ1,2.8%,3.3%,2.8%,2.8%,3.0
2025-06-25 12:30:00+05:30,ES,PPI YoYMAY,0%,1.6%,,2.0%,3.0
2025-06-25 12:30:00+05:30,ES,GDP Growth Rate QoQ FinalQ1,0.6%,0.7%,0.6%,0.6%,3.0
2025-06-25 13:30:00+05:30,TR,Tourist Arrivals YoYMAY,,8%,,,3.0
2025-06-25 13:30:00+05:30,DE,Bundesbank Mauderer Speech,,,,,3.0
2025-06-25 14:30:00+05:30,GB,15-Year Treasury Gilt Auction,4.850%,4.917%,,,3.0
2025-06-25 14:40:00+05:30,IT,2-Year BTP Short Term Auction,2.12%,2.01%,,,3.0
2025-06-25 14:40:00+05:30,IT,BTP€i Auction,,,,,3.0
2025-06-25 14:40:00+05:30,IT,5-Year BTP€i Auction,1.21%,,,,3.0
2025-06-25 15:30:00+05:30,FR,Unemployment Benefit ClaimsMAY,-11.2K,-175.9K,,38.0K,2.0
2025-06-25 15:30:00+05:30,FR,Jobseekers TotalMAY,3002K,3013K,,3051K,3.0
2025-06-25 16:30:00+05:30,US,MBA Mortgage Refinance IndexJUN/20,713.4,692.4,,,3.0
2025-06-25 16:30:00+05:30,US,MBA Mortgage ApplicationsJUN/20,1.1%,-2.6%,,,3.0
2025-06-25 16:30:00+05:30,US,MBA Mortgage Market IndexJUN/20,250.8,248.1,,,3.0
2025-06-25 16:30:00+05:30,US,MBA 30-Year Mortgage RateJUN/20,6.88%,6.84%,,,2.0
2025-06-25 16:30:00+05:30,US,MBA Purchase IndexJUN/20,165.2,165.8,,,3.0
2025-06-25 17:00:00+05:30,BR,Foreign Direct InvestmentMAY,$3.66B,$5.49B,$4.5B,$5.1B,3.0
2025-06-25 17:00:00+05:30,BR,Current AccountMAY,$-2.93B,$-1.35B,$-2.8B,$-2.6B,3.0
2025-06-25 17:00:00+05:30,US,Building Permits FinalMAY,,1.422M,,,3.0
2025-06-25 17:00:00+05:30,US,Building Permits MoM FinalMAY,,-4%,,,3.0
2025-06-25 17:00:00+05:30,IN,M3 Money Supply YoYJUN/13,,9.5%,,,3.0
2025-06-25 18:00:00+05:30,US,Building Permits MoM FinalMAY,-2%,-4%,-2%,-2.0%,3.0
2025-06-25 18:00:00+05:30,US,Building Permits FinalMAY,1.394M,1.422M,1.393M,1.393M,3.0
2025-06-25 19:30:00+05:30,US,New Home SalesMAY,0.623M,0.722M,0.69M,0.7M,2.0
2025-06-25 19:30:00+05:30,US,New Home Sales MoMMAY,-13.7%,9.6%,,-5.8%,2.0
2025-06-25 19:30:00+05:30,US,Fed Chair Powell Testimony,,,,,1.0
2025-06-25 20:00:00+05:30,US,EIA Distillate Stocks ChangeJUN/20,-4.066M,0.514M,0.4M,,3.0
2025-06-25 20:00:00+05:30,US,EIA Distillate Fuel Production ChangeJUN/20,-0.185M,0.077M,,,3.0
2025-06-25 20:00:00+05:30,US,EIA Cushing Crude Oil Stocks ChangeJUN/20,-0.464M,-0.995M,,,3.0
2025-06-25 20:00:00+05:30,US,EIA Heating Oil Stocks ChangeJUN/20,-0.716M,0.152M,,,3.0
2025-06-25 20:00:00+05:30,US,EIA Refinery Crude Runs ChangeJUN/20,0.125M,-0.364M,,,3.0
2025-06-25 20:00:00+05:30,US,EIA Gasoline Stocks ChangeJUN/20,-2.075M,0.209M,0.25M,,2.0
2025-06-25 20:00:00+05:30,US,EIA Gasoline Production ChangeJUN/20,0.008M,0.386M,,,3.0
2025-06-25 20:00:00+05:30,US,EIA Crude Oil Imports ChangeJUN/20,0.531M,-1.747M,,,3.0
2025-06-25 20:00:00+05:30,US,EIA Crude Oil Stocks ChangeJUN/20,-5.836M,-11.473M,-0.75M,,2.0
2025-06-25 20:30:00+05:30,CA,Budget BalanceAPR,,C$-23.88B,,C$-8.0B,3.0
2025-06-25 21:00:00+05:30,US,17-Week Bill Auction,4.195%,4.235%,,,3.0
2025-06-25 21:00:00+05:30,US,2-Year FRN Auction,0.157%,0.144%,,,3.0
2025-06-25 21:30:00+05:30,US,5-Year Note Auction,,4.071%,,,3.0
2025-06-25 21:30:00+05:30,RU,Industrial Production YoYMAY,1.8%,1.5%,0.8%,1.0%,3.0
2025-06-25 21:30:00+05:30,RU,PPI MoMMAY,-1.3%,-1.4%,,-1.1%,3.0
2025-06-25 21:30:00+05:30,CA,10-Year Bond Auction,3.335%,3.335%,,,3.0
2025-06-25 21:30:00+05:30,RU,PPI YoYMAY,0.3%,2.7%,,-0.3%,3.0
2025-06-25 22:30:00+05:30,BR,Federal Tax RevenuesMAY,,,,,3.0
2025-06-25 22:30:00+05:30,US,Building Permits FinalMAY,,1.422M,1.393M,1.393M,3.0
2025-06-25 22:30:00+05:30,US,5-Year Note Auction,3.879%,4.071%,,,3.0
2025-06-25 22:30:00+05:30,US,2-Year FRN Auction,,0.144%,,,3.0
2025-06-25 22:30:00+05:30,US,Building Permits MoM FinalMAY,,-4%,-2%,-2.0%,3.0
2025-06-25 23:30:00+05:30,US,Building Permits FinalMAY,,1.422M,1.393M,1.393M,3.0
2025-06-25 23:30:00+05:30,US,Building Permits MoM FinalMAY,,-4%,-2%,-2.0%,3.0
2025-06-25 23:30:00+05:30,CN,National People's Congress Standing Committee,,,,,3.0
2025-06-25 23:30:00+05:30,EA,ECB Donnery Speech,,,,,3.0
2025-06-26 00:30:00+05:30,AR,Current AccountQ1,$-5191M,$1029M,,$650.0M,3.0
2025-06-26 02:30:00+05:30,KR,Business ConfidenceJUN,70,73,,75,2.0
2025-06-26 05:20:00+05:30,JP,Foreign Bond InvestmentJUN/21,¥615.5B,¥1567.3B,,,3.0
2025-06-26 05:20:00+05:30,JP,Stock Investment by ForeignersJUN/21,¥-524.3B,¥473.3B,,,3.0
2025-06-26 09:05:00+05:30,JP,2-Year JGB Auction,0.729%,0.752%,,,3.0
2025-06-26 10:30:00+05:30,SG,15-Year Bond Auction,2.35%,3.09%,,,3.0
2025-06-26 10:30:00+05:30,SG,Industrial Production YoYMAY,3.9%,5.6%,2.6%,1.0%,3.0
2025-06-26 10:30:00+05:30,SG,Industrial Production MoMMAY,-0.4%,4.9%,-2.5%,-1.0%,3.0
2025-06-26 11:30:00+05:30,DE,GfK Consumer ConfidenceJUL,-20.3,-20.0,-19.3,-19,1.0
2025-06-26 12:30:00+05:30,EA,ECB General Council Meeting,,,,,2.0
2025-06-26 13:30:00+05:30,ZA,Consumer ConfidenceQ2,-10,-20,,-10,3.0
2025-06-26 14:00:00+05:30,GB,BoE Breeden Speech,,,,,3.0
2025-06-26 14:40:00+05:30,IT,6-Month BOT Auction,1.950%,1.981%,,,3.0
2025-06-26 15:00:00+05:30,ZA,PPI MoMMAY,-0.3%,0.5%,,0.4%,3.0
2025-06-26 15:00:00+05:30,ZA,PPI YoYMAY,0.1%,0.5%,0.7%,0.8%,3.0
2025-06-26 15:15:00+05:30,EA,ECB Guindos Speech,,,,,3.0
2025-06-26 15:30:00+05:30,GB,CBI Distributive TradesJUN,-46,-27,-32,-30,2.0
2025-06-26 15:30:00+05:30,GB,2046 Treasury Gilt Auction,5.162%,,,,3.0
2025-06-26 16:30:00+05:30,TR,MPC Meeting Summary,,,,,3.0
2025-06-26 16:30:00+05:30,GB,BoE Gov Bailey Speech,,,,,2.0
2025-06-26 16:30:00+05:30,EA,ECB Schnabel Speech,,,,,3.0
2025-06-26 16:30:00+05:30,BR,BCB Monetary Policy Report,,,,,2.0
2025-06-26 17:00:00+05:30,IN,M3 Money Supply YoYJUN/13,9.8%,9.5%,,,3.0
2025-06-26 17:00:00+05:30,TR,Foreign Exchange ReservesJUN/20,$70.7B,$72.74B,,,3.0
2025-06-26 17:30:00+05:30,BR,IPCA mid-month CPI YoYJUN,5.27%,5.4%,5.31%,5.2%,3.0
2025-06-26 17:30:00+05:30,BR,IPCA mid-month CPI MoMJUN,0.26%,0.36%,0.30%,0.3%,3.0
2025-06-26 17:30:00+05:30,MX,Balance of TradeMAY,$1.029B,$-0.088B,$0.37B,$-0.3B,2.0
2025-06-26 17:30:00+05:30,US,Fed Barkin Speech,,,,,2.0
2025-06-26 18:00:00+05:30,US,Initial Jobless ClaimsJUN/21,236K,246K,245K,247.0K,2.0
2025-06-26 18:00:00+05:30,US,GDP Price Index QoQ FinalQ1,3.8%,2.3%,3.7%,3.7%,2.0
2025-06-26 18:00:00+05:30,US,Continuing Jobless ClaimsJUN/14,1974K,1937K,1950K,1947.0K,3.0
2025-06-26 18:00:00+05:30,US,Corporate Profits QoQ FinalQ1,-3.3%,5.9%,-3.6%,-3.6%,2.0
2025-06-26 18:00:00+05:30,CA,Wholesale Sales MoM PrelMAY,-0.4%,-2.3%,,-0.5%,3.0
2025-06-26 18:00:00+05:30,US,PCE Prices QoQ FinalQ1,3.7%,2.4%,3.6%,3.6%,3.0
2025-06-26 18:00:00+05:30,US,Wholesale Inventories MoM AdvMAY,-0.3%,0.2%,0.1%,0.1%,2.0
2025-06-26 18:00:00+05:30,US,Retail Inventories Ex Autos MoM AdvMAY,0.2%,0.3%,,0.1%,2.0
2025-06-26 18:00:00+05:30,US,GDP Sales QoQ FinalQ1,-3.1%,3.3%,-2.9%,-2.9%,3.0
2025-06-26 18:00:00+05:30,US,Goods Trade Balance AdvMAY,$-96.59B,$-86.97B,$-88.5B,$-91.0B,2.0
2025-06-26 18:00:00+05:30,US,Durable Goods Orders MoMMAY,16.4%,-6.6%,8.5%,5.2%,1.0
2025-06-26 18:00:00+05:30,CA,Average Weekly Earnings YoYAPR,4.4%,4.06%,,4.2%,3.0
2025-06-26 18:00:00+05:30,US,Chicago Fed National Activity IndexMAY,-0.28,-0.36,,-0.1,2.0
2025-06-26 18:00:00+05:30,US,Core PCE Prices QoQ FinalQ1,3.5%,2.6%,3.4%,3.4%,3.0
2025-06-26 18:00:00+05:30,US,Jobless Claims 4-week AverageJUN/21,245K,245.75K,,247.0K,3.0
2025-06-26 18:00:00+05:30,US,Durable Goods Orders Ex Transp MoMMAY,0.5%,0%,0%,0.1%,2.0
2025-06-26 18:00:00+05:30,US,GDP Growth Rate QoQ FinalQ1,-0.5%,2.4%,-0.2%,-0.2%,1.0
2025-06-26 18:00:00+05:30,US,Non Defense Goods Orders Ex AirMAY,1.7%,-1.4%,0.1%,0.1%,3.0
2025-06-26 18:00:00+05:30,US,Real Consumer Spending QoQ FinalQ1,0.5%,4%,1.2%,1.2%,3.0
2025-06-26 18:00:00+05:30,US,Durable Goods Orders ex Defense MoMMAY,15.5%,-7.7%,,4.3%,3.0
2025-06-26 18:30:00+05:30,US,Fed Hammack Speech,,,,,2.0
2025-06-26 19:30:00+05:30,US,Pending Home Sales YoYMAY,1.1%,-2.5%,,-2.1%,2.0
2025-06-26 19:30:00+05:30,US,Pending Home Sales MoMMAY,1.8%,-6.3%,-0.3%,-0.3%,2.0
2025-06-26 20:00:00+05:30,US,EIA Natural Gas Stocks ChangeJUN/20,96Bcf,95Bcf,88Bcf,,3.0
2025-06-26 20:30:00+05:30,US,Kansas Fed Manufacturing IndexJUN,5,-10,,-5,3.0
2025-06-26 20:30:00+05:30,US,Kansas Fed Composite IndexJUN,-2,-3,,-4,3.0
2025-06-26 21:00:00+05:30,US,8-Week Bill Auction,4.390%,4.470%,,,3.0
2025-06-26 21:00:00+05:30,US,4-Week Bill Auction,4.000%,4.060%,,,3.0
2025-06-26 21:30:00+05:30,US,30-Year Mortgage RateJUN/26,6.77%,6.81%,,,3.0
2025-06-26 21:30:00+05:30,US,7-Year Note Auction,,4.194%,,,3.0
2025-06-26 21:30:00+05:30,CA,2-Year Bond Auction,2.646%,2.692%,,,3.0
2025-06-26 21:30:00+05:30,US,15-Year Mortgage RateJUN/26,5.89%,5.96%,,,3.0
2025-06-26 21:30:00+05:30,RU,Corporate ProfitsAPR,,RUB6.9T,,RUB10.5T,3.0
2025-06-26 22:30:00+05:30,US,7-Year Note Auction,4.022%,4.194%,,,3.0
2025-06-26 22:45:00+05:30,US,Fed Barr Speech,,,,,2.0
2025-06-26 22:45:00+05:30,CN,National People's Congress Standing Committee,,,,,2.0
2025-06-27 00:00:00+05:30,EA,ECB President Lagarde Speech,,,,,2.0
2025-06-27 00:30:00+05:30,MX,Interest Rate Decision,8%,8.5%,8%,8.0%,2.0
2025-06-27 02:00:00+05:30,US,Fed Balance SheetJUN/25,$6.67T,$6.68T,,,3.0
2025-06-27 04:30:00+05:30,US,Fed Kashkari Speech,,,,,2.0
2025-06-27 04:31:00+05:30,GB,Car Production YoYMAY,-32.8%,-15.8%,,-9.0%,3.0
2025-06-27 05:00:00+05:30,JP,Tokyo Core CPI YoYJUN,3.1%,3.6%,3.3%,3.4%,3.0
2025-06-27 05:00:00+05:30,JP,Tokyo CPI Ex Food and Energy YoYJUN,3.1%,3.3%,,1.9%,3.0
2025-06-27 05:00:00+05:30,JP,Unemployment RateMAY,2.5%,2.5%,2.5%,2.5%,2.0
2025-06-27 05:00:00+05:30,JP,Jobs/applications ratioMAY,1.24,1.26,1.26,1.26,3.0
2025-06-27 05:00:00+05:30,JP,Tokyo CPI YoYJUN,3.1%,3.4%,,3.5%,3.0
2025-06-27 05:20:00+05:30,JP,Retail Sales MoMMAY,-0.2%,0.7%,,0.4%,3.0
2025-06-27 05:20:00+05:30,JP,Retail Sales YoYMAY,2.2%,3.5%,2.7%,3.0%,2.0
2025-06-27 07:00:00+05:30,CN,Industrial Profits (YTD) YoYMAY,-1.1%,1.4%,,1.5%,3.0
2025-06-27 08:00:00+05:30,SG,Unemployment Rate FinalQ1,,1.9%,2.1%,2.1%,3.0
2025-06-27 09:05:00+05:30,JP,3-Month Bill Auction,0.4215%,0.4207%,,,3.0
2025-06-27 10:30:00+05:30,SG,Export Prices YoYMAY,-8.0%,-6.9%,,-8.0%,3.0
2025-06-27 10:30:00+05:30,SG,Import Prices YoYMAY,-8.1%,-7.9%,,-9.0%,3.0
2025-06-27 10:30:00+05:30,JP,Housing Starts YoYMAY,,-26.6%,,-5.0%,2.0
2025-06-27 10:30:00+05:30,SG,PPI YoYMAY,,-1.1%,,-1.3%,3.0
2025-06-27 10:30:00+05:30,JP,Construction Orders YoYMAY,,52.7%,,18.0%,3.0
2025-06-27 11:30:00+05:30,GB,Current AccountQ1,,£-21B,,£ -23.5B,2.0
2025-06-27 11:30:00+05:30,SG,PPI YoYMAY,-3.9%,-1.1%,,-1.3%,3.0
2025-06-27 11:30:00+05:30,GB,Business Investment YoY FinalQ1,,1.8%,8.1%,8.1%,3.0
2025-06-27 11:30:00+05:30,GB,Business Investment QoQ FinalQ1,,-1.9%,5.9%,5.9%,3.0
2025-06-27 11:30:00+05:30,GB,GDP Growth Rate YoY FinalQ1,,1.5%,1.3%,1.3%,3.0
2025-06-27 11:30:00+05:30,GB,GDP Growth Rate QoQ FinalQ1,,0.1%,0.7%,0.7%,3.0
2025-06-27 12:15:00+05:30,FR,Harmonised Inflation Rate MoM PrelJUN,0.4%,-0.2%,0.2%,0.3%,3.0
2025-06-27 12:15:00+05:30,FR,Harmonised Inflation Rate YoY PrelJUN,0.8%,0.6%,0.7%,0.7%,3.0
2025-06-27 12:15:00+05:30,FR,PPI MoMMAY,-0.8%,-4.2%,,-1.2%,3.0
2025-06-27 12:15:00+05:30,FR,Inflation Rate YoY PrelJUN,0.9%,0.7%,0.7%,0.9%,1.0
2025-06-27 12:15:00+05:30,FR,Inflation Rate MoM PrelJUN,0.3%,-0.1%,0.2%,0.3%,2.0
2025-06-27 12:15:00+05:30,FR,Household Consumption MoMMAY,0.2%,0.5%,0.1%,0.3%,3.0
2025-06-27 12:15:00+05:30,FR,PPI YoYMAY,0.2%,-0.7%,,-0.3%,3.0
2025-06-27 12:30:00+05:30,ES,Core Inflation Rate YoY PrelJUN,2.2%,2.2%,,2.1%,3.0
2025-06-27 12:30:00+05:30,TR,Economic Confidence IndexJUN,96.7,96.7,,99,3.0
2025-06-27 12:30:00+05:30,ES,Harmonised Inflation Rate MoM PrelJUN,0.6%,0%,0.6%,0.3%,3.0
2025-06-27 12:30:00+05:30,EA,ECB General Council Meeting,,,,,3.0
2025-06-27 12:30:00+05:30,ES,Inflation Rate YoY PrelJUN,2.2%,2%,2.0%,2.0%,2.0
2025-06-27 12:30:00+05:30,ES,Retail Sales YoYMAY,4.8%,4.1%,,3.9%,3.0
2025-06-27 12:30:00+05:30,ES,Harmonised Inflation Rate YoY PrelJUN,2.2%,2%,2%,1.9%,3.0
2025-06-27 12:30:00+05:30,ES,Retail Sales MoMMAY,0.2%,0.8%,,0.4%,3.0
2025-06-27 12:30:00+05:30,ES,Inflation Rate MoM PrelJUN,0.6%,0.1%,0.4%,0.4%,2.0
2025-06-27 13:30:00+05:30,SG,Unemployment Rate FinalQ1,2%,1.9%,2.1%,2.1%,3.0
2025-06-27 13:30:00+05:30,IT,Business ConfidenceJUN,87.3,86.6,87,85.9,2.0
2025-06-27 13:30:00+05:30,IT,Consumer ConfidenceJUN,96.1,96.5,97,96.0,2.0
2025-06-27 13:30:00+05:30,ZA,Consumer ConfidenceQ2,,-20,,-10,3.0
2025-06-27 14:30:00+05:30,EA,Selling Price ExpectationsJUN,5.6,7.7,,9.5,3.0
2025-06-27 14:30:00+05:30,EA,Consumer Confidence FinalJUN,-15.3,-15.1,-15.3,-15.3,3.0
2025-06-27 14:30:00+05:30,EA,Services SentimentJUN,2.9,1.8,1.6,1.4,3.0
2025-06-27 14:30:00+05:30,EA,Consumer Inflation ExpectationsJUN,21.2,23.6,,22,3.0
2025-06-27 14:30:00+05:30,IT,Industrial Sales YoYAPR,1.1%,-1.2%,,-0.3%,3.0
2025-06-27 14:30:00+05:30,EA,Industrial SentimentJUN,-12.0,-10.4,-9.9,-10,3.0
2025-06-27 14:30:00+05:30,IT,Industrial Sales MoMAPR,1.5%,-1.6%,,1.1%,3.0
2025-06-27 14:30:00+05:30,CN,Current Account FinalQ1,$165.4B,$163.8B,,$165.6B,3.0
2025-06-27 14:30:00+05:30,EA,Economic SentimentJUN,94.0,94.8,95.1,95.1,2.0
2025-06-27 14:40:00+05:30,IT,10-Year BTP Auction,3.48%,3.57%,,,3.0
2025-06-27 14:40:00+05:30,IT,5-Year BTP Auction,2.68%,2.73%,,,3.0
2025-06-27 14:40:00+05:30,IT,BTP Auction,,,,,3.0
2025-06-27 15:30:00+05:30,IT,PPI YoYMAY,1.7%,2.6%,,1.6%,3.0
2025-06-27 15:30:00+05:30,IT,PPI MoMMAY,-0.7%,-2.2%,,-0.7%,3.0
2025-06-27 16:30:00+05:30,BR,IGP-M Inflation MoMJUN,-1.67%,-0.49%,-1.02%,-0.8%,3.0
2025-06-27 16:30:00+05:30,EA,ECB Consumer Inflation ExpectationsMAY,,3.1%,,,2.0
2025-06-27 16:30:00+05:30,ES,Business ConfidenceJUN,-5.2,-4.3,,-4,2.0
2025-06-27 17:00:00+05:30,BR,Bank Lending MoMMAY,0.6%,0.7%,,0.5%,3.0
2025-06-27 17:00:00+05:30,IN,Foreign Exchange ReservesJUN/20,$697.94B,$698.95B,,,3.0
2025-06-27 17:00:00+05:30,US,Fed Williams Speech,,,,,2.0
2025-06-27 17:30:00+05:30,BR,Unemployment RateMAY,6.2%,6.6%,6.4%,6.6%,2.0
2025-06-27 17:30:00+05:30,IN,Current AccountQ1,$13.5B,$-11.3B,$8.5B,$6.0B,2.0
2025-06-27 17:30:00+05:30,MX,Unemployment RateMAY,2.7%,2.5%,2.5%,2.5%,2.0
2025-06-27 17:45:00+05:30,IN,External DebtQ1,$736.3B,$717.9B,,$721.0B,3.0
2025-06-27 18:00:00+05:30,US,PCE Price Index YoYMAY,2.3%,2.2%,2.3%,2.2%,2.0
2025-06-27 18:00:00+05:30,US,Core PCE Price Index MoMMAY,0.2%,0.1%,0.1%,0.1%,1.0
2025-06-27 18:00:00+05:30,US,Core PCE Price Index YoYMAY,2.7%,2.6%,2.6%,2.6%,3.0
2025-06-27 18:00:00+05:30,CA,GDP MoMAPR,-0.1%,0.1%,0%,0.1%,2.0
2025-06-27 18:00:00+05:30,EA,ECB Consumer Inflation ExpectationsMAY,,3.1%,,,3.0
2025-06-27 18:00:00+05:30,CA,GDP MoM PrelMAY,-0.1%,-0.1%,,-0.1%,2.0
2025-06-27 18:00:00+05:30,US,Personal Spending MoMMAY,-0.1%,0.2%,0.1%,0.1%,1.0
2025-06-27 18:00:00+05:30,US,Personal Income MoMMAY,-0.4%,0.7%,0.3%,0.4%,1.0
2025-06-27 18:00:00+05:30,US,PCE Price Index MoMMAY,0.1%,0.1%,0.1%,0.1%,2.0
2025-06-27 18:45:00+05:30,US,Fed Hammack Speech,,,,,2.0
2025-06-27 18:45:00+05:30,US,Fed Cook Speech,,,,,2.0
2025-06-27 19:00:00+05:30,IN,External DebtQ1,$736.3B,$717.9B,,$721.0B,3.0
2025-06-27 19:30:00+05:30,US,Michigan Consumer Expectations FinalJUN,58.1,47.9,58.4,58.4,3.0
2025-06-27 19:30:00+05:30,US,Michigan Inflation Expectations FinalJUN,5%,6.6%,5.1%,5.1%,3.0
2025-06-27 19:30:00+05:30,US,Michigan Consumer Sentiment FinalJUN,60.7,52.2,60.5,60.5,2.0
2025-06-27 19:30:00+05:30,US,Michigan 5 Year Inflation Expectations FinalJUN,4%,4.2%,4.1%,4.1%,3.0
2025-06-27 19:30:00+05:30,US,Michigan Current Conditions FinalJUN,64.8,58.9,63.7,63.7,3.0
2025-06-27 19:30:00+05:30,EA,ECB Consumer Inflation ExpectationsMAY,,3.1%,,,3.0
2025-06-27 21:30:00+05:30,EA,ECB Cipollone Speech,,,,,3.0
2025-06-27 22:30:00+05:30,BR,Net PayrollsMAY,,257.528K,179K,180.0K,3.0
2025-06-27 22:30:00+05:30,EA,ECB Consumer Inflation ExpectationsMAY,,3.1%,,3.2%,3.0
2025-06-27 22:30:00+05:30,CN,National People's Congress Standing Committee,,,,,3.0
2025-06-27 22:30:00+05:30,US,Baker Hughes Total Rigs CountJUN/27,547,554,,,3.0
2025-06-27 22:30:00+05:30,US,Baker Hughes Oil Rig CountJUN/27,432,438,436,,3.0
2025-06-27 23:00:00+05:30,SG,Unemployment Rate FinalQ1,,1.9%,2.1%,2.1%,3.0
2025-06-27 23:00:00+05:30,BR,Net PayrollsMAY,,257.528K,179K,180.0K,3.0
2025-06-27 23:00:00+05:30,CN,National People's Congress Standing Committee,,,,,3.0
2025-06-28 04:31:00+05:30,GB,Car Production YoYMAY,,-15.8%,,,3.0
2025-06-28 21:00:00+05:30,EA,ECB Schnabel Speech,,,,,3.0
2025-06-29 04:31:00+05:30,SA,Private Bank Lending YoYMAY,,15.2%,,15.5%,
2025-06-29 04:31:00+05:30,SA,M3 Money Supply YoYMAY,,9.3%,,,
2025-06-29 04:31:00+05:30,SA,Unemployment RateQ1,,3.5%,,3.40%,
2025-06-29 11:30:00+05:30,SA,Unemployment RateQ1,2.8%,3.5%,,3.40%,3.0
2025-06-29 11:30:00+05:30,SA,Private Bank Lending YoYMAY,,15.2%,,15.5%,3.0
2025-06-29 11:30:00+05:30,SA,M3 Money Supply YoYMAY,,9.3%,,9.1%,3.0
2025-06-29 19:30:00+05:30,SA,Private Bank Lending YoYMAY,17.6%,15.2%,,15.5%,3.0
2025-06-29 19:30:00+05:30,SA,M3 Money Supply YoYMAY,9.4%,9.3%,,9.1%,3.0
2025-06-29 21:00:00+05:30,SA,Private Bank Lending YoYMAY,,15.2%,,15.5%,
2025-06-29 21:00:00+05:30,SA,Unemployment RateQ1,,3.5%,,3.40%,
2025-06-29 21:00:00+05:30,SA,M3 Money Supply YoYMAY,,9.3%,,9.1%,
2025-06-29 22:30:00+05:30,SA,Unemployment RateQ1,,3.5%,,3.40%,
2025-06-29 22:30:00+05:30,SA,M3 Money Supply YoYMAY,,9.3%,,9.1%,
2025-06-29 22:30:00+05:30,SA,Private Bank Lending YoYMAY,,15.2%,,15.5%,
2025-06-29 23:00:00+05:30,SA,M3 Money Supply YoYMAY,,9.3%,,9.1%,
2025-06-29 23:00:00+05:30,SA,Private Bank Lending YoYMAY,,15.2%,,15.5%,
2025-06-29 23:00:00+05:30,SA,Unemployment RateQ1,,3.5%,,3.40%,
2025-06-30 04:30:00+05:30,KR,Industrial Production YoYMAY,0.2%,5.1%,2.6%,4.8%,3.0
2025-06-30 04:30:00+05:30,KR,Retail Sales MoMMAY,0%,-0.9%,-0.1%,0.5%,3.0
2025-06-30 04:30:00+05:30,KR,Industrial Production MoMMAY,-2.9%,-0.6%,-0.1%,0.7%,3.0
2025-06-30 05:20:00+05:30,JP,Industrial Production MoM PrelMAY,0.5%,-1.1%,3.5%,0.4%,2.0
2025-06-30 05:20:00+05:30,JP,Industrial Production YoY PrelMAY,-1.8%,0.5%,,0.3%,3.0
2025-06-30 06:30:00+05:30,AU,TD-MI Inflation Gauge MoMJUN,,-0.4%,,0.2%,3.0
2025-06-30 06:45:00+05:30,AU,TD-MI Inflation Gauge MoMJUN,0.1%,-0.4%,,0.2%,3.0
2025-06-30 07:00:00+05:30,AU,Housing Credit MoMMAY,0.5%,0.5%,,0.4%,3.0
2025-06-30 07:00:00+05:30,CN,NBS Non Manufacturing PMIJUN,50.5,50.3,50.3,50.5,2.0
2025-06-30 07:00:00+05:30,CN,NBS General PMIJUN,50.7,50.4,,50.7,3.0
2025-06-30 07:00:00+05:30,AU,Private Sector Credit MoMMAY,0.5%,0.7%,0.7%,0.4%,3.0
2025-06-30 07:00:00+05:30,CN,NBS Manufacturing PMIJUN,49.7,49.5,49.7,50,1.0
2025-06-30 07:00:00+05:30,AU,Private Sector Credit YoYMAY,6.9%,6.7%,,6.5%,3.0
2025-06-30 10:30:00+05:30,JP,Construction Orders YoYMAY,14%,52.7%,,18.0%,3.0
2025-06-30 10:30:00+05:30,KR,2-Year KTB Auction,2.430%,2.330%,,,3.0
2025-06-30 10:30:00+05:30,JP,Housing Starts YoYMAY,-34.4%,-26.6%,-14.8%,-15.0%,2.0
2025-06-30 11:30:00+05:30,DE,Import Prices YoYMAY,-1.1%,-0.4%,-0.8%,-0.7%,3.0
2025-06-30 11:30:00+05:30,GB,GDP Growth Rate YoY FinalQ1,1.3%,1.5%,1.3%,1.3%,3.0
2025-06-30 11:30:00+05:30,DE,Retail Sales MoMMAY,-1.6%,-0.6%,0.5%,0.5%,2.0
2025-06-30 11:30:00+05:30,GB,GDP Growth Rate QoQ FinalQ1,0.7%,0.1%,0.7%,0.7%,3.0
2025-06-30 11:30:00+05:30,GB,Business Investment QoQ FinalQ1,3.9%,-1.9%,5.8%,5.9%,3.0
2025-06-30 11:30:00+05:30,DE,Import Prices MoMMAY,-0.7%,-1.7%,-0.4%,-0.3%,3.0
2025-06-30 11:30:00+05:30,DE,Retail Sales YoYMAY,1.6%,2.9%,3.3%,2.5%,2.0
2025-06-30 11:30:00+05:30,GB,Current AccountQ1,£-23.5B,£-21B,£-19.75B,£ -23.5B,2.0
2025-06-30 11:30:00+05:30,GB,Business Investment YoY FinalQ1,6.1%,1.8%,8.1%,8.1%,3.0
2025-06-30 11:30:00+05:30,ZA,M3 Money Supply YoYMAY,6.86%,6.12%,,,3.0
2025-06-30 11:30:00+05:30,ZA,Private Sector Credit YoYMAY,4.98%,4.6%,,3.0%,3.0
2025-06-30 12:30:00+05:30,TR,Exports FinalMAY,$24.8B,$20.8B,$24.8B,$24.8B,3.0
2025-06-30 12:30:00+05:30,TR,Unemployment RateMAY,8.4%,8.6%,,8.4%,2.0
2025-06-30 12:30:00+05:30,TR,Imports FinalMAY,$31.46B,$32.89B,$31.3B,$31.3B,3.0
2025-06-30 12:30:00+05:30,TR,Participation RateMAY,53.5%,53.5%,,53.5%,3.0
2025-06-30 12:30:00+05:30,TR,Balance of Trade FinalMAY,$-6.6B,$-12.1B,$-6.5B,$-6.5B,2.0
2025-06-30 13:30:00+05:30,DE,Hesse CPI MoMJUN,0.1%,0%,,,3.0
2025-06-30 13:30:00+05:30,EA,M3 Money Supply YoYMAY,3.9%,3.6%,4%,4.0%,3.0
2025-06-30 13:30:00+05:30,DE,Saxony CPI YoYJUN,2.4%,2.3%,,,3.0
2025-06-30 13:30:00+05:30,DE,Brandenburg CPI YoYJUN,2.2%,2.2%,,,3.0
2025-06-30 13:30:00+05:30,DE,Baden Wuerttemberg CPI YoYJUN,2.3%,2.2%,,,3.0
2025-06-30 13:30:00+05:30,DE,Saxony CPI MoMJUN,0.2%,0%,,,3.0
2025-06-30 13:30:00+05:30,DE,Hesse CPI YoYJUN,2.3%,2.3%,,,3.0
2025-06-30 13:30:00+05:30,ES,Current AccountAPR,€1.36B,€2.47B,,€2.1B,3.0
2025-06-30 13:30:00+05:30,EA,Loans to Households YoYMAY,2.0%,1.9%,2%,1.9%,3.0
2025-06-30 13:30:00+05:30,DE,Bavaria CPI MoMJUN,-0.1%,0.1%,,,3.0
2025-06-30 13:30:00+05:30,DE,Bavaria CPI YoYJUN,1.8%,2.1%,,,3.0
2025-06-30 13:30:00+05:30,DE,North Rhine Westphalia CPI MoMJUN,-0.1%,0.2%,,,3.0
2025-06-30 13:30:00+05:30,DE,Baden Wuerttemberg CPI MoMJUN,0.2%,-0.1%,,,3.0
2025-06-30 13:30:00+05:30,DE,Brandenburg CPI MoMJUN,0.2%,0%,,,3.0
2025-06-30 13:30:00+05:30,DE,North Rhine Westphalia CPI YoYJUN,1.8%,2%,,,3.0
2025-06-30 13:30:00+05:30,EA,Loans to Companies YoYMAY,2.5%,2.6%,,2.7%,3.0
2025-06-30 14:00:00+05:30,EA,ECB Guindos Speech,,,,,3.0
2025-06-30 14:00:00+05:30,GB,Net Lending to Individuals MoMMAY,£2.9B,£1.17B,£4.1B,£3.5B,3.0
2025-06-30 14:00:00+05:30,GB,Mortgage ApprovalsMAY,63.03K,60.66K,59.75K,60.1K,2.0
2025-06-30 14:00:00+05:30,GB,M4 Money Supply MoMMAY,0.2%,-0.1%,0.2%,0.1%,3.0
2025-06-30 14:00:00+05:30,GB,Mortgage LendingMAY,£2.05B,£-0.78B,£2.5B,£1.8B,2.0
2025-06-30 14:00:00+05:30,GB,BoE Consumer CreditMAY,£0.859B,£1.944B,£1.1B,£0.9B,2.0
2025-06-30 14:00:00+05:30,ZA,Budget BalanceMAY,ZAR-10.12B,ZAR-64.63B,,ZAR -18.0B,3.0
2025-06-30 14:30:00+05:30,IT,Inflation Rate YoY PrelJUN,1.7%,1.6%,1.7%,1.7%,1.0
2025-06-30 14:30:00+05:30,IT,Harmonised Inflation Rate YoY PrelJUN,1.7%,1.7%,1.8%,1.7%,3.0
2025-06-30 14:30:00+05:30,IT,Harmonised Inflation Rate MoM PrelJUN,0.2%,-0.1%,0.3%,0.2%,3.0
2025-06-30 14:30:00+05:30,IT,Inflation Rate MoM PrelJUN,0.2%,-0.1%,0.2%,0.2%,2.0
2025-06-30 16:00:00+05:30,IN,Manufacturing Production YoYMAY,2.6%,3.1%,,3.0%,2.0
2025-06-30 16:00:00+05:30,ZA,Budget BalanceMAY,,,,,3.0
2025-06-30 16:00:00+05:30,IN,Industrial Production YoYMAY,1.2%,2.6%,2.4%,2.5%,2.0
2025-06-30 16:00:00+05:30,IN,Government Budget ValueMAY,INR -131.6B,INR-1863.3B,,INR -4800.0B,3.0
2025-06-30 17:00:00+05:30,BR,Gross Debt to GDPMAY,76.1%,76.0%,,76.5%,3.0
2025-06-30 17:00:00+05:30,IN,External DebtQ1,,$717.9B,,$721.0B,3.0
2025-06-30 17:00:00+05:30,IN,Current AccountQ1,,$-11.5B,$8.5B,$6.0B,2.0
2025-06-30 17:00:00+05:30,BR,Nominal Budget BalanceMAY,BRL-125.885B,BRL-55.536B,BRL -116B,BRL -120.0B,3.0
2025-06-30 17:30:00+05:30,ZA,Budget BalanceMAY,,,,,2.0
2025-06-30 17:30:00+05:30,EA,ECB Consumer Inflation ExpectationsMAY,,3.1%,,3.2%,2.0
2025-06-30 17:30:00+05:30,DE,Harmonised Inflation Rate YoY PrelJUN,2%,2.1%,2.2%,2.2%,3.0
2025-06-30 17:30:00+05:30,DE,Inflation Rate MoM PrelJUN,0.0%,0.1%,0.2%,0.2%,2.0
2025-06-30 17:30:00+05:30,DE,Inflation Rate YoY PrelJUN,2%,2.1%,2.2%,2.2%,1.0
2025-06-30 17:30:00+05:30,DE,Harmonised Inflation Rate MoM PrelJUN,0.1%,0.2%,0.3%,0.3%,3.0
2025-06-30 17:30:00+05:30,ZA,Balance of TradeMAY,ZAR21.67B,ZAR13B,,ZAR 17.0B,2.0
2025-06-30 18:30:00+05:30,FR,6-Month BTF Auction,1.949%,1.932%,,,3.0
2025-06-30 18:30:00+05:30,ZA,Budget BalanceMAY,,,,,3.0
2025-06-30 18:30:00+05:30,EA,ECB Consumer Inflation ExpectationsMAY,,3.1%,,3.2%,3.0
2025-06-30 18:30:00+05:30,FR,12-Month BTF Auction,1.918%,1.932%,,,3.0
2025-06-30 18:30:00+05:30,FR,3-Month BTF Auction,1.957%,1.951%,,,3.0
2025-06-30 19:15:00+05:30,AU,Cotality Dwelling Prices MoMJUN,,0.5%,,0.4%,2.0
2025-06-30 19:15:00+05:30,US,Chicago PMIJUN,40.4,40.5,43,44,2.0
2025-06-30 19:15:00+05:30,ZA,Budget BalanceMAY,,,,,2.0
2025-06-30 19:15:00+05:30,EA,ECB Consumer Inflation ExpectationsMAY,,3.1%,,3.2%,2.0
2025-06-30 19:30:00+05:30,US,Fed Bostic Speech,,,,,2.0
2025-06-30 19:31:00+05:30,AU,Cotality Dwelling Prices MoMJUN,0.6%,0.5%,,0.4%,3.0
2025-06-30 20:00:00+05:30,EA,ECB Consumer Inflation ExpectationsMAY,,3.1%,,3.2%,2.0
2025-06-30 20:00:00+05:30,AU,Cotality Dwelling Prices MoMJUN,,0.5%,,0.4%,2.0
2025-06-30 20:00:00+05:30,ZA,Budget BalanceMAY,,,,,2.0
2025-06-30 20:00:00+05:30,US,Dallas Fed Manufacturing IndexJUN,-12.7,-15.3,,-10,2.0
2025-06-30 21:00:00+05:30,US,3-Month Bill Auction,4.235%,4.195%,,,3.0
2025-06-30 21:00:00+05:30,RU,M2 Money Supply YoYMAY,,,,,3.0
2025-06-30 21:00:00+05:30,ZA,Budget BalanceMAY,,,,,3.0
2025-06-30 21:00:00+05:30,EA,ECB Consumer Inflation ExpectationsMAY,,3.1%,,3.2%,3.0
2025-06-30 21:00:00+05:30,AU,Cotality Dwelling Prices MoMJUN,,0.5%,,0.4%,3.0
2025-06-30 21:00:00+05:30,US,6-Month Bill Auction,4.110%,4.120%,,,3.0
2025-06-30 21:30:00+05:30,RU,M2 Money Supply YoYMAY,15.3%,14.0%,,13.0%,3.0
2025-06-30 21:30:00+05:30,US,Quarterly Grain Stocks - SoyJUN,1.02B,1.91B,0.97B,,3.0
2025-06-30 21:30:00+05:30,US,Quarterly Grain Stocks - CornJUN,4.64B,8.15B,4.65B,,3.0
2025-06-30 21:30:00+05:30,US,Quarterly Grain Stocks - WheatJUN,0.85B,1.24B,0.84B,,3.0
2025-06-30 22:00:00+05:30,US,Quarterly Grain Stocks - WheatJUN,,1.24B,,,3.0
2025-06-30 22:00:00+05:30,US,Quarterly Grain Stocks - CornJUN,,8.15B,,,3.0
2025-06-30 22:00:00+05:30,US,Quarterly Grain Stocks - SoyJUN,,1.91B,,,3.0
2025-06-30 22:30:00+05:30,BR,BCB Focus Market Readout,,,,,2.0
2025-06-30 22:30:00+05:30,EA,ECB Forum on Central Banking,,,,,2.0
2025-06-30 22:30:00+05:30,US,Fed Golsbee Speech,,,,,2.0
2025-06-30 22:30:00+05:30,BR,Net PayrollsMAY,,257.528K,179K,180.0K,2.0
2025-06-30 22:30:00+05:30,ZA,Budget BalanceMAY,ZAR-10.12B,ZAR-64.63B,,ZAR -18.0B,2.0
2025-06-30 22:30:00+05:30,RU,M2 Money Supply YoYMAY,,14.0%,,13.0%,2.0
2025-06-30 22:30:00+05:30,EA,ECB Consumer Inflation ExpectationsMAY,,3.1%,,3.2%,2.0
2025-06-30 22:30:00+05:30,AU,Cotality Dwelling Prices MoMJUN,,0.5%,,0.4%,2.0
2025-06-30 23:00:00+05:30,EA,ECB Forum on Central Banking,,,,,3.0
2025-06-30 23:00:00+05:30,BR,Net PayrollsMAY,148.99K,257.53K,179K,180.0K,3.0
2025-06-30 23:00:00+05:30,BR,BCB Focus Market Readout,,,,,3.0
2025-07-01 00:30:00+05:30,AR,Economic Activity YoYABR,7.7%,5.4%,6.6%,5.2%,3.0
2025-07-01 00:30:00+05:30,MX,Fiscal BalanceMAY,,MXN-137.3B,,MXN-140.0B,3.0
2025-07-01 00:30:00+05:30,EA,ECB President Lagarde Speech,,,,,2.0
2025-07-01 01:30:00+05:30,MX,Fiscal BalanceMAY,MXN-226.3B,MXN-137.3B,,MXN-140.0B,3.0
2025-07-01 04:30:00+05:30,MX,Fiscal BalanceMAY,,MXN-137.3B,,MXN-140.0B,3.0
2025-07-01 04:30:00+05:30,AU,S&P Global Manufacturing PMI FinalJUN,50.6,51,51,51,3.0
2025-07-01 05:20:00+05:30,JP,Tankan Large Manufacturers IndexQ2,13,12,10,10,1.0
2025-07-01 05:20:00+05:30,JP,Tankan Non-Manufacturing OutlookQ2,27,28,29,28,3.0
2025-07-01 05:20:00+05:30,JP,Tankan Large Non-Manufacturing IndexQ2,34,35,34,34,3.0
2025-07-01 05:20:00+05:30,JP,Tankan Large Manufacturing OutlookQ2,12,12,9,10,3.0
2025-07-01 05:20:00+05:30,JP,Tankan Large All Industry CapexQ2,11.5%,3.1%,,3.4%,3.0
2025-07-01 05:20:00+05:30,JP,Tankan Small Manufacturers IndexQ2,1,2,-1,1,3.0
2025-07-01 05:30:00+05:30,KR,Imports YoYJUN,3.3%,-5.3%,6.9%,7.2%,3.0
2025-07-01 05:30:00+05:30,KR,Balance of TradeJUN,$9.08B,$6.93B,$8.4B,$8.3B,3.0
2025-07-01 05:30:00+05:30,KR,Exports YoYJUN,4.3%,-1.3%,4.7%,5%,2.0
2025-07-01 06:00:00+05:30,JP,Jibun Bank Manufacturing PMI FinalJUN,50.1,49.4,50.4,50.4,3.0
2025-07-01 06:00:00+05:30,KR,S&P Global Manufacturing PMIJUN,48.7,47.7,,50.6,2.0
2025-07-01 06:00:00+05:30,ID,S&P Global Manufacturing PMIJUN,46.9,47.4,,48.5,3.0
2025-07-01 06:20:00+05:30,SG,URA Property Index QoQ PrelQ2,0.5%,0.8%,,0.5%,3.0
2025-07-01 07:10:00+05:30,SG,URA Property Index QoQ PrelQ2,,0.8%,,0.5%,3.0
2025-07-01 07:15:00+05:30,MX,Fiscal BalanceMAY,,MXN-137.3B,,MXN-140.0B,1.0
2025-07-01 07:15:00+05:30,CN,Caixin Manufacturing PMIJUN,50.4,48.3,49,49.2,1.0
2025-07-01 07:30:00+05:30,SG,Bank LendingMAY,S$844.6B,S$841.9B,,S$820B.0B,3.0
2025-07-01 07:30:00+05:30,MX,Fiscal BalanceMAY,,MXN-137.3B,,MXN-140.0B,3.0
2025-07-01 09:05:00+05:30,JP,10-Year JGB Auction,1.442%,1.512%,,,3.0
2025-07-01 09:30:00+05:30,ID,Imports YoYMAY,4.14%,21.84%,-0.1%,,3.0
2025-07-01 09:30:00+05:30,ID,Exports YoYMAY,9.68%,5.76%,1%,,3.0
2025-07-01 09:30:00+05:30,ID,Tourist Arrivals YoYMAY,,9.15%,,,3.0
2025-07-01 09:30:00+05:30,ID,Inflation Rate YoYJUN,1.87%,1.6%,1.83%,1.7%,2.0
2025-07-01 09:30:00+05:30,ID,Balance of TradeMAY,$4.3B,$0.16B,$2.40B,$1.0B,2.0
2025-07-01 09:30:00+05:30,MX,Fiscal BalanceMAY,,MXN-137.3B,,MXN-140.0B,3.0
2025-07-01 09:30:00+05:30,ID,Inflation Rate MoMJUN,0.19%,-0.37%,0.15%,0.1%,3.0
2025-07-01 09:30:00+05:30,ID,Core Inflation Rate YoYJUN,2.37%,2.4%,2.44%,2.3%,3.0
2025-07-01 10:30:00+05:30,IN,HSBC Manufacturing PMI FinalJUN,58.4,58.4,58.4,58.4,3.0
2025-07-01 10:30:00+05:30,SG,MAS 4-Week Bill Auction,1.91%,2.09%,,,3.0
2025-07-01 10:30:00+05:30,MX,Fiscal BalanceMAY,,MXN-137.3B,,MXN-140.0B,3.0
2025-07-01 10:30:00+05:30,SG,MAS 12-Week Bill Auction,1.88%,2.06%,,,3.0
2025-07-01 10:30:00+05:30,KR,30-Year KTB Auction,2.725%,2.790%,,,3.0
2025-07-01 10:30:00+05:30,JP,Consumer ConfidenceJUN,34.5,32.8,33.6,32.5,1.0
2025-07-01 11:30:00+05:30,RU,S&P Global Manufacturing PMIJUN,47.5,50.2,,50.9,2.0
2025-07-01 11:30:00+05:30,ID,Tourist Arrivals YoYMAY,14.01%,9.15%,,,3.0
2025-07-01 11:30:00+05:30,GB,Nationwide Housing Prices MoMJUN,-0.8%,0.4%,0.2%,0.1%,2.0
2025-07-01 11:30:00+05:30,GB,Nationwide Housing Prices YoYJUN,2.1%,3.5%,3.3%,3.3%,2.0
2025-07-01 12:00:00+05:30,AU,Commodity Prices YoYJUN,-8.7%,-9.4%,,-7.0%,3.0
2025-07-01 12:00:00+05:30,MX,Fiscal BalanceMAY,,MXN-137.3B,,MXN-140.0B,3.0
2025-07-01 12:30:00+05:30,TR,Istanbul Chamber of Industry Manufacturing PMIJUN,46.70,47.2,,49.9,3.0
2025-07-01 12:45:00+05:30,ES,HCOB Manufacturing PMIJUN,51.4,50.5,50.5,51.1,2.0
2025-07-01 12:45:00+05:30,MX,Fiscal BalanceMAY,,MXN-137.3B,,MXN-140.0B,2.0
2025-07-01 13:10:00+05:30,EA,ECB Guindos Speech,,,,,3.0
2025-07-01 13:15:00+05:30,IT,HCOB Manufacturing PMIJUN,48.4,49.2,49.5,49.5,2.0
2025-07-01 13:20:00+05:30,FR,HCOB Manufacturing PMI FinalJUN,48.1,49.8,47.8,47.8,3.0
2025-07-01 13:25:00+05:30,DE,Unemployed PersonsJUN,2.972M,2.963M,,2.978M,2.0
2025-07-01 13:25:00+05:30,DE,Unemployment RateJUN,6.3%,6.3%,6.4%,6.30%,2.0
2025-07-01 13:25:00+05:30,DE,Unemployment ChangeJUN,11K,33K,15K,15.0K,2.0
2025-07-01 13:25:00+05:30,DE,HCOB Manufacturing PMI FinalJUN,49.0,48.3,49.0,49,3.0
2025-07-01 13:30:00+05:30,MX,Fiscal BalanceMAY,,MXN-137.3B,,MXN-140.0B,3.0
2025-07-01 13:30:00+05:30,EA,ECB Consumer Inflation ExpectationsMAY,2.8%,3.1%,,3.2%,3.0
2025-07-01 13:30:00+05:30,EA,HCOB Manufacturing PMI FinalJUN,49.5,49.4,49.4,49.4,3.0
2025-07-01 14:00:00+05:30,GB,S&P Global Manufacturing PMI FinalJUN,47.7,46.4,47.7,47.7,3.0
2025-07-01 14:10:00+05:30,EA,ECB Elderson Speech,,,,,3.0
2025-07-01 14:10:00+05:30,ES,12-Month Letras Auction,1.900%,1.878%,,,3.0
2025-07-01 14:10:00+05:30,ES,6-Month Letras Auction,1.872%,1.890%,,,3.0
2025-07-01 14:30:00+05:30,GB,Green Gilt 2053 Auction,5.169%,,,,3.0
2025-07-01 14:30:00+05:30,ZA,ABSA Manufacturing PMIJUN,48.5,43.1,,44,3.0
2025-07-01 14:30:00+05:30,EA,CPI FlashJUN,129.07,128.71,,129.1,3.0
2025-07-01 14:30:00+05:30,MX,Fiscal BalanceMAY,,MXN-137.3B,,MXN-140.0B,3.0
2025-07-01 14:30:00+05:30,GB,Green Gilt 2053,,,,,3.0
2025-07-01 14:30:00+05:30,EA,Inflation Rate MoM FlashJUN,0.3%,0%,,0.3%,2.0
2025-07-01 14:30:00+05:30,EA,Core Inflation Rate YoY FlashJUN,2.3%,2.3%,2.3%,2.4%,2.0
2025-07-01 14:30:00+05:30,US,LMI Logistics Managers IndexJUN,,59.4,,,3.0
2025-07-01 14:30:00+05:30,ES,New Car Sales YoYJUN,,18.6%,,12.0%,3.0
2025-07-01 14:30:00+05:30,EA,Inflation Rate YoY FlashJUN,2%,1.9%,2%,2%,1.0
2025-07-01 16:00:00+05:30,US,LMI Logistics Managers IndexJUN,60.7,59.4,,,3.0
2025-07-01 16:10:00+05:30,EA,ECB Schnabel Speech,,,,,3.0
2025-07-01 16:30:00+05:30,MX,Fiscal BalanceMAY,,MXN-137.3B,,MXN-140.0B,3.0
2025-07-01 16:30:00+05:30,MX,Foreign Exchange ReservesJUN,,$240B,,$241.0B,3.0
2025-07-01 16:30:00+05:30,ES,New Car Sales YoYJUN,15.2%,18.6%,,12.0%,3.0
2025-07-01 16:30:00+05:30,US,LMI Logistics Managers IndexJUN,,59.4,,,3.0
2025-07-01 17:30:00+05:30,ES,New Car Sales YoYJUN,,18.6%,,12.0%,2.0
2025-07-01 17:30:00+05:30,MX,Fiscal BalanceMAY,,MXN-137.3B,,MXN-140.0B,2.0
2025-07-01 17:30:00+05:30,ZA,Total New Vehicle SalesJUN,,45.308K,,47.0K,2.0
2025-07-01 17:30:00+05:30,MX,Business ConfidenceJUN,49.3,49.5,,49.5,2.0
2025-07-01 17:30:00+05:30,US,LMI Logistics Managers IndexJUN,,59.4,,,2.0
2025-07-01 18:00:00+05:30,ZA,Total New Vehicle SalesJUN,47.29K,45.31K,,47.0K,3.0
2025-07-01 18:25:00+05:30,US,Redbook YoYJUN/28,4.9%,4.5%,,,3.0
2025-07-01 18:30:00+05:30,ES,New Car Sales YoYJUN,,18.6%,,12.0%,3.0
2025-07-01 18:30:00+05:30,BR,S&P Global Manufacturing PMIJUN,48.3,49.4,,50,3.0
2025-07-01 18:30:00+05:30,US,LMI Logistics Managers IndexJUN,,59.4,,,3.0
2025-07-01 18:30:00+05:30,MX,Fiscal BalanceMAY,,MXN-137.3B,,MXN-140.0B,3.0
2025-07-01 18:30:00+05:30,ZA,Total New Vehicle SalesJUN,,45.308K,,47.0K,3.0
2025-07-01 19:00:00+05:30,US,Fed Chair Powell Speech,,,,,2.0
2025-07-01 19:00:00+05:30,GB,BOE Gov Bailey Speech,,,,,2.0
2025-07-01 19:00:00+05:30,EA,ECB President Lagarde Speech,,,,,2.0
2025-07-01 19:00:00+05:30,JP,BOJ Gov Ueda Speech,,,,,2.0
2025-07-01 19:15:00+05:30,US,S&P Global Manufacturing PMI FinalJUN,52.9,52,52,52,3.0
2025-07-01 19:30:00+05:30,US,ISM Manufacturing EmploymentJUN,45.0,46.8,47,48,2.0
2025-07-01 19:30:00+05:30,US,ISM Manufacturing PricesJUN,69.7,69.4,69,69.7,3.0
2025-07-01 19:30:00+05:30,US,JOLTs Job OpeningsMAY,7.769M,7.395M,7.3M,7.1M,1.0
2025-07-01 19:30:00+05:30,US,JOLTs Job QuitsMAY,3.293M,3.215M,,3.18M,3.0
2025-07-01 19:30:00+05:30,US,ISM Manufacturing New OrdersJUN,46.4,47.6,,48.3,3.0
2025-07-01 19:30:00+05:30,US,Construction Spending MoMMAY,-0.3%,-0.2%,-0.2%,-0.2%,3.0
2025-07-01 19:30:00+05:30,US,ISM Manufacturing PMIJUN,49.0,48.5,48.8,49.2,1.0
2025-07-01 19:40:00+05:30,ES,New Car Sales YoYJUN,,18.6%,,12.0%,3.0
2025-07-01 19:40:00+05:30,ZA,Total New Vehicle SalesJUN,,45.308K,,47.0K,3.0
2025-07-01 19:40:00+05:30,US,RCM/TIPP Economic Optimism IndexJUL,48.6,49.2,50.1,49.5,3.0
2025-07-01 19:40:00+05:30,US,LMI Logistics Managers IndexJUN,,59.4,,,3.0
2025-07-01 19:40:00+05:30,MX,Fiscal BalanceMAY,,MXN-137.3B,,MXN-140.0B,3.0
2025-07-01 20:00:00+05:30,US,Dallas Fed Services IndexJUN,-4.4,-10.1,,-9,3.0
2025-07-01 20:00:00+05:30,US,Dallas Fed Services Revenues IndexJUN,-4.1,-4.7,,-4,3.0
2025-07-01 20:30:00+05:30,AR,Tax RevenueJUN,,ARS15863B,,,3.0
2025-07-01 20:30:00+05:30,MX,Fiscal BalanceMAY,,MXN-137.3B,,MXN-140.0B,3.0
2025-07-01 20:30:00+05:30,EA,ECB Forum on Central Banking,,,,,3.0
2025-07-01 20:30:00+05:30,ZA,Total New Vehicle SalesJUN,47.29K,45.31K,,47.0K,3.0
2025-07-01 20:30:00+05:30,ID,Tourist Arrivals YoYMAY,,9.15%,,,3.0
2025-07-01 20:30:00+05:30,ES,New Car Sales YoYJUN,,18.6%,,12.0%,3.0
2025-07-01 20:30:00+05:30,MX,S&P Global Manufacturing PMIJUN,46.30,46.70,,47.2,3.0
2025-07-01 20:30:00+05:30,MX,Foreign Exchange ReservesJUN,,$240B,,$241.0B,3.0
2025-07-01 20:30:00+05:30,US,LMI Logistics Managers IndexJUN,,59.4,,,3.0
2025-07-01 22:30:00+05:30,EA,ECB Forum on Central Banking,,,,,3.0
2025-07-01 22:30:00+05:30,MX,Foreign Exchange ReservesJUN,,$240B,,$241.0B,3.0
2025-07-01 22:30:00+05:30,IT,New Car Registrations YoYJUN,-17.4%,-0.2%,,-3.4%,3.0
2025-07-02 02:00:00+05:30,US,API Crude Oil Stock ChangeJUN/27,0.680M,-4.277M,-2.26M,,2.0
2025-07-02 03:30:00+05:30,AR,Tax RevenueJUN,,ARS15863B,,,3.0
2025-07-02 04:30:00+05:30,US,Total Vehicle SalesJUN,15.3M,15.7M,15.5M,,3.0
2025-07-02 04:30:00+05:30,KR,Inflation Rate MoMJUN,0%,-0.1%,0%,0.0%,3.0
2025-07-02 04:30:00+05:30,KR,Inflation Rate YoYJUN,2.2%,1.9%,2.1%,2.2%,2.0
2025-07-02 04:30:00+05:30,AU,Ai Group Industry IndexJUN,-11.9,-12.3,,-3,2.0
2025-07-02 04:30:00+05:30,AU,Ai Group Manufacturing IndexJUN,-29.3,-23.5,,-10,3.0
2025-07-02 04:30:00+05:30,AU,Ai Group Construction IndexJUN,-14.9,-6.4,,-2,3.0
2025-07-02 05:30:00+05:30,AR,Tax RevenueJUN,ARS16184B,ARS15863B,,,3.0
2025-07-02 07:00:00+05:30,AU,Private House Approvals MoM PrelMAY,0.5%,5.9%,,0.5%,3.0
2025-07-02 07:00:00+05:30,AU,Retail Sales MoMMAY,0.2%,0.0%,0.4%,0.2%,2.0
2025-07-02 07:00:00+05:30,AU,Building Permits MoM PrelMAY,3.2%,-4.1%,4.8%,5.2%,2.0
2025-07-02 09:05:00+05:30,JP,BoJ JGB Purchases,,,,,3.0
2025-07-02 12:15:00+05:30,FR,Budget BalanceMAY,€-94B,€-69.3B,,€-98.2B,3.0
2025-07-02 12:30:00+05:30,ES,Tourist Arrivals YoYMAY,1.5%,10.1%,,15.0%,3.0
2025-07-02 12:30:00+05:30,TR,Exports PrelJUN,$20.5B,$24.8B,,$ 20.2B,3.0
2025-07-02 12:30:00+05:30,TR,Balance of Trade PrelJUN,$-8.2B,$-6.6B,,$ -2.6B,2.0
2025-07-02 12:30:00+05:30,ES,Unemployment ChangeJUN,-48.9K,-57.8K,-69.5K,-46.0K,2.0
2025-07-02 12:30:00+05:30,TR,Imports PrelJUN,$28.7B,$31.46B,,$22.8B,3.0
2025-07-02 13:30:00+05:30,IT,Unemployment RateMAY,6.5%,6.1%,6%,5.9%,2.0
2025-07-02 13:30:00+05:30,EA,ECB Guindos Speech,,,,,3.0
2025-07-02 13:30:00+05:30,BR,IPC-Fipe Inflation MoMJUN,-0.08%,0.27%,,0.2%,3.0
2025-07-02 13:55:00+05:30,EA,ECB Montagner Speech,,,,,3.0
2025-07-02 14:00:00+05:30,ZA,Inflation ExpectationsQ2,4.3%,4.6%,,4.4%,3.0
2025-07-02 14:30:00+05:30,GB,Treasury Gilt 2028,,4.062%,,,3.0
2025-07-02 14:30:00+05:30,GB,Treasury Gilt 2028 Auction,3.847%,4.062%,,,3.0
2025-07-02 14:30:00+05:30,EA,Unemployment RateMAY,6.3%,6.2%,6.2%,6.2%,2.0
2025-07-02 14:30:00+05:30,EA,ECB Cipollone Speech,,,,,3.0
2025-07-02 15:00:00+05:30,DE,10-Year Bund Auction,2.63%,2.54%,,,3.0
2025-07-02 15:40:00+05:30,EU,6-Month Bill Auction,1.930%,1.956%,,,3.0
2025-07-02 15:40:00+05:30,EU,3-Month Bill Auction,1.922%,1.935%,,,3.0
2025-07-02 15:40:00+05:30,EU,12-Month Bill Auction,1.920%,1.951%,,,3.0
2025-07-02 16:00:00+05:30,EA,ECB Lane Speech,,,,,3.0
2025-07-02 16:30:00+05:30,US,MBA Mortgage ApplicationsJUN/27,2.7%,1.1%,,,3.0
2025-07-02 16:30:00+05:30,US,MBA Mortgage Refinance IndexJUN/27,759.7,713.4,,,3.0
2025-07-02 16:30:00+05:30,US,MBA 30-Year Mortgage RateJUN/27,6.79%,6.88%,,,2.0
2025-07-02 16:30:00+05:30,US,MBA Purchase IndexJUN/27,165.3,165.2,,,3.0
2025-07-02 16:30:00+05:30,US,MBA Mortgage Market IndexJUN/27,257.5,250.8,,,3.0
2025-07-02 17:00:00+05:30,US,Challenger Job CutsJUN,47.999K,93.816K,,110.0K,3.0
2025-07-02 17:30:00+05:30,BR,Industrial Production MoMMAY,-0.5%,-0.5%,-0.5%,0.2%,2.0
2025-07-02 17:30:00+05:30,BR,Industrial Production YoYMAY,3.3%,-0.5%,3.5%,2.0%,3.0
2025-07-02 17:45:00+05:30,US,ADP Employment ChangeJUN,-33K,29K,95K,90.0K,2.0
2025-07-02 18:30:00+05:30,SG,SIPMM Manufacturing PMIJUN,50,49.7,,50.8,3.0
2025-07-02 19:00:00+05:30,CA,S&P Global Manufacturing PMIJUN,45.6,46.1,,47.2,2.0
2025-07-02 19:45:00+05:30,EA,ECB President Lagarde Speech,,,,,2.0
2025-07-02 20:00:00+05:30,US,EIA Refinery Crude Runs ChangeJUN/27,0.118M,0.125M,,,3.0
2025-07-02 20:00:00+05:30,US,EIA Heating Oil Stocks ChangeJUN/27,-0.202M,-0.716M,,,3.0
2025-07-02 20:00:00+05:30,US,EIA Distillate Stocks ChangeJUN/27,-1.71M,-4.066M,-1.25M,,3.0
2025-07-02 20:00:00+05:30,US,EIA Crude Oil Imports ChangeJUN/27,2.94M,0.531M,,,3.0
2025-07-02 20:00:00+05:30,US,EIA Distillate Fuel Production ChangeJUN/27,0.245M,-0.185M,,,3.0
2025-07-02 20:00:00+05:30,US,EIA Gasoline Stocks ChangeJUN/27,4.188M,-2.075M,-0.94M,,2.0
2025-07-02 20:00:00+05:30,US,EIA Cushing Crude Oil Stocks ChangeJUN/27,-1.493M,-0.464M,,,3.0
2025-07-02 20:00:00+05:30,US,EIA Crude Oil Stocks ChangeJUN/27,3.845M,-5.836M,-2M,,2.0
2025-07-02 20:00:00+05:30,US,EIA Gasoline Production ChangeJUN/27,-0.491M,0.008M,,,3.0
2025-07-02 21:00:00+05:30,US,17-Week Bill Auction,4.185%,4.195%,,,3.0
2025-07-02 21:30:00+05:30,RU,Retail Sales YoYMAY,1.8%,1.9%,,2.1%,3.0
2025-07-02 21:30:00+05:30,FR,New Car Registrations YoYJUN,-6.7%,-12.3%,,-6.2%,3.0
2025-07-02 21:30:00+05:30,CA,10-Year Bond Auction,3.400%,3.335%,,,3.0
2025-07-02 21:30:00+05:30,RU,GDP YoYMAY,1.2%,1.9%,,2.4%,3.0
2025-07-02 21:30:00+05:30,MX,Foreign Exchange ReservesJUN,,$240B,,$241.0B,3.0
2025-07-02 21:30:00+05:30,AR,Tax RevenueJUN,,ARS15863B,,,3.0
2025-07-02 21:30:00+05:30,EA,ECB Forum on Central Banking,,,,,3.0
2025-07-02 21:30:00+05:30,RU,Corporate ProfitsAPR,RUB 9.83T,RUB6.9T,,RUB10.5T,3.0
2025-07-02 21:30:00+05:30,RU,Unemployment RateMAY,2.2%,2.3%,2.3%,2.3%,2.0
2025-07-02 21:30:00+05:30,RU,Business ConfidenceJUN,0.5,-0.3,,-0.3,3.0
2025-07-02 21:30:00+05:30,US,Total Vehicle SalesJUN,15.3M,15.7M,15.5M,,3.0
2025-07-02 21:30:00+05:30,RU,Real Wage Growth YoYAPR,4.6%,0.1%,3.3%,2.7%,3.0
2025-07-03 02:30:00+05:30,KR,Foreign Exchange ReservesJUN,$410.2B,$404.6B,,$403.0B,3.0
2025-07-03 04:30:00+05:30,AU,S&P Global Composite PMI FinalJUN,51.6,50.5,,51.2,3.0
2025-07-03 04:30:00+05:30,AU,S&P Global Services PMI FinalJUN,51.8,50.6,51.3,51.3,3.0
2025-07-03 05:20:00+05:30,JP,Stock Investment by ForeignersJUN/28,¥651.3B,¥-524.1B,,,3.0
2025-07-03 05:20:00+05:30,JP,Foreign Bond InvestmentJUN/28,¥182.8B,¥615.1B,,,3.0
2025-07-03 06:00:00+05:30,SG,S&P Global PMIJUN,51,51.5,,51.5,3.0
2025-07-03 06:00:00+05:30,JP,Jibun Bank Composite PMI FinalJUN,51.5,50.2,,51.4,3.0
2025-07-03 06:00:00+05:30,JP,Jibun Bank Services PMI FinalJUN,51.7,51.0,51.5,51.5,3.0
2025-07-03 07:00:00+05:30,AU,Balance of TradeMAY,A$2.238B,A$4.859B,A$5B,A$5.2B,1.0
2025-07-03 07:00:00+05:30,JP,BOJ Takada Speech,,,,,2.0
2025-07-03 07:00:00+05:30,AU,Exports MoMMAY,-2.7%,-1.7%,,,3.0
2025-07-03 07:00:00+05:30,JP,BOJ Takata Speech,,,,,2.0
2025-07-03 07:00:00+05:30,AU,Imports MoMMAY,3.8%,1.6%,,,3.0
2025-07-03 07:15:00+05:30,CN,Caixin Composite PMIJUN,51.3,49.6,,50.2,3.0
2025-07-03 07:15:00+05:30,CN,Caixin Services PMIJUN,50.6,51.1,51.0,51.3,2.0
2025-07-03 09:05:00+05:30,JP,30-Year JGB Auction,2.808%,2.904%,,,3.0
2025-07-03 09:45:00+05:30,SA,Riyad Bank PMIJUN,57.2,55.8,,56,3.0
2025-07-03 10:30:00+05:30,IN,HSBC Services PMI FinalJUN,60.4,60.7,60.7,60.7,3.0
2025-07-03 10:30:00+05:30,IN,HSBC Composite PMI FinalJUN,61.0,59.3,,61.0,3.0
2025-07-03 10:30:00+05:30,SG,6-Month T-Bill Auction,1.85%,2%,,,3.0
2025-07-03 11:30:00+05:30,RU,S&P Global Composite PMIJUN,48.5,51.4,,52.0,3.0
2025-07-03 11:30:00+05:30,RU,S&P Global Services PMIJUN,49.2,52.2,,52.9,3.0
2025-07-03 12:30:00+05:30,TR,PPI MoMJUN,2.46%,2.48%,,1.0%,3.0
2025-07-03 12:30:00+05:30,TR,Inflation Rate YoYJUN,35.05%,35.41%,35.2%,35.3%,2.0
2025-07-03 12:30:00+05:30,TR,PPI YoYJUN,24.45%,23.13%,,19.9%,3.0
2025-07-03 12:30:00+05:30,TR,Inflation Rate MoMJUN,1.37%,1.53%,1.45%,1.5%,2.0
2025-07-03 12:45:00+05:30,ES,HCOB Composite PMIJUN,52.1,51.4,,51.5,3.0
2025-07-03 12:45:00+05:30,ES,HCOB Services PMIJUN,51.9,51.3,51,51.9,2.0
2025-07-03 12:45:00+05:30,ZA,S&P Global PMIJUN,50.1,50.8,,50.4,3.0
2025-07-03 13:15:00+05:30,IT,HCOB Composite PMIJUN,51.1,52.5,,52.2,3.0
2025-07-03 13:15:00+05:30,IT,HCOB Services PMIJUN,52.1,53.2,52.7,52.9,2.0
2025-07-03 13:20:00+05:30,FR,HCOB Services PMI FinalJUN,49.6,48.9,48.7,48.7,3.0
2025-07-03 13:20:00+05:30,FR,HCOB Composite PMI FinalJUN,49.2,49.3,48.5,48.5,3.0
2025-07-03 13:25:00+05:30,DE,HCOB Composite PMI FinalJUN,50.4,48.5,50.4,50.4,3.0
2025-07-03 13:25:00+05:30,DE,HCOB Services PMI FinalJUN,49.7,47.1,49.4,49.4,3.0
2025-07-03 13:30:00+05:30,EA,HCOB Composite PMI FinalJUN,50.6,50.2,50.2,50.2,3.0
2025-07-03 13:30:00+05:30,EA,HCOB Services PMI FinalJUN,50.5,49.7,50.0,50,3.0
2025-07-03 14:00:00+05:30,GB,DMP 3M Output Price ExpectationsJUN,3.6%,3.7%,,,3.0
2025-07-03 14:00:00+05:30,GB,S&P Global Composite PMI FinalJUN,52.0,50.3,50.7,50.7,3.0
2025-07-03 14:00:00+05:30,GB,DMP 1Y CPI ExpectationsJUN,3.3%,3.0%,,,3.0
2025-07-03 14:00:00+05:30,GB,S&P Global Services PMI FinalJUN,52.8,50.9,51.3,51.3,3.0
2025-07-03 14:10:00+05:30,ES,3-Year Bonos Auction,2.159%,2.118%,,,3.0
2025-07-03 14:10:00+05:30,ES,Index-Linked Obligacion Auction,,,,,3.0
2025-07-03 14:10:00+05:30,ES,Obligacion Auction,,,,,3.0
2025-07-03 14:10:00+05:30,ES,10-Year Index-Linked Obligacion Auction,1.470%,2.230%,,,3.0
2025-07-03 14:10:00+05:30,ES,10-Year Obligacion Auction,3.163%,3.208%,,,3.0
2025-07-03 14:10:00+05:30,ES,15-Year Obligacion Auction,3.671%,3.356%,,,3.0
2025-07-03 14:10:00+05:30,ES,Bonos Auction,,,,,3.0
2025-07-03 14:30:00+05:30,FR,2042 OAT Auction,3.72%,,,,3.0
2025-07-03 14:30:00+05:30,FR,2035 OAT Auction,3.27%,3.17%,,,3.0
2025-07-03 14:30:00+05:30,FR,2056 OAT Auction,4.05%,,,,3.0
2025-07-03 14:30:00+05:30,FR,OAT Auction,,,,,3.0
2025-07-03 15:00:00+05:30,GB,BOE Credit Conditions Survey,,,,,3.0
2025-07-03 16:30:00+05:30,DE,New Car Registrations YoYJUN,-13.8%,1.2%,,-2.3%,3.0
2025-07-03 17:00:00+05:30,EA,ECB Monetary Policy Meeting Accounts,,,,,2.0
2025-07-03 17:00:00+05:30,TR,Foreign Exchange ReservesJUN/27,$71.1B,$70.7B,,,3.0
2025-07-03 17:30:00+05:30,MX,Gross Fixed Investment MoMAPR,-1.7%,0.3%,-1.1%,-0.2%,3.0
2025-07-03 17:30:00+05:30,MX,Gross Fixed Investment YoYAPR,-12.5%,-0.2%,-9%,-8.0%,3.0
2025-07-03 18:00:00+05:30,US,Unemployment RateJUN,4.1%,4.2%,4.3%,4.2%,1.0
2025-07-03 18:00:00+05:30,US,U-6 Unemployment RateJUN,7.7%,7.8%,,7.8%,3.0
2025-07-03 18:00:00+05:30,US,Participation RateJUN,62.3%,62.4%,,62.3%,2.0
2025-07-03 18:00:00+05:30,US,Nonfarm Payrolls PrivateJUN,74K,137K,105K,100.0K,3.0
2025-07-03 18:00:00+05:30,US,Jobless Claims 4-week AverageJUN/28,241.5K,245.25K,,246.0K,3.0
2025-07-03 18:00:00+05:30,US,Government PayrollsJUN,73K,7K,,0.0K,3.0
2025-07-03 18:00:00+05:30,US,Manufacturing PayrollsJUN,-7K,-7K,-5K,-2.0K,3.0
2025-07-03 18:00:00+05:30,US,Average Hourly Earnings MoMJUN,0.2%,0.4%,0.3%,0.2%,2.0
2025-07-03 18:00:00+05:30,CA,ExportsMAY,C$60.81B,C$60.12B,,C$60.6B,3.0
2025-07-03 18:00:00+05:30,US,Initial Jobless ClaimsJUN/28,233K,237K,240K,240.0K,2.0
2025-07-03 18:00:00+05:30,US,Non Farm PayrollsJUN,147K,144K,110K,100.0K,1.0
2025-07-03 18:00:00+05:30,US,ImportsMAY,$350.5B,$350.8B,,$350.0B,2.0
2025-07-03 18:00:00+05:30,US,Average Hourly Earnings YoYJUN,3.7%,3.8%,3.9%,3.9%,2.0
2025-07-03 18:00:00+05:30,CA,Balance of TradeMAY,C$-5.9B,C$-7.6B,C$-5.9B,C$-6.4B,1.0
2025-07-03 18:00:00+05:30,US,Balance of TradeMAY,$-71.5B,$-60.3B,$-71B,$-72B,2.0
2025-07-03 18:00:00+05:30,CA,ImportsMAY,C$66.66B,C$67.72B,,C$67.0B,3.0
2025-07-03 18:00:00+05:30,US,Continuing Jobless ClaimsJUN/21,1964K,1964K,1960K,1980.0K,3.0
2025-07-03 18:00:00+05:30,US,Average Weekly HoursJUN,34.2,34.3,34.3,34.3,3.0
2025-07-03 18:00:00+05:30,US,ExportsMAY,$279.0B,$290.6B,,$278.0B,2.0
2025-07-03 18:30:00+05:30,BR,S&P Global Composite PMIJUN,48.7,49.1,,49.7,3.0
2025-07-03 18:30:00+05:30,BR,S&P Global Services PMIJUN,49.3,49.6,,49.8,2.0
2025-07-03 19:15:00+05:30,US,S&P Global Services PMI FinalJUN,52.9,53.7,53.1,53.1,3.0
2025-07-03 19:15:00+05:30,US,S&P Global Composite PMI FinalJUN,52.9,53,52.8,52.8,3.0
2025-07-03 19:30:00+05:30,US,Factory Orders ex TransportationMAY,0.2%,-0.6%,,0.9%,3.0
2025-07-03 19:30:00+05:30,US,ISM Services PricesJUN,67.5,68.7,,69.4,3.0
2025-07-03 19:30:00+05:30,US,Factory Orders MoMMAY,8.2%,-3.9%,8.2%,9.5%,2.0
2025-07-03 19:30:00+05:30,US,8-Week Bill Auction,4.300%,4.390%,,,3.0
2025-07-03 19:30:00+05:30,US,ISM Services PMIJUN,50.8,49.9,50.5,49.7,1.0
2025-07-03 19:30:00+05:30,US,ISM Services EmploymentJUN,47.2,50.7,,51.1,3.0
2025-07-03 19:30:00+05:30,US,ISM Services Business ActivityJUN,54.2,50.0,,49.8,3.0
2025-07-03 19:30:00+05:30,US,4-Week Bill Auction,4.240%,4.000%,,,3.0
2025-07-03 19:30:00+05:30,US,ISM Services New OrdersJUN,51.3,46.4,,46.3,3.0
2025-07-03 20:00:00+05:30,US,EIA Natural Gas Stocks ChangeJUN/27,55Bcf,96Bcf,53Bcf,,3.0
2025-07-03 20:30:00+05:30,US,Fed Bostic Speech,,,,,2.0
2025-07-03 21:00:00+05:30,US,8-Week Bill Auction,,4.390%,,,3.0
2025-07-03 21:00:00+05:30,US,4-Week Bill Auction,,4.000%,,,3.0
2025-07-03 21:30:00+05:30,US,30-Year Mortgage RateJUL/03,6.67%,6.77%,,,3.0
2025-07-03 21:30:00+05:30,RU,Business ConfidenceJUN,,0.1,,-0.3,3.0
2025-07-03 21:30:00+05:30,US,15-Year Mortgage RateJUL/03,5.8%,5.89%,,,3.0
2025-07-03 22:30:00+05:30,MX,Foreign Exchange ReservesJUN,,$240B,,$241.0B,3.0
2025-07-03 22:30:00+05:30,RU,GDP YoYMAY,,1.9%,,2.4%,3.0
2025-07-03 22:30:00+05:30,DE,New Car Registrations YoYJUN,,1.2%,,-2.3%,3.0
2025-07-03 22:30:00+05:30,US,Baker Hughes Oil Rig CountJUL/04,425,432,,,3.0
2025-07-03 22:30:00+05:30,FR,New Car Registrations YoYJUN,,-12.3%,,-6.2%,3.0
2025-07-03 22:30:00+05:30,US,Baker Hughes Total Rigs CountJUL/04,539,547,,,3.0
2025-07-03 22:30:00+05:30,IT,New Car Registrations YoYJUN,,-0.2%,,-3.4%,3.0
2025-07-04 02:00:00+05:30,US,Fed Balance SheetJUL/02,,$6.67T,,$ 6.8T,3.0
2025-07-04 02:30:00+05:30,KR,Foreign Exchange ReservesJUN,,$404.6B,,$403.0B,3.0
2025-07-04 04:30:00+05:30,KR,Current AccountMAY,$10.14B,$5.7B,,$8.5B,3.0
2025-07-04 05:00:00+05:30,JP,Household Spending MoMMAY,4.6%,-1.8%,0.4%,0.5%,2.0
2025-07-04 05:00:00+05:30,JP,Household Spending YoYMAY,4.7%,-0.1%,1.2%,0.9%,2.0
2025-07-04 07:00:00+05:30,AU,Household Spending YoYMAY,4.2%,3.8%,,3.8%,3.0
2025-07-04 07:00:00+05:30,AU,Household Spending MoMMAY,0.9%,0.0%,,0.6%,3.0
2025-07-04 08:30:00+05:30,ID,Foreign Exchange ReservesJUN,,$152.5B,,$ 157.0B,3.0
2025-07-04 09:05:00+05:30,JP,3-Month Bill Auction,0.4264%,0.4215%,,,3.0
2025-07-04 10:30:00+05:30,SG,Retail Sales YoYMAY,1.4%,0.2%,,0.6%,3.0
2025-07-04 10:30:00+05:30,SG,Retail Sales MoMMAY,1%,0%,,0.4%,3.0
2025-07-04 11:30:00+05:30,DE,Factory Orders MoMMAY,-1.4%,1.6%,-0.1%,0.4%,2.0
2025-07-04 11:30:00+05:30,ZA,Foreign Exchange ReservesJUN,,$68.12B,,$70.0B,3.0
2025-07-04 12:15:00+05:30,FR,Industrial Production MoMMAY,-0.5%,-1.4%,0.3%,0.7%,2.0
2025-07-04 12:30:00+05:30,TR,Imports PrelJUN,,,,$22.8B,3.0
2025-07-04 12:30:00+05:30,TR,Exports PrelJUN,,,,$ 20.2B,3.0
2025-07-04 12:30:00+05:30,TR,Balance of Trade PrelJUN,,,,$ -2.6B,3.0
2025-07-04 12:30:00+05:30,ES,Industrial Production YoYMAY,1.7%,0.6%,,1.0%,3.0
2025-07-04 13:00:00+05:30,IT,HCOB Construction PMIJUN,50.2,50.5,,50.8,3.0
2025-07-04 13:00:00+05:30,DE,HCOB Construction PMIJUN,44.8,44.4,,45.1,3.0
2025-07-04 13:00:00+05:30,EA,HCOB Construction PMIJUN,45.2,45.6,,47.6,3.0
2025-07-04 13:00:00+05:30,EA,ECB President Lagarde Speech,,,,,2.0
2025-07-04 13:00:00+05:30,FR,HCOB Construction PMIJUN,41.6,43.1,,44.1,3.0
2025-07-04 13:30:00+05:30,TR,Imports PrelJUN,,,,$22.8B,3.0
2025-07-04 13:30:00+05:30,TR,Balance of Trade PrelJUN,,,,$ -2.6B,3.0
2025-07-04 13:30:00+05:30,GB,New Car Sales YoYJUN,6.7%,1.6%,,5.0%,3.0
2025-07-04 13:30:00+05:30,TR,Exports PrelJUN,,,,$ 20.2B,3.0
2025-07-04 13:30:00+05:30,WL,FAO Food Price IndexJUN,128,127.3,,,3.0
2025-07-04 13:30:00+05:30,IT,Retail Sales YoYMAY,1.3%,3.8%,,2.5%,3.0
2025-07-04 13:30:00+05:30,EA,ECB Elderson Speech,,,,,3.0
2025-07-04 13:30:00+05:30,IT,Retail Sales MoMMAY,-0.4%,0.7%,0.5%,0.2%,2.0
2025-07-04 14:00:00+05:30,GB,S&P Global Construction PMIJUN,48.8,47.9,48.4,49,2.0
2025-07-04 14:30:00+05:30,TR,Imports PrelJUN,,,,$22.8B,3.0
2025-07-04 14:30:00+05:30,RU,Vehicle Sales YoYJUN,,-29%,,,3.0
2025-07-04 14:30:00+05:30,ES,Consumer ConfidenceMAY,,76.5,,76,3.0
2025-07-04 14:30:00+05:30,TR,Exports PrelJUN,,,,$ 20.2B,3.0
2025-07-04 14:30:00+05:30,EA,PPI YoYMAY,0.3%,0.7%,0.3%,0.3%,3.0
2025-07-04 14:30:00+05:30,TR,Balance of Trade PrelJUN,,,,$ -2.6B,3.0
2025-07-04 14:30:00+05:30,EA,PPI MoMMAY,-0.6%,-2.2%,-0.5%,-0.6%,3.0
2025-07-04 16:00:00+05:30,RU,Vehicle Sales YoYJUN,-29%,-29%,,,3.0
2025-07-04 16:00:00+05:30,ES,Consumer ConfidenceMAY,82.5,76.5,,76,2.0
2025-07-04 17:00:00+05:30,IN,Bank Loan Growth YoYJUN/20,9.6%,9.0%,,,3.0
2025-07-04 17:00:00+05:30,IN,Deposit Growth YoYJUN/20,10.4%,9.9%,,,3.0
2025-07-04 17:00:00+05:30,IN,Foreign Exchange ReservesJUN/27,$702.78B,$697.94B,,,3.0
2025-07-04 17:30:00+05:30,ES,Consumer ConfidenceMAY,,76.5,,76,2.0
2025-07-04 17:30:00+05:30,TR,Imports PrelJUN,,,,$22.8B,2.0
2025-07-04 17:30:00+05:30,BR,PPI MoMMAY,-1.29%,-0.12%,,-0.2%,3.0
2025-07-04 17:30:00+05:30,TR,Balance of Trade PrelJUN,,,,$ -2.6B,2.0
2025-07-04 17:30:00+05:30,TR,Exports PrelJUN,,,,$ 20.2B,2.0
2025-07-04 17:30:00+05:30,BR,PPI YoYMAY,5.78%,7.54%,,6.7%,3.0
2025-07-04 17:30:00+05:30,RU,Vehicle Sales YoYJUN,,-29%,,,2.0
2025-07-04 17:30:00+05:30,MX,Consumer ConfidenceJUN,45.4,46.5,,46.9,2.0
2025-07-04 19:00:00+05:30,ES,Consumer ConfidenceMAY,,76.5,,76,3.0
2025-07-04 19:00:00+05:30,CA,S&P Global Composite PMIJUN,44,45.5,,47,3.0
2025-07-04 19:00:00+05:30,CA,S&P Global Services PMIJUN,44.3,45.6,,47,3.0
2025-07-04 19:00:00+05:30,TR,Balance of Trade PrelJUN,,,,$ -2.6B,3.0
2025-07-04 19:00:00+05:30,RU,Vehicle Sales YoYJUN,,-29%,,,3.0
2025-07-04 19:00:00+05:30,TR,Imports PrelJUN,,,,$22.8B,3.0
2025-07-04 19:00:00+05:30,TR,Exports PrelJUN,,,,$ 20.2B,3.0
2025-07-04 23:30:00+05:30,TR,Imports PrelJUN,,,,$22.8B,2.0
2025-07-04 23:30:00+05:30,TR,Exports PrelJUN,,,,$ 20.2B,2.0
2025-07-04 23:30:00+05:30,BR,Balance of TradeJUN,$5.89B,$7.02B,$6.45B,$7.1B,2.0
2025-07-04 23:30:00+05:30,TR,Balance of Trade PrelJUN,,$-6.6B,,$ -2.6B,2.0
2025-07-04 23:30:00+05:30,RU,Vehicle Sales YoYJUN,,-29%,,,2.0
2025-07-04 23:30:00+05:30,MX,Foreign Exchange ReservesJUN,,$240B,,$241.0B,2.0
2025-07-04 23:30:00+05:30,ES,Consumer ConfidenceMAY,,76.5,,76,2.0
2025-07-05 22:15:00+05:30,OP,OPEC and non-OPEC Ministerial Meeting,,,,,2.0
2025-07-05 22:15:00+05:30,GB,BoE Gov Bailey Speech,,,,,2.0
2025-07-05 23:30:00+05:30,JP,Foreign Exchange ReservesJUN,,$1298.1B,,,
2025-07-06 22:15:00+05:30,OP,OPEC and non-OPEC Ministerial Meeting,,,,,
2025-07-06 23:30:00+05:30,OP,OPEC and non-OPEC Ministerial Meeting,,,,,
2025-07-07 05:00:00+05:30,JP,Foreign Exchange ReservesJUN,,$1298.1B,,,3.0
2025-07-07 05:00:00+05:30,JP,Overtime Pay YoYMAY,1%,1.3%,,0.9%,3.0
2025-07-07 05:00:00+05:30,JP,Average Cash Earnings YoYMAY,1%,2%,2.4%,2.4%,3.0
2025-07-07 05:20:00+05:30,JP,Foreign Exchange ReservesJUN,$1313.8B,$1298.1B,,,3.0
2025-07-07 07:00:00+05:30,JP,Foreign Exchange ReservesJUN,,$1298.1B,,,3.0
2025-07-07 07:00:00+05:30,AU,ANZ-Indeed Job Ads MoMJUN,1.8%,-0.6%,,0.2%,3.0
2025-07-07 08:30:00+05:30,ID,Foreign Exchange ReservesJUN,$152.6B,$152.5B,,$ 157.0B,3.0
2025-07-07 09:30:00+05:30,KR,3-Year KTB Auction,2.450%,2.420%,,,3.0
2025-07-07 10:30:00+05:30,JP,Coincident Index PrelMAY,115.9,116.0,,116.2,3.0
2025-07-07 10:30:00+05:30,JP,Leading Economic Index PrelMAY,105.3,104.2,105.3,104.5,3.0
2025-07-07 10:30:00+05:30,KR,3-Year KTB Auction,,2.420%,,,3.0
2025-07-07 10:30:00+05:30,JP,Foreign Exchange ReservesJUN,,$1298.1B,,,3.0
2025-07-07 10:55:00+05:30,ID,Motorbike Sales YoYJUN,-0.3%,-0.1%,,,3.0
2025-07-07 11:30:00+05:30,GB,Halifax House Price Index YoYJUN,2.5%,2.6%,,2.2%,2.0
2025-07-07 11:30:00+05:30,DE,Industrial Production MoMMAY,1.2%,-1.6%,0%,-0.6%,2.0
2025-07-07 11:30:00+05:30,JP,Foreign Exchange ReservesJUN,,$1298.1B,,,2.0
2025-07-07 11:30:00+05:30,ZA,Foreign Exchange ReservesJUN,$68.42B,$68.12B,,$70.0B,3.0
2025-07-07 11:30:00+05:30,GB,Halifax House Price Index MoMJUN,0%,-0.3%,0%,-0.2%,2.0
2025-07-07 12:15:00+05:30,FR,Foreign Exchange ReservesJUN,€294.723B,€304.609B,,€304.9B,3.0
2025-07-07 12:15:00+05:30,CN,Foreign Exchange ReservesJUN,,$3.285T,,$ 3.32T,3.0
2025-07-07 12:15:00+05:30,JP,Foreign Exchange ReservesJUN,,$1298.1B,,,3.0
2025-07-07 13:30:00+05:30,CN,Foreign Exchange ReservesJUN,$3.317T,$3.285T,$3.313T,$3.32T,3.0
2025-07-07 14:30:00+05:30,GB,BBA Mortgage RateJUN,6.98%,7.09%,,7.1%,3.0
2025-07-07 14:30:00+05:30,CN,Foreign Exchange ReservesJUN,,$3.285T,,$ 3.32T,3.0
2025-07-07 14:30:00+05:30,JP,Foreign Exchange ReservesJUN,,$1298.1B,,,3.0
2025-07-07 14:30:00+05:30,EA,Eurogroup Meeting,,,,,3.0
2025-07-07 14:30:00+05:30,SG,Foreign Exchange ReservesJUN,S$515.8B,S$518.1B,,S$510.0B,3.0
2025-07-07 14:30:00+05:30,EA,Retail Sales YoYMAY,1.8%,2.7%,1.2%,1.7%,3.0
2025-07-07 14:30:00+05:30,EA,Retail Sales MoMMAY,-0.7%,0.3%,-0.7%,-1%,2.0
2025-07-07 17:30:00+05:30,MX,Auto Production YoYJUN,4.9%,-2%,,-1%,3.0
2025-07-07 17:30:00+05:30,JP,Foreign Exchange ReservesJUN,,$1298.1B,,,3.0
2025-07-07 17:30:00+05:30,EA,Eurogroup Meeting,,,,,3.0
2025-07-07 17:30:00+05:30,MX,Auto Exports YoYJUN,14%,-2.9%,,-2%,3.0
2025-07-07 17:30:00+05:30,CN,Foreign Exchange ReservesJUN,,$3.285T,,$ 3.32T,3.0
2025-07-07 18:30:00+05:30,RU,Foreign Exchange ReservesJUN,$688.7B,$680.4B,,$681.0B,3.0
2025-07-07 18:30:00+05:30,CN,Foreign Exchange ReservesJUN,,$3.285T,,$ 3.32T,3.0
2025-07-07 18:30:00+05:30,FR,3-Month BTF Auction,1.924%,1.957%,,,3.0
2025-07-07 18:30:00+05:30,FR,6-Month BTF Auction,1.903%,1.949%,,,3.0
2025-07-07 18:30:00+05:30,FR,12-Month BTF Auction,1.892%,1.918%,,,3.0
2025-07-07 18:30:00+05:30,JP,Foreign Exchange ReservesJUN,,$1298.1B,,,3.0
2025-07-07 18:30:00+05:30,EA,Eurogroup Meeting,,,,,3.0
2025-07-07 19:30:00+05:30,BR,New Car Registrations MoMJUN,-5.7%,8.1%,,2.3%,3.0
2025-07-07 19:30:00+05:30,CN,Foreign Exchange ReservesJUN,,$3.285T,,$ 3.32T,3.0
2025-07-07 19:30:00+05:30,EA,Eurogroup Meeting,,,,,3.0
2025-07-07 19:30:00+05:30,BR,Car Production MoMJUN,-6.5%,-5.9%,,-1.5%,3.0
2025-07-07 19:30:00+05:30,WL,Global Supply Chain Pressure IndexJUN,0.00,0.30,,,3.0
2025-07-07 19:30:00+05:30,JP,Foreign Exchange ReservesJUN,,$1298.1B,,,3.0
2025-07-07 20:00:00+05:30,BR,BCB Focus Market Readout,,,,,3.0
2025-07-07 20:00:00+05:30,WL,Global Supply Chain Pressure IndexJUN,,0.19,,,3.0
2025-07-07 20:00:00+05:30,US,3-Month Bill Auction,,4.235%,,,3.0
2025-07-07 20:00:00+05:30,CN,Foreign Exchange ReservesJUN,,$3.285T,,$ 3.32T,3.0
2025-07-07 20:00:00+05:30,US,6-Month Bill Auction,,4.110%,,,3.0
2025-07-07 20:00:00+05:30,TR,Treasury Cash BalanceJUN,TRY-455.106B,TRY247.125B,,,3.0
2025-07-07 20:00:00+05:30,JP,Foreign Exchange ReservesJUN,,$1298.1B,,,3.0
2025-07-07 20:00:00+05:30,EA,Eurogroup Meeting,,,,,3.0
2025-07-07 20:00:00+05:30,MX,Foreign Exchange ReservesJUN,,$240B,,$241.0B,3.0
2025-07-07 21:00:00+05:30,ID,Motorbike Sales YoYJUN,,-0.1%,,,3.0
2025-07-07 21:00:00+05:30,CN,Foreign Exchange ReservesJUN,,$3.285T,$3.313T,$3.32T,3.0
2025-07-07 21:00:00+05:30,EA,Eurogroup Meeting,,,,,3.0
2025-07-07 21:00:00+05:30,US,6-Month Bill Auction,4.145%,4.15%,,,3.0
2025-07-07 21:00:00+05:30,MX,Foreign Exchange ReservesJUN,,$240B,,$241.0B,3.0
2025-07-07 21:00:00+05:30,BR,BCB Focus Market Readout,,,,,3.0
2025-07-07 21:00:00+05:30,US,3-Month Bill Auction,4.255%,4.25%,,,3.0
2025-07-07 21:00:00+05:30,WL,Global Supply Chain Pressure IndexJUN,,0.19,,,3.0
2025-07-07 21:00:00+05:30,JP,Foreign Exchange ReservesJUN,$1313.8B,$1298.1B,,,3.0
2025-07-08 02:00:00+05:30,US,Fed Balance SheetJUL/02,$6.66T,$6.67T,,,3.0
2025-07-08 05:20:00+05:30,JP,Bank Lending YoYJUN,2.8%,2.4%,2.3%,2.4%,3.0
2025-07-08 05:20:00+05:30,JP,Current AccountMAY,¥3436.4B,¥2258B,¥2940B,¥3000.0B,2.0
2025-07-08 07:00:00+05:30,AU,NAB Business ConfidenceJUN,5,2,,-5,1.0
2025-07-08 08:30:00+05:30,ID,Consumer ConfidenceJUN,117.8,117.5,,123,3.0
2025-07-08 09:05:00+05:30,JP,5-Year JGB Auction,0.989%,0.982%,,,3.0
2025-07-08 10:00:00+05:30,AU,RBA Interest Rate Decision,3.85%,3.85%,3.60%,3.60%,1.0
2025-07-08 10:30:00+05:30,JP,Eco Watchers Survey CurrentJUN,45.0,44.4,45.2,44.7,3.0
2025-07-08 10:30:00+05:30,JP,Eco Watchers Survey OutlookJUN,45.9,44.8,,45,3.0
2025-07-08 10:30:00+05:30,SG,MAS 12-Week Bill Auction,1.83%,1.88%,,,3.0
2025-07-08 10:30:00+05:30,SG,MAS 4-Week Bill Auction,1.86%,1.91%,,,3.0
2025-07-08 11:00:00+05:30,AU,RBA Press Conference,,,,,2.0
2025-07-08 11:30:00+05:30,DE,Exports MoMMAY,-1.4%,-1.6%,-0.2%,0.0%,2.0
2025-07-08 11:30:00+05:30,DE,Imports MoMMAY,-3.8%,2.1%,-0.9%,-1.2%,3.0
2025-07-08 11:30:00+05:30,DE,Balance of TradeMAY,€18.4B,€15.7B,€15.5B,€16.0B,1.0
2025-07-08 12:15:00+05:30,FR,Current AccountMAY,,€-4.1B,,€-2.2B,3.0
2025-07-08 12:15:00+05:30,FR,Balance of TradeMAY,€-7.8B,€-7.7B,€-7.7B,€-6.1B,2.0
2025-07-08 12:15:00+05:30,FR,ExportsMAY,€48.9B,€49.1B,,€50.9B,3.0
2025-07-08 12:15:00+05:30,FR,ImportsMAY,€56.7B,€56.7B,,€57.0B,3.0
2025-07-08 14:10:00+05:30,ES,3-Month Letras Auction,1.905%,1.873%,,,3.0
2025-07-08 14:10:00+05:30,ES,9-Month Letras Auction,1.905%,1.934%,,,3.0
2025-07-08 14:30:00+05:30,GB,Index-linked Treasury Gilt 2049 Auction,2.360%,,,,3.0
2025-07-08 14:30:00+05:30,SG,Foreign Exchange ReservesJUN,,S$518.1B,,S$510.0B,3.0
2025-07-08 15:00:00+05:30,DE,5-Year Bobl Auction,2.26%,2.40%,,,3.0
2025-07-08 15:30:00+05:30,US,NFIB Business Optimism IndexJUN,98.6,98.8,98.7,99,3.0
2025-07-08 17:30:00+05:30,BR,Retail Sales MoMMAY,-0.2%,-0.3%,0.2%,0.1%,2.0
2025-07-08 17:30:00+05:30,BR,Retail Sales YoYMAY,2.1%,5.3%,2.4%,2.0%,3.0
2025-07-08 18:25:00+05:30,US,Redbook YoYJUL/05,5.9%,4.9%,,,3.0
2025-07-08 18:25:00+05:30,US,Used Car Prices MoMJUN,,-1.4%,,,3.0
2025-07-08 18:25:00+05:30,US,Used Car Prices YoYJUN,,4%,,,3.0
2025-07-08 18:45:00+05:30,US,Used Car Prices YoYJUN,6.3%,4%,,,3.0
2025-07-08 18:45:00+05:30,US,Used Car Prices MoMJUN,1.6%,-1.4%,,,3.0
2025-07-08 19:30:00+05:30,CA,Ivey PMI s.aJUN,53.3,48.9,49.1,49,1.0
2025-07-08 19:30:00+05:30,US,Used Car Prices YoYJUN,,4%,,,1.0
2025-07-08 19:30:00+05:30,US,Used Car Prices MoMJUN,,-1.4%,,,1.0
2025-07-08 20:30:00+05:30,US,Consumer Inflation ExpectationsJUN,3%,3.2%,,3.2%,3.0
2025-07-08 20:30:00+05:30,US,Used Car Prices YoYJUN,,4%,,,3.0
2025-07-08 20:30:00+05:30,US,Used Car Prices MoMJUN,,-1.4%,,,3.0
2025-07-08 21:00:00+05:30,US,Used Car Prices MoMJUN,,-1.4%,,,3.0
2025-07-08 21:00:00+05:30,US,52-Week Bill Auction,3.925%,3.94%,,,3.0
2025-07-08 21:00:00+05:30,US,Used Car Prices YoYJUN,,4%,,,3.0
2025-07-08 22:30:00+05:30,US,3-Year Note Auction,3.891%,3.972%,,,3.0
2025-07-08 22:30:00+05:30,SG,MAS 12-Week Bill Auction,,1.88%,,,3.0
2025-07-08 22:30:00+05:30,MX,Foreign Exchange ReservesJUN,$241.7B,$240B,,$241.0B,3.0
2025-07-08 22:30:00+05:30,US,Used Car Prices MoMJUN,,-1.4%,,,3.0
2025-07-08 22:30:00+05:30,SG,MAS 4-Week Bill Auction,,1.91%,,,3.0
2025-07-08 22:30:00+05:30,US,Used Car Prices YoYJUN,,4%,,,3.0
2025-07-09 00:30:00+05:30,US,Consumer Credit ChangeMAY,$5.1B,$16.87B,$11B,$12.1B,3.0
2025-07-09 00:30:00+05:30,AR,Industrial Production YoYMAY,5.8%,8.7%,,10.0%,3.0
2025-07-09 02:00:00+05:30,US,API Crude Oil Stock ChangeJUL/04,7.1M,0.680M,-2.8M,,2.0
2025-07-09 04:30:00+05:30,AU,RBA Hauser Speech,,,,,3.0
2025-07-09 06:00:00+05:30,AU,Westpac Consumer Confidence IndexJUL,,92.6,,91,2.0
2025-07-09 06:00:00+05:30,AU,Westpac Consumer Confidence ChangeJUL,,0.5%,,,1.0
2025-07-09 07:00:00+05:30,AU,Private House Approvals MoM FinalMAY,0.5%,5.9%,0.5%,0.5%,3.0
2025-07-09 07:00:00+05:30,AU,RBA Chart Pack,,,,,3.0
2025-07-09 07:00:00+05:30,CN,Inflation Rate YoYJUN,0.1%,-0.1%,0.0%,0.1%,1.0
2025-07-09 07:00:00+05:30,CN,Inflation Rate MoMJUN,-0.1%,-0.2%,0%,0.0%,2.0
2025-07-09 07:00:00+05:30,CN,PPI YoYJUN,-3.6%,-3.3%,-3.2%,-3.0%,2.0
2025-07-09 07:00:00+05:30,AU,Building Permits MoM FinalMAY,3.2%,-4.1%,3.2%,3.2%,3.0
2025-07-09 08:30:00+05:30,ID,Retail Sales YoYMAY,1.9%,-0.3%,,0.3%,3.0
2025-07-09 09:05:00+05:30,JP,6-Month Bill Auction,0.4283%,0.4938%,,,3.0
2025-07-09 11:00:00+05:30,AU,RBA Hunter Speech,,,,,3.0
2025-07-09 11:00:00+05:30,ID,Car Sales YoYJUN,,-15.1%,,,3.0
2025-07-09 11:30:00+05:30,JP,Machine Tool Orders YoYJUN,-0.5%,3.4%,3.4%,3.5%,3.0
2025-07-09 11:45:00+05:30,ID,Car Sales YoYJUN,-22.6%,-16.1%,,,3.0
2025-07-09 12:00:00+05:30,ID,Car Sales YoYJUN,,-15.1%,,,3.0
2025-07-09 12:00:00+05:30,JP,Machine Tool Orders YoYJUN,,3.4%,3.4%,,3.0
2025-07-09 14:30:00+05:30,GB,Treasury Gilt 2035 Auction,4.635%,4.588%,,,3.0
2025-07-09 14:30:00+05:30,ID,Car Sales YoYJUN,,-15.1%,,,3.0
2025-07-09 15:00:00+05:30,ID,Car Sales YoYJUN,,-15.1%,,,3.0
2025-07-09 15:00:00+05:30,GB,BoE Financial Stability Report,,,,,3.0
2025-07-09 15:00:00+05:30,DE,15-Year Bund Auction,3.04%,2.85%,,,3.0
2025-07-09 16:15:00+05:30,EA,ECB Lane Speech,,,,,3.0
2025-07-09 16:30:00+05:30,EA,ECB Guindos Speech,,,,,3.0
2025-07-09 16:30:00+05:30,US,MBA 30-Year Mortgage RateJUL/04,6.77%,6.79%,,,2.0
2025-07-09 16:30:00+05:30,US,MBA Mortgage ApplicationsJUL/04,9.4%,2.7%,,,3.0
2025-07-09 16:30:00+05:30,US,MBA Mortgage Market IndexJUL/04,281.6,257.5,,,3.0
2025-07-09 16:30:00+05:30,US,MBA Purchase IndexJUL/04,180.9,165.3,,,3.0
2025-07-09 16:30:00+05:30,US,MBA Mortgage Refinance IndexJUL/04,829.3,759.7,,,3.0
2025-07-09 16:30:00+05:30,ID,Car Sales YoYJUN,,-15.1%,,,3.0
2025-07-09 17:00:00+05:30,IN,M3 Money Supply YoYJUN/27,,9.8%,,,3.0
2025-07-09 17:30:00+05:30,MX,Core Inflation Rate YoYJUN,4.24%,4.06%,4.22%,4.2%,3.0
2025-07-09 17:30:00+05:30,MX,Core Inflation Rate MoMJUN,0.39%,0.3%,0.38%,0.3%,3.0
2025-07-09 17:30:00+05:30,MX,Inflation Rate YoYJUN,4.32%,4.42%,4.31%,4.3%,2.0
2025-07-09 17:30:00+05:30,MX,Inflation Rate MoMJUN,0.28%,0.28%,0.27%,0.3%,2.0
2025-07-09 17:30:00+05:30,ID,Car Sales YoYJUN,,-15.1%,,,3.0
2025-07-09 19:30:00+05:30,ID,Car Sales YoYJUN,,-15.1%,,,3.0
2025-07-09 19:30:00+05:30,US,Wholesale Inventories MoMMAY,-0.3%,0.1%,-0.3%,-0.3%,3.0
2025-07-09 20:00:00+05:30,US,EIA Distillate Fuel Production ChangeJUL/04,0.059M,0.245M,,,3.0
2025-07-09 20:00:00+05:30,US,EIA Cushing Crude Oil Stocks ChangeJUL/04,0.464M,-1.493M,,,3.0
2025-07-09 20:00:00+05:30,US,EIA Crude Oil Imports ChangeJUL/04,-1.358M,2.94M,,,3.0
2025-07-09 20:00:00+05:30,US,EIA Gasoline Stocks ChangeJUL/04,-2.658M,4.188M,-1.7M,,2.0
2025-07-09 20:00:00+05:30,US,EIA Crude Oil Stocks ChangeJUL/04,7.07M,3.845M,-2M,,2.0
2025-07-09 20:00:00+05:30,US,EIA Refinery Crude Runs ChangeJUL/04,-0.099M,0.118M,,,3.0
2025-07-09 20:00:00+05:30,US,EIA Heating Oil Stocks ChangeJUL/04,0.603M,-0.202M,,,3.0
2025-07-09 20:00:00+05:30,ID,Car Sales YoYJUN,,-15.1%,,,3.0
2025-07-09 20:00:00+05:30,US,NY Fed Treasury Purchases Bill 0 to 1 yrs,,,$75 million,,3.0
2025-07-09 20:00:00+05:30,US,EIA Distillate Stocks ChangeJUL/04,-0.825M,-1.71M,-0.3M,,3.0
2025-07-09 20:00:00+05:30,US,EIA Gasoline Production ChangeJUL/04,0.278M,-0.491M,,,3.0
2025-07-09 21:00:00+05:30,US,17-Week Bill Auction,,4.185%,,,3.0
2025-07-09 21:30:00+05:30,ID,Car Sales YoYJUN,,-15.1%,,,3.0
2025-07-09 21:30:00+05:30,CA,2-Year Bond Auction,,2.646%,,,3.0
2025-07-09 22:30:00+05:30,ID,Car Sales YoYJUN,,-15.1%,,,3.0
2025-07-09 22:30:00+05:30,US,10-Year Note Auction,,4.421%,,,3.0
2025-07-09 23:30:00+05:30,ID,Motorbike Sales YoYJUN,,-0.1%,,,1.0
2025-07-09 23:30:00+05:30,ID,Car Sales YoYJUN,,-15.1%,,,1.0
2025-07-09 23:30:00+05:30,US,FOMC Minutes,,,,,1.0
2025-07-10 04:31:00+05:30,GB,RICS House Price BalanceJUN,,-8%,-8%,-10.0%,2.0
2025-07-10 05:20:00+05:30,JP,Stock Investment by ForeignersJUL/05,,¥651.3B,,,3.0
2025-07-10 05:20:00+05:30,JP,PPI YoYJUN,,3.2%,2.9%,3.0%,3.0
2025-07-10 05:20:00+05:30,JP,Foreign Bond InvestmentJUL/05,,¥182.8B,,,3.0
2025-07-10 05:20:00+05:30,JP,PPI MoMJUN,,-0.2%,-0.2%,0%,3.0
2025-07-10 06:30:00+05:30,ID,Motorbike Sales YoYJUN,,-0.1%,,,2.0
2025-07-10 06:30:00+05:30,KR,Interest Rate Decision,,2.5%,2.5%,2.5%,2.0
2025-07-10 09:05:00+05:30,SA,Industrial Production YoYMAY,,3.1%,,2.5%,3.0
2025-07-10 09:05:00+05:30,ID,Motorbike Sales YoYJUN,,-0.1%,,,3.0
2025-07-10 09:05:00+05:30,JP,20-Year JGB Auction,,2.364%,,,3.0
2025-07-10 11:30:00+05:30,DE,Harmonised Inflation Rate MoM FinalJUN,,0.2%,0.1%,0.1%,3.0
2025-07-10 11:30:00+05:30,DE,Harmonised Inflation Rate YoY FinalJUN,,2.1%,2%,2.0%,3.0
2025-07-10 11:30:00+05:30,DE,Inflation Rate MoM FinalJUN,,0.1%,0.0%,0.0%,3.0
2025-07-10 11:30:00+05:30,DE,Inflation Rate YoY FinalJUN,,2.1%,2%,2.0%,3.0
2025-07-10 12:15:00+05:30,FR,Current AccountMAY,,€-4.1B,,€-2.2B,3.0
2025-07-10 12:30:00+05:30,ID,Motorbike Sales YoYJUN,,-0.1%,,,3.0
2025-07-10 12:30:00+05:30,SA,Industrial Production YoYMAY,,3.1%,,2.5%,3.0
2025-07-10 12:30:00+05:30,EA,ECB Cipollone Speech,,,,,3.0
2025-07-10 12:30:00+05:30,TR,Industrial Production YoYMAY,,3.3%,,2.0%,2.0
2025-07-10 12:30:00+05:30,TR,Industrial Production MoMMAY,,-3.1%,,-1.5%,3.0
2025-07-10 13:30:00+05:30,IT,Industrial Production YoYMAY,,0.3%,0.2%,0.4%,3.0
2025-07-10 13:30:00+05:30,SA,Industrial Production YoYMAY,,3.1%,,2.5%,3.0
2025-07-10 13:30:00+05:30,ID,Motorbike Sales YoYJUN,,-0.1%,,,3.0
2025-07-10 13:30:00+05:30,IT,Industrial Production MoMMAY,,1%,0%,0.2%,2.0
2025-07-10 14:40:00+05:30,IT,12-Month BOT Auction,,1.983%,,,3.0
2025-07-10 14:40:00+05:30,ID,Motorbike Sales YoYJUN,,-0.1%,,,3.0
2025-07-10 14:40:00+05:30,SA,Industrial Production YoYMAY,,3.1%,,2.5%,3.0
2025-07-10 16:30:00+05:30,SA,Industrial Production YoYMAY,,3.1%,,2.5%,3.0
2025-07-10 16:30:00+05:30,ZA,Manufacturing Production MoMMAY,,1.9%,,1.5%,3.0
2025-07-10 16:30:00+05:30,ZA,Manufacturing Production YoYMAY,,-6.3%,,-3.0%,3.0
2025-07-10 16:30:00+05:30,ID,Motorbike Sales YoYJUN,,-0.1%,,,3.0
2025-07-10 17:00:00+05:30,IN,M3 Money Supply YoYJUN/27,,9.8%,,,3.0
2025-07-10 17:00:00+05:30,TR,Foreign Exchange ReservesJUL/04,,$71.1B,,,3.0
2025-07-10 17:30:00+05:30,BR,Inflation Rate MoMJUN,,0.26%,0.20%,0.1%,2.0
2025-07-10 17:30:00+05:30,BR,Inflation Rate YoYJUN,,5.32%,5.32%,5.2%,2.0
2025-07-10 18:00:00+05:30,US,Initial Jobless ClaimsJUL/05,,233K,235K,245.0K,2.0
2025-07-10 18:00:00+05:30,SA,Industrial Production YoYMAY,,3.1%,,2.5%,3.0
2025-07-10 18:00:00+05:30,US,Jobless Claims 4-week AverageJUL/05,,241.5K,,243.0K,3.0
2025-07-10 18:00:00+05:30,ID,Motorbike Sales YoYJUN,,-0.1%,,,3.0
2025-07-10 18:00:00+05:30,US,Continuing Jobless ClaimsJUN/28,,1964K,1980K,1967.0K,3.0
2025-07-10 19:30:00+05:30,US,Fed Musalem Speech,,,,,2.0
2025-07-10 20:00:00+05:30,US,EIA Natural Gas Stocks ChangeJUL/04,,55Bcf,56Bcf,,3.0
2025-07-10 20:30:00+05:30,MX,Monetary Policy Meeting Minutes,,,,,3.0
2025-07-10 20:30:00+05:30,ID,Motorbike Sales YoYJUN,,-0.1%,,,3.0
2025-07-10 20:30:00+05:30,SA,Industrial Production YoYMAY,,3.1%,,2.5%,3.0
2025-07-10 21:00:00+05:30,US,4-Week Bill Auction,,4.240%,,,3.0
2025-07-10 21:00:00+05:30,US,8-Week Bill Auction,,4.300%,,,3.0
2025-07-10 21:30:00+05:30,ID,Motorbike Sales YoYJUN,,-0.1%,,,3.0
2025-07-10 21:30:00+05:30,US,30-Year Mortgage RateJUL/10,,6.67%,,,3.0
2025-07-10 21:30:00+05:30,US,15-Year Mortgage RateJUL/10,,5.8%,,,3.0
2025-07-10 21:30:00+05:30,CA,5-Year Bond Auction,,2.907%,,,3.0
2025-07-10 21:30:00+05:30,SA,Industrial Production YoYMAY,,3.1%,,2.5%,3.0
2025-07-10 22:30:00+05:30,US,30-Year Bond Auction,,4.844%,,,3.0
2025-07-10 22:30:00+05:30,SA,Industrial Production YoYMAY,,3.1%,,2.5%,3.0
2025-07-10 22:30:00+05:30,ID,Motorbike Sales YoYJUN,,-0.1%,,,3.0
2025-07-10 22:45:00+05:30,US,Fed Waller Speech,,,,,2.0
2025-07-10 23:00:00+05:30,SA,Industrial Production YoYMAY,,3.1%,,2.5%,3.0
2025-07-10 23:00:00+05:30,ID,Motorbike Sales YoYJUN,,-0.1%,,,3.0
2025-07-10 23:00:00+05:30,GB,BOE Breeden Speech,,,,,3.0
2025-07-10 23:00:00+05:30,ID,Car Sales YoYJUN,,-15.1%,,,3.0
2025-07-11 00:00:00+05:30,US,Fed Daly Speech,,,,,2.0
2025-07-11 02:00:00+05:30,US,Fed Balance SheetJUL/09,,$6.66T,,,3.0
2025-07-11 05:30:00+05:30,SG,GDP Growth Rate QoQ AdvQ2,,-0.6%,0.9%,0.9%,2.0
2025-07-11 05:30:00+05:30,SG,GDP Growth Rate YoY AdvQ2,,3.9%,3.6%,3.5%,3.0
2025-07-11 06:30:00+05:30,AU,Consumer Inflation ExpectationsJUL,,5%,,,3.0
2025-07-11 09:05:00+05:30,JP,BoJ JGB Purchases,,,,,3.0
2025-07-11 09:05:00+05:30,JP,3-Month Bill Auction,,0.4264%,,,3.0
2025-07-11 10:30:00+05:30,KR,50-Year KTB Auction,,2.645%,,,3.0
2025-07-11 11:30:00+05:30,GB,Goods Trade BalanceMAY,,£-23.21B,£-21.5B,£-21.5B,2.0
2025-07-11 11:30:00+05:30,GB,Industrial Production YoYMAY,,-0.3%,0.1%,0.3%,3.0
2025-07-11 11:30:00+05:30,GB,GDP YoYMAY,,0.9%,0.7%,0.5%,3.0
2025-07-11 11:30:00+05:30,GB,Balance of TradeMAY,,£-7.026B,,£-6.0B,3.0
2025-07-11 11:30:00+05:30,GB,Manufacturing Production MoMMAY,,-0.9%,-0.1%,0.1%,2.0
2025-07-11 11:30:00+05:30,GB,Industrial Production MoMMAY,,-0.6%,0%,0.2%,2.0
2025-07-11 11:30:00+05:30,GB,Goods Trade Balance Non-EUMAY,,£-8.65B,,£-8.0B,2.0
2025-07-11 11:30:00+05:30,GB,GDP 3-Month AvgMAY,,0.7%,0.4%,0.4%,2.0
2025-07-11 11:30:00+05:30,DE,Wholesale Prices YoYJUN,,0.4%,,0.1%,2.0
2025-07-11 11:30:00+05:30,DE,Wholesale Prices MoMJUN,,-0.3%,,-0.6%,2.0
2025-07-11 11:30:00+05:30,GB,Manufacturing Production YoYMAY,,0.4%,0.4%,0.3%,3.0
2025-07-11 11:30:00+05:30,GB,GDP MoMMAY,,-0.3%,0.1%,0.1%,1.0
2025-07-11 11:30:00+05:30,GB,Construction Output YoYMAY,,3.3%,1.7%,2.7%,3.0
2025-07-11 11:30:00+05:30,DE,Inflation Rate MoM FinalJUN,,0.1%,0.0%,0.0%,3.0
2025-07-11 11:30:00+05:30,DE,Harmonised Inflation Rate YoY FinalJUN,,2.1%,2%,2.0%,3.0
2025-07-11 11:30:00+05:30,DE,Harmonised Inflation Rate MoM FinalJUN,,0.2%,0.1%,0.1%,3.0
2025-07-11 11:30:00+05:30,DE,Inflation Rate YoY FinalJUN,,2.1%,2%,2.0%,3.0
2025-07-11 12:15:00+05:30,FR,Harmonised Inflation Rate MoM FinalJUN,,-0.2%,0.4%,0.4%,3.0
2025-07-11 12:15:00+05:30,FR,Harmonised Inflation Rate YoY FinalJUN,,0.6%,0.8%,0.8%,3.0
2025-07-11 12:15:00+05:30,FR,Inflation Rate MoM FinalJUN,,-0.1%,0.3%,0.3%,3.0
2025-07-11 12:15:00+05:30,FR,Inflation Rate YoY FinalJUN,,0.7%,0.9%,0.9%,3.0
2025-07-11 12:30:00+05:30,CN,Vehicle Sales YoYJUN,,11.2%,,10.9%,3.0
2025-07-11 12:30:00+05:30,TR,Auto Sales YoYJUN,,7.4%,,,3.0
2025-07-11 12:30:00+05:30,TR,Current AccountMAY,,$-7.864B,$-0.8B,$-1.0B,3.0
2025-07-11 12:30:00+05:30,TR,Retail Sales MoMMAY,,2.8%,,0.3%,3.0
2025-07-11 12:30:00+05:30,TR,Retail Sales YoYMAY,,11.5%,,7.5%,3.0
2025-07-11 12:30:00+05:30,TR,Auto Production YoYJUN,,1.7%,,,3.0
2025-07-11 13:30:00+05:30,TR,Auto Sales YoYJUN,,7.4%,,,2.0
2025-07-11 13:30:00+05:30,FR,IEA Oil Market Report,,,,,2.0
2025-07-11 13:30:00+05:30,CN,Vehicle Sales YoYJUN,,11.2%,,10.9%,2.0
2025-07-11 13:30:00+05:30,TR,Auto Production YoYJUN,,1.7%,,,2.0
2025-07-11 14:40:00+05:30,CN,Vehicle Sales YoYJUN,,11.2%,,10.9%,3.0
2025-07-11 14:40:00+05:30,TR,Auto Production YoYJUN,,1.7%,,,3.0
2025-07-11 14:40:00+05:30,IT,BTP Auction,,,,,3.0
2025-07-11 14:40:00+05:30,IT,7-Year BTP Auction,,3.02%,,,3.0
2025-07-11 14:40:00+05:30,IT,3-Year BTP Auction,,2.24%,,,3.0
2025-07-11 14:40:00+05:30,IT,15-Year BTP Auction,,4.06%,,,3.0
2025-07-11 14:40:00+05:30,TR,Auto Sales YoYJUN,,7.4%,,,3.0
2025-07-11 17:00:00+05:30,IN,Foreign Exchange ReservesJUL/04,,$702.78B,,$ 705.0B,3.0
2025-07-11 17:00:00+05:30,EA,ECB Cipollone Speech,,,,,3.0
2025-07-11 17:30:00+05:30,GB,NIESR Monthly GDP TrackerJUN,,0.4%,,0.3%,3.0
2025-07-11 17:30:00+05:30,MX,Industrial Production YoYMAY,,-4%,-1.9%,-1.0%,3.0
2025-07-11 17:30:00+05:30,MX,Industrial Production MoMMAY,,0.1%,-0.1%,0.1%,3.0
2025-07-11 18:00:00+05:30,CA,Average Hourly Wages YoYJUN,,3.5%,,3.5%,3.0
2025-07-11 18:00:00+05:30,CA,Building Permits MoMMAY,,-6.6%,-0.8%,0.9%,3.0
2025-07-11 18:00:00+05:30,CA,Part Time Employment ChgJUN,,-48.8K,,21.0K,2.0
2025-07-11 18:00:00+05:30,CA,Employment ChangeJUN,,8.8K,0K,10K,2.0
2025-07-11 18:00:00+05:30,CN,Vehicle Sales YoYJUN,,11.2%,,10.9%,3.0
2025-07-11 18:00:00+05:30,CA,Full Time Employment ChgJUN,,57.7K,,-11.0K,2.0
2025-07-11 18:00:00+05:30,CA,Unemployment RateJUN,,7.0%,7.1%,7.0%,1.0
2025-07-11 18:00:00+05:30,CA,Participation RateJUN,,65.3%,,65.5%,2.0
2025-07-11 18:00:00+05:30,TR,Auto Sales YoYJUN,,7.4%,,,3.0
2025-07-11 18:00:00+05:30,TR,Auto Production YoYJUN,,1.7%,,,3.0
2025-07-11 18:15:00+05:30,DE,Current AccountMAY,,€23.5B,,€24.4B,3.0
2025-07-11 18:30:00+05:30,CN,Vehicle Sales YoYJUN,,11.2%,,10.9%,3.0
2025-07-11 18:30:00+05:30,RU,Current AccountQ2,,$19.8B,,$ 15B,3.0
2025-07-11 18:30:00+05:30,RU,Balance of TradeMAY,,$9.04B,,$10.5B,3.0
2025-07-11 18:30:00+05:30,TR,Auto Sales YoYJUN,,7.4%,,,3.0
2025-07-11 18:30:00+05:30,TR,Auto Production YoYJUN,,1.7%,,,3.0
2025-07-11 19:30:00+05:30,BR,Business ConfidenceJUL,,48.6,,48.5,2.0
2025-07-11 19:30:00+05:30,TR,Auto Production YoYJUN,,1.7%,,,2.0
2025-07-11 19:30:00+05:30,TR,Auto Sales YoYJUN,,7.4%,,,2.0
2025-07-11 19:30:00+05:30,CN,Vehicle Sales YoYJUN,,11.2%,,10.9%,2.0
2025-07-11 21:30:00+05:30,RU,Inflation Rate MoMJUN,,0.4%,,0.2%,2.0
2025-07-11 21:30:00+05:30,RU,Inflation Rate YoYJUN,,9.9%,,9.5%,2.0
2025-07-11 21:30:00+05:30,CN,Vehicle Sales YoYJUN,,11.2%,,10.9%,3.0
2025-07-11 21:30:00+05:30,TR,Auto Sales YoYJUN,,7.4%,,,3.0
2025-07-11 21:30:00+05:30,TR,Auto Production YoYJUN,,1.7%,,,3.0
2025-07-11 21:30:00+05:30,US,WASDE Report,,,,,3.0
2025-07-11 22:30:00+05:30,TR,Auto Sales YoYJUN,,7.4%,,,3.0
2025-07-11 22:30:00+05:30,TR,Auto Production YoYJUN,,1.7%,,,3.0
2025-07-11 22:30:00+05:30,CN,Vehicle Sales YoYJUN,,11.2%,,10.9%,3.0
2025-07-11 22:30:00+05:30,US,Baker Hughes Total Rigs CountJUL/11,,539,,,3.0
2025-07-11 22:30:00+05:30,US,Baker Hughes Oil Rig CountJUL/11,,425,,,3.0
2025-07-11 23:30:00+05:30,CN,Vehicle Sales YoYJUN,,11.2%,,10.9%,2.0
2025-07-11 23:30:00+05:30,TR,Auto Production YoYJUN,,1.7%,,2.0%,2.0
2025-07-11 23:30:00+05:30,TR,Auto Sales YoYJUN,,7.4%,,11.0%,2.0
2025-07-11 23:30:00+05:30,US,Monthly Budget StatementJUN,,$-316B,$-11B,$-350.0B,2.0
2025-07-12 08:30:00+05:30,CN,Balance of TradeJUN,,$103.22B,,$ 100B,1.0
2025-07-12 08:30:00+05:30,CN,Exports YoYJUN,,4.8%,,5.5%,1.0
2025-07-12 08:30:00+05:30,CN,Imports YoYJUN,,-3.4%,,2.5%,1.0
2025-07-14 05:20:00+05:30,JP,Machinery Orders MoMMAY,,-9.1%,,5.0%,2.0
2025-07-14 05:20:00+05:30,JP,Machinery Orders YoYMAY,,6.6%,,2.2%,2.0
2025-07-14 05:30:00+05:30,SG,GDP Growth Rate QoQ AdvQ2,,-0.6%,0.9%,0.9%,2.0
2025-07-14 05:30:00+05:30,SG,GDP Growth Rate YoY AdvQ2,,3.9%,3.6%,3.5%,3.0
2025-07-14 10:00:00+05:30,JP,Tertiary Industry Index MoMMAY,,0.3%,,,3.0
2025-07-14 10:00:00+05:30,JP,Industrial Production MoM FinalMAY,,-1.1%,,,3.0
2025-07-14 10:00:00+05:30,JP,Industrial Production YoY FinalMAY,,0.5%,,-1.8%,3.0
2025-07-14 10:00:00+05:30,JP,Capacity Utilization MoMMAY,,1.3%,,,3.0
2025-07-14 10:30:00+05:30,KR,10-Year KTB Auction,,2.885%,,,3.0
2025-07-14 12:00:00+05:30,CN,New Yuan LoansJUN,,CNY620B,,CNY 2450B,3.0
2025-07-14 12:00:00+05:30,CN,Outstanding Loan Growth YoYJUN,,7.1%,,7.8%,3.0
2025-07-14 12:00:00+05:30,CN,Total Social FinancingJUN,,CNY2290B,,CNY 4540B,3.0
2025-07-14 12:00:00+05:30,IN,WPI Food Index YoYJUN,,1.72%,,1.6%,3.0
2025-07-14 12:00:00+05:30,IN,WPI Fuel YoYJUN,,-2.27%,,-2.0%,3.0
2025-07-14 12:00:00+05:30,IN,WPI Inflation YoYJUN,,0.39%,,0.9%,3.0
2025-07-14 12:00:00+05:30,IN,WPI Manufacturing YoYJUN,,2.04%,,1.8%,3.0
2025-07-14 12:00:00+05:30,CN,M2 Money Supply YoYJUN,,7.9%,,7.9%,3.0
2025-07-14 15:00:00+05:30,DE,12-Month Bubill Auction,,1.808%,,,3.0
2025-07-14 15:15:00+05:30,CN,M2 Money Supply YoYJUN,,7.9%,,7.9%,3.0
2025-07-14 15:15:00+05:30,CN,New Yuan LoansJUN,,CNY620B,,CNY 2450B,3.0
2025-07-14 15:15:00+05:30,CN,Total Social FinancingJUN,,CNY2290B,,CNY 4540B,3.0
2025-07-14 15:15:00+05:30,EU,EU Bond Auction,,,,,3.0
2025-07-14 15:15:00+05:30,CN,Outstanding Loan Growth YoYJUN,,7.1%,,7.8%,3.0
2025-07-14 16:00:00+05:30,CN,New Yuan LoansJUN,,CNY620B,,CNY 2450B,3.0
2025-07-14 16:00:00+05:30,CN,M2 Money Supply YoYJUN,,7.9%,,7.9%,3.0
2025-07-14 16:00:00+05:30,CN,Outstanding Loan Growth YoYJUN,,7.1%,,7.8%,3.0
2025-07-14 16:00:00+05:30,IN,Inflation Rate YoYJUN,,2.82%,,2.5%,2.0
2025-07-14 16:00:00+05:30,IN,Inflation Rate MoMJUN,,0.21%,,1.0%,3.0
2025-07-14 16:00:00+05:30,CN,Total Social FinancingJUN,,CNY2290B,,CNY 4540B,3.0
2025-07-14 17:30:00+05:30,CN,New Yuan LoansJUN,,CNY620B,,CNY 2450B,3.0
2025-07-14 17:30:00+05:30,CN,M2 Money Supply YoYJUN,,7.9%,,7.9%,3.0
2025-07-14 17:30:00+05:30,CN,Total Social FinancingJUN,,CNY2290B,,CNY 4540B,3.0
2025-07-14 17:30:00+05:30,BR,IBC-BR Economic ActivityMAY,,0.2%,,0.1%,3.0
2025-07-14 17:30:00+05:30,CN,Outstanding Loan Growth YoYJUN,,7.1%,,7.8%,3.0
2025-07-14 18:00:00+05:30,CA,Wholesale Sales MoM FinalMAY,,-2.3%,-0.4%,-0.4%,3.0
2025-07-14 18:30:00+05:30,FR,3-Month BTF Auction,,1.924%,,,3.0
2025-07-14 18:30:00+05:30,FR,12-Month BTF Auction,,1.892%,,,3.0
2025-07-14 18:30:00+05:30,FR,6-Month BTF Auction,,1.903%,,,3.0
2025-07-14 18:30:00+05:30,CN,M2 Money Supply YoYJUN,,7.9%,8.3%,7.9%,3.0
2025-07-14 18:30:00+05:30,CN,Total Social FinancingJUN,,CNY2290B,,CNY 4540B,3.0
2025-07-14 18:30:00+05:30,CN,Outstanding Loan Growth YoYJUN,,7.1%,,7.8%,3.0
2025-07-14 18:30:00+05:30,CN,New Yuan LoansJUN,,CNY620B,CNY 2063.6B,CNY 2150B,3.0
2025-07-14 21:00:00+05:30,CN,Outstanding Loan Growth YoYJUN,,7.1%,,7.8%,3.0
2025-07-14 21:00:00+05:30,US,3-Month Bill Auction,,4.255%,,,3.0
2025-07-14 21:00:00+05:30,US,6-Month Bill Auction,,4.145%,,,3.0
2025-07-14 21:00:00+05:30,CN,New Yuan LoansJUN,,CNY620B,CNY1800B,CNY 2150B,3.0
2025-07-14 21:00:00+05:30,CN,M2 Money Supply YoYJUN,,7.9%,8.1%,7.9%,3.0
2025-07-14 21:00:00+05:30,BR,BCB Focus Market Readout,,,,,3.0
2025-07-14 21:00:00+05:30,CN,Total Social FinancingJUN,,CNY2290B,CNY3650B,CNY 4540B,3.0
2025-07-15 00:30:00+05:30,AR,Inflation Rate MoMJUN,,1.5%,,2.5%,3.0
2025-07-15 00:30:00+05:30,AR,Inflation Rate YoYJUN,,43.5%,,30.0%,3.0
2025-07-15 04:31:00+05:30,GB,BRC Retail Sales Monitor YoYJUN,,0.6%,,1.1%,2.0
2025-07-15 06:00:00+05:30,IN,Passenger Vehicles Sales YoYJUN,,0.8%,,,2.0
2025-07-15 06:00:00+05:30,AU,Westpac Consumer Confidence ChangeJUL,,0.5%,,,1.0
2025-07-15 06:00:00+05:30,AU,Westpac Consumer Confidence IndexJUL,,92.6,,91,2.0
2025-07-15 07:00:00+05:30,CN,House Price Index YoYJUN,,-3.5%,,-3.6%,2.0
2025-07-15 07:30:00+05:30,CN,Unemployment RateJUN,,5%,,5.10%,3.0
2025-07-15 07:30:00+05:30,CN,GDP Growth Rate QoQQ2,,1.2%,,0.4%,2.0
2025-07-15 07:30:00+05:30,CN,Fixed Asset Investment (YTD) YoYJUN,,3.7%,,4.5%,2.0
2025-07-15 07:30:00+05:30,IN,Passenger Vehicles Sales YoYJUN,,0.8%,,,3.0
2025-07-15 07:30:00+05:30,CN,Industrial Production YoYJUN,,5.8%,,5.3%,1.0
2025-07-15 07:30:00+05:30,CN,GDP Growth Rate YoYQ2,,5.4%,,4.1%,1.0
2025-07-15 07:30:00+05:30,CN,Retail Sales YoYJUN,,6.4%,,4.6%,1.0
2025-07-15 07:30:00+05:30,CN,Industrial Capacity UtilizationQ2,,74.1%,,74.4%,3.0
2025-07-15 09:05:00+05:30,IN,Passenger Vehicles Sales YoYJUN,,0.8%,,,3.0
2025-07-15 09:05:00+05:30,JP,5-Year Climate Transition JGB Auction,,0.888%,,,3.0
2025-07-15 09:30:00+05:30,ID,Balance of TradeJUN,,$4.3B,,$ 2.6B,2.0
2025-07-15 09:30:00+05:30,ID,Exports YoYJUN,,9.68%,,,3.0
2025-07-15 09:30:00+05:30,ID,Imports YoYJUN,,4.14%,,,3.0
2025-07-15 09:30:00+05:30,IN,Passenger Vehicles Sales YoYJUN,,0.8%,,,3.0
2025-07-15 10:30:00+05:30,SG,MAS 4-Week Bill Auction,,1.86%,,,3.0
2025-07-15 10:30:00+05:30,SA,Inflation Rate MoMJUN,,0.1%,,,3.0
2025-07-15 10:30:00+05:30,SG,MAS 12-Week Bill Auction,,1.83%,,,3.0
2025-07-15 10:30:00+05:30,SA,Wholesale Prices YoYJUN,,2.0%,,1.8%,3.0
2025-07-15 10:30:00+05:30,IN,Passenger Vehicles Sales YoYJUN,,0.8%,,,3.0
2025-07-15 10:30:00+05:30,SA,Inflation Rate YoYJUN,,2.2%,,2.3%,3.0
2025-07-15 12:30:00+05:30,ES,Inflation Rate YoY FinalJUN,,2%,2.2%,2.2%,3.0
2025-07-15 12:30:00+05:30,ES,Inflation Rate MoM FinalJUN,,0.1%,0.6%,0.6%,3.0
2025-07-15 12:30:00+05:30,ES,Harmonised Inflation Rate YoY FinalJUN,,2%,2.2%,2.2%,3.0
2025-07-15 12:30:00+05:30,ES,Harmonised Inflation Rate MoM FinalJUN,,0%,0.6%,0.6%,3.0
2025-07-15 12:30:00+05:30,ES,Core Inflation Rate YoY FinalJUN,,2.2%,2.2%,2.2%,3.0
2025-07-15 12:30:00+05:30,TR,Budget BalanceJUN,,TRY235.2B,,,3.0
2025-07-15 12:30:00+05:30,IN,Passenger Vehicles Sales YoYJUN,,0.8%,,,3.0
2025-07-15 12:30:00+05:30,SA,Inflation Rate MoMJUN,,0.1%,,,3.0
2025-07-15 12:30:00+05:30,SA,Inflation Rate YoYJUN,,2.2%,,2.3%,3.0
2025-07-15 12:30:00+05:30,SA,Wholesale Prices YoYJUN,,2.0%,,1.8%,3.0
2025-07-15 14:30:00+05:30,DE,ZEW Current ConditionsJUL,,-72,,-71,3.0
2025-07-15 14:30:00+05:30,DE,ZEW Economic Sentiment IndexJUL,,47.5,,45.1,1.0
2025-07-15 14:30:00+05:30,EA,Industrial Production YoYMAY,,0.8%,,1.0%,3.0
2025-07-15 14:30:00+05:30,EA,ZEW Economic Sentiment IndexJUL,,35.3,,30,2.0
2025-07-15 14:30:00+05:30,EA,Industrial Production MoMMAY,,-2.4%,,0.8%,2.0
2025-07-15 14:30:00+05:30,IN,ImportsJUN,,$60.61B,,$ 57B,3.0
2025-07-15 14:30:00+05:30,IN,Balance of TradeJUN,,$-21.88B,,$ -22.5B,3.0
2025-07-15 14:30:00+05:30,SA,Inflation Rate MoMJUN,,0.1%,,,3.0
2025-07-15 14:30:00+05:30,SA,Inflation Rate YoYJUN,,2.2%,,2.3%,3.0
2025-07-15 14:30:00+05:30,IN,ExportsJUN,,$38.73B,,$ 36.5B,3.0
2025-07-15 14:30:00+05:30,IN,Passenger Vehicles Sales YoYJUN,,0.8%,,,3.0
2025-07-15 14:30:00+05:30,TR,Budget BalanceJUN,,TRY235.2B,,,3.0
2025-07-15 14:30:00+05:30,SA,Wholesale Prices YoYJUN,,2.0%,,1.8%,3.0
2025-07-15 15:00:00+05:30,SA,Inflation Rate MoMJUN,,0.1%,,,3.0
2025-07-15 15:00:00+05:30,ZA,Mining Production YoYMAY,,-7.7%,,,3.0
2025-07-15 15:00:00+05:30,ZA,Mining Production MoMMAY,,0.6%,,,3.0
2025-07-15 15:00:00+05:30,ZA,Gold Production YoYMAY,,-2.5%,,12.0%,3.0
2025-07-15 15:00:00+05:30,TR,Budget BalanceJUN,,TRY235.2B,,,3.0
2025-07-15 15:00:00+05:30,IN,ImportsJUN,,$60.61B,,$ 57B,3.0
2025-07-15 15:00:00+05:30,IN,Passenger Vehicles Sales YoYJUN,,0.8%,,,3.0
2025-07-15 15:00:00+05:30,IN,ExportsJUN,,$38.73B,,$ 36.5B,3.0
2025-07-15 15:00:00+05:30,SA,Inflation Rate YoYJUN,,2.2%,,2.3%,3.0
2025-07-15 15:00:00+05:30,SA,Wholesale Prices YoYJUN,,2.0%,,1.8%,3.0
2025-07-15 15:00:00+05:30,IN,Balance of TradeJUN,,$-21.88B,,$ -22.5B,3.0
2025-07-15 15:00:00+05:30,DE,2-Year Schatz Auction,,1.85%,,,3.0
2025-07-15 16:00:00+05:30,IN,ExportsJUN,,$38.73B,,$ 36.5B,
2025-07-15 16:00:00+05:30,IN,ImportsJUN,,$60.61B,,$ 57B,
2025-07-15 16:00:00+05:30,IN,Balance of TradeJUN,,$-21.88B,,$ -22.5B,
2025-07-15 16:00:00+05:30,IN,Passenger Vehicles Sales YoYJUN,,0.8%,,,
2025-07-15 17:45:00+05:30,CA,Housing StartsJUN,,279.5K,,260.0K,2.0
2025-07-15 17:45:00+05:30,IN,Passenger Vehicles Sales YoYJUN,,0.8%,,,2.0
2025-07-15 17:45:00+05:30,SA,Inflation Rate MoMJUN,,0.1%,,,2.0
2025-07-15 17:45:00+05:30,IN,ExportsJUN,,$38.73B,,$ 36.5B,2.0
2025-07-15 17:45:00+05:30,SA,Wholesale Prices YoYJUN,,2.0%,,1.8%,2.0
2025-07-15 17:45:00+05:30,SA,Inflation Rate YoYJUN,,2.2%,,2.3%,2.0
2025-07-15 17:45:00+05:30,TR,Budget BalanceJUN,,TRY235.2B,,,2.0
2025-07-15 17:45:00+05:30,OP,OPEC Monthly Report,,,,,2.0
2025-07-15 17:45:00+05:30,IN,ImportsJUN,,$60.61B,,$ 57B,2.0
2025-07-15 17:45:00+05:30,IN,Balance of TradeJUN,,$-21.88B,,$ -22.5B,2.0
2025-07-15 18:00:00+05:30,CA,Inflation Rate YoYJUN,,1.7%,,1.5%,1.0
2025-07-15 18:00:00+05:30,CA,CPI Median YoYJUN,,3%,,2.9%,3.0
2025-07-15 18:00:00+05:30,CA,Core Inflation Rate MoMJUN,,0.6%,,0.1%,3.0
2025-07-15 18:00:00+05:30,CA,CPI Trimmed-Mean YoYJUN,,3%,,2.7%,3.0
2025-07-15 18:00:00+05:30,CA,Manufacturing Sales MoM FinalMAY,,-2.8%,-1.3%,-1.3%,3.0
2025-07-15 18:00:00+05:30,CA,New Motor Vehicle SalesMAY,,195.7K,,190.0K,3.0
2025-07-15 18:00:00+05:30,US,Core Inflation Rate MoMJUN,,0.1%,,0.2%,1.0
2025-07-15 18:00:00+05:30,US,Core Inflation Rate YoYJUN,,2.8%,,2.9%,1.0
2025-07-15 18:00:00+05:30,US,Inflation Rate MoMJUN,,0.1%,,0.2%,1.0
2025-07-15 18:00:00+05:30,US,Inflation Rate YoYJUN,,2.4%,,2.5%,1.0
2025-07-15 18:00:00+05:30,US,CPIJUN,,321.465,,322,2.0
2025-07-15 18:00:00+05:30,US,CPI s.aJUN,,320.580,,321.2,2.0
2025-07-15 18:00:00+05:30,US,NY Empire State Manufacturing IndexJUL,,-16,,-13,2.0
2025-07-15 18:00:00+05:30,CA,Inflation Rate MoMJUN,,0.6%,,-0.3%,2.0
2025-07-15 18:00:00+05:30,CA,Core Inflation Rate YoYJUN,,2.5%,,2.6%,2.0
2025-07-15 18:25:00+05:30,SA,Inflation Rate YoYJUN,,2.2%,,2.3%,3.0
2025-07-15 18:25:00+05:30,US,Redbook YoYJUL/12,,5.9%,,,3.0
2025-07-15 18:25:00+05:30,IN,ExportsJUN,,$38.73B,,$ 36.5B,3.0
2025-07-15 18:25:00+05:30,OP,OPEC Monthly Report,,,,,3.0
2025-07-15 18:25:00+05:30,SA,Wholesale Prices YoYJUN,,2.0%,,1.8%,3.0
2025-07-15 18:25:00+05:30,IN,Passenger Vehicles Sales YoYJUN,,0.8%,,,3.0
2025-07-15 18:25:00+05:30,TR,Budget BalanceJUN,,TRY235.2B,,,3.0
2025-07-15 18:25:00+05:30,IN,ImportsJUN,,$60.61B,,$ 57B,3.0
2025-07-15 18:25:00+05:30,IN,Balance of TradeJUN,,$-21.88B,,$ -22.5B,3.0
2025-07-15 18:25:00+05:30,SA,Inflation Rate MoMJUN,,0.1%,,,3.0
2025-07-15 21:30:00+05:30,OP,OPEC Monthly Report,,,,,3.0
2025-07-15 21:30:00+05:30,IN,ImportsJUN,,$60.61B,,$ 57B,3.0
2025-07-15 21:30:00+05:30,IN,ExportsJUN,,$38.73B,,$ 36.5B,3.0
2025-07-15 21:30:00+05:30,IN,Balance of TradeJUN,,$-21.88B,,$ -22.5B,3.0
2025-07-15 21:30:00+05:30,TR,Budget BalanceJUN,,TRY235.2B,,,3.0
2025-07-15 21:30:00+05:30,SA,Inflation Rate YoYJUN,,2.2%,,2.3%,3.0
2025-07-15 21:30:00+05:30,SA,Inflation Rate MoMJUN,,0.1%,,0.2%,3.0
2025-07-15 21:30:00+05:30,IN,Passenger Vehicles Sales YoYJUN,,0.8%,,,3.0
2025-07-15 21:30:00+05:30,SA,Wholesale Prices YoYJUN,,2.0%,,1.8%,3.0
2025-07-15 21:30:00+05:30,US,NOPA Crush Report,,,,,3.0
2025-07-16 02:00:00+05:30,US,API Crude Oil Stock ChangeJUL/11,,7.1M,,,2.0
2025-07-16 02:30:00+05:30,KR,Export Prices YoYJUN,,-2.4%,,-5.0%,3.0
2025-07-16 02:30:00+05:30,KR,Import Prices YoYJUN,,-5%,,-7.8%,3.0
2025-07-16 11:30:00+05:30,GB,Retail Price Index YoYJUN,,4.3%,,4.0%,3.0
2025-07-16 11:30:00+05:30,GB,Retail Price Index MoMJUN,,0.2%,,,3.0
2025-07-16 11:30:00+05:30,GB,Core Inflation Rate MoMJUN,,0.2%,,0.3%,3.0
2025-07-16 11:30:00+05:30,GB,Inflation Rate MoMJUN,,0.2%,,0.4%,2.0
2025-07-16 11:30:00+05:30,GB,Core Inflation Rate YoYJUN,,3.5%,,3.6%,2.0
2025-07-16 11:30:00+05:30,GB,Inflation Rate YoYJUN,,3.4%,,3.7%,1.0
2025-07-16 13:00:00+05:30,ID,Deposit Facility RateJUL,,4.75%,,,3.0
2025-07-16 13:00:00+05:30,ID,Interest Rate Decision,,5.5%,,,2.0
2025-07-16 13:00:00+05:30,ID,Lending Facility RateJUL,,6.25%,,,3.0
2025-07-16 13:30:00+05:30,IT,Harmonised Inflation Rate MoM FinalJUN,,-0.1%,0.2%,0.2%,3.0
2025-07-16 13:30:00+05:30,IT,Inflation Rate MoM FinalJUN,,-0.1%,0.2%,0.2%,3.0
2025-07-16 13:30:00+05:30,IT,Inflation Rate YoY FinalJUN,,1.6%,1.7%,1.7%,3.0
2025-07-16 13:30:00+05:30,IT,Harmonised Inflation Rate YoY FinalJUN,,1.7%,1.7%,1.7%,3.0
2025-07-16 14:30:00+05:30,EA,Balance of TradeMAY,,€9.9B,,€11.5B,2.0
2025-07-16 14:30:00+05:30,IT,Balance of TradeMAY,,€2.482B,,€2.6B,2.0
2025-07-16 15:00:00+05:30,DE,30-Year Bund Auction,,2.99%,,,3.0
2025-07-16 15:40:00+05:30,EU,12-Month Bill Auction,,1.920%,,,3.0
2025-07-16 15:40:00+05:30,EU,6-Month Bill Auction,,1.930%,,,3.0
2025-07-16 15:40:00+05:30,EU,3-Month Bill Auction,,1.922%,,,3.0
2025-07-16 16:30:00+05:30,US,MBA Mortgage Refinance IndexJUL/11,,829.3,,,3.0
2025-07-16 16:30:00+05:30,US,MBA Purchase IndexJUL/11,,180.9,,,3.0
2025-07-16 16:30:00+05:30,US,MBA Mortgage Market IndexJUL/11,,281.6,,,3.0
2025-07-16 16:30:00+05:30,US,MBA Mortgage ApplicationsJUL/11,,9.4%,,,3.0
2025-07-16 16:30:00+05:30,US,MBA 30-Year Mortgage RateJUL/11,,6.77%,,,2.0
2025-07-16 16:30:00+05:30,ZA,Retail Sales YoYMAY,,5.1%,,4.3%,3.0
2025-07-16 16:30:00+05:30,ZA,Retail Sales MoMMAY,,0.9%,,0.7%,3.0
2025-07-16 18:00:00+05:30,US,PPIJUN,,148.072,,148.9,3.0
2025-07-16 18:00:00+05:30,US,PPI MoMJUN,,0.1%,,0.3%,1.0
2025-07-16 18:00:00+05:30,US,"PPI Ex Food, Energy and Trade YoYJUN",,2.7%,,2.8%,3.0
2025-07-16 18:00:00+05:30,US,PPI YoYJUN,,2.6%,,2.8%,3.0
2025-07-16 18:00:00+05:30,US,Core PPI YoYJUN,,3%,,3.2%,3.0
2025-07-16 18:00:00+05:30,US,"PPI Ex Food, Energy and Trade MoMJUN",,0.1%,,0.3%,3.0
2025-07-16 18:00:00+05:30,US,Core PPI MoMJUN,,0.1%,,0.3%,2.0
2025-07-16 18:45:00+05:30,US,Fed Hammack Speech,,,,,2.0
2025-07-16 18:45:00+05:30,US,Industrial Production MoMJUN,,-0.2%,,0.3%,2.0
2025-07-16 18:45:00+05:30,US,Industrial Production YoYJUN,,0.6%,,1.5%,3.0
2025-07-16 18:45:00+05:30,US,Capacity UtilizationJUN,,77.4%,,77.4%,3.0
2025-07-16 18:45:00+05:30,US,Manufacturing Production MoMJUN,,0.1%,,0.2%,3.0
2025-07-16 18:45:00+05:30,US,Manufacturing Production YoYJUN,,0.5%,,1.1%,3.0
2025-07-16 20:00:00+05:30,US,EIA Crude Oil Imports ChangeJUL/11,,-1.358M,,,3.0
2025-07-16 20:00:00+05:30,US,EIA Cushing Crude Oil Stocks ChangeJUL/11,,0.464M,,,3.0
2025-07-16 20:00:00+05:30,US,EIA Distillate Fuel Production ChangeJUL/11,,0.059M,,,3.0
2025-07-16 20:00:00+05:30,US,EIA Distillate Stocks ChangeJUL/11,,-0.825M,,,3.0
2025-07-16 20:00:00+05:30,US,EIA Gasoline Production ChangeJUL/11,,0.278M,,,3.0
2025-07-16 20:00:00+05:30,US,EIA Heating Oil Stocks ChangeJUL/11,,0.603M,,,3.0
2025-07-16 20:00:00+05:30,US,EIA Crude Oil Stocks ChangeJUL/11,,7.07M,,,2.0
2025-07-16 20:00:00+05:30,US,EIA Refinery Crude Runs ChangeJUL/11,,-0.099M,,,3.0
2025-07-16 20:00:00+05:30,US,EIA Gasoline Stocks ChangeJUL/11,,-2.658M,,,2.0
2025-07-16 21:00:00+05:30,US,17-Week Bill Auction,,,,,3.0
2025-07-16 21:30:00+05:30,CA,30-Year Bond Auction,,3.698%,,,3.0
2025-07-16 21:30:00+05:30,RU,PPI YoYJUN,,0.3%,,-2.0%,3.0
2025-07-16 21:30:00+05:30,RU,PPI MoMJUN,,-1.3%,,-1.1%,3.0
2025-07-16 23:30:00+05:30,US,Fed Beige Book,,,,,3.0
2025-07-17 04:00:00+05:30,US,Fed Williams Speech,,,,,2.0
2025-07-17 04:30:00+05:30,KR,Unemployment RateJUN,,2.7%,,2.8%,2.0
2025-07-17 04:30:00+05:30,JP,Reuters Tankan IndexJUL,,6,,,3.0
2025-07-17 05:20:00+05:30,JP,Balance of TradeJUN,,¥-637.6B,,¥ -100B,1.0
2025-07-17 05:20:00+05:30,JP,Imports YoYJUN,,-7.7%,,,3.0
2025-07-17 05:20:00+05:30,JP,Stock Investment by ForeignersJUL/12,,,,,3.0
2025-07-17 05:20:00+05:30,JP,Exports YoYJUN,,-1.7%,,,2.0
2025-07-17 05:20:00+05:30,JP,Foreign Bond InvestmentJUL/12,,,,,3.0
2025-07-17 06:00:00+05:30,SG,Non-Oil Exports YoYJUN,,-3.5%,,3.2%,3.0
2025-07-17 06:00:00+05:30,SG,Non-Oil Exports MoMJUN,,-12%,,0.7%,3.0
2025-07-17 06:30:00+05:30,SG,Balance of TradeJUN,,$7.24B,,$ 3.5B,3.0
2025-07-17 06:30:00+05:30,AU,Consumer Inflation ExpectationsJUL,,5%,,,3.0
2025-07-17 07:00:00+05:30,AU,Full Time Employment ChgJUN,,38.7K,,,2.0
2025-07-17 07:00:00+05:30,AU,Employment ChangeJUN,,-2.5K,,25K,2.0
2025-07-17 07:00:00+05:30,AU,Part Time Employment ChgJUN,,-41.2K,,,3.0
2025-07-17 07:00:00+05:30,AU,Unemployment RateJUN,,4.1%,,4.1%,2.0
2025-07-17 07:00:00+05:30,AU,Participation RateJUN,,67%,,67.1%,3.0
2025-07-17 09:05:00+05:30,JP,52-Week Bill Auction,,0.5671%,,,3.0
2025-07-17 10:30:00+05:30,SG,6-Month T-Bill Auction,,1.85%,,,3.0
2025-07-17 11:30:00+05:30,GB,Unemployment RateMAY,,4.6%,,,1.0
2025-07-17 11:30:00+05:30,GB,Employment ChangeMAY,,89K,,110.0K,2.0
2025-07-17 11:30:00+05:30,GB,Average Earnings excl. Bonus (3Mo/Yr)MAY,,5.2%,,,3.0
2025-07-17 11:30:00+05:30,GB,HMRC Payrolls ChangeJUN,,-109K,,-40.0K,3.0
2025-07-17 11:30:00+05:30,GB,Claimant Count ChangeJUN,,33.1K,,21.0K,3.0
2025-07-17 11:30:00+05:30,GB,Average Earnings incl. Bonus (3Mo/Yr)MAY,,5.3%,,,2.0
2025-07-17 12:50:00+05:30,ID,Loan Growth YoYJUN,,8.43%,,8.5%,3.0
2025-07-17 14:10:00+05:30,ES,Bonos Auction,,,,,3.0
2025-07-17 14:10:00+05:30,ES,Index-Linked Obligacion Auction,,,,,3.0
2025-07-17 14:10:00+05:30,ES,Obligacion Auction,,,,,3.0
2025-07-17 14:30:00+05:30,EA,CPI FinalJUN,,128.71,129.07,129.07,3.0
2025-07-17 14:30:00+05:30,GB,Treasury Gilt 2030 Auction,,4.060%,,,3.0
2025-07-17 14:30:00+05:30,FR,OAT Auction,,,,,3.0
2025-07-17 14:30:00+05:30,EA,Inflation Rate YoY FinalJUN,,1.9%,2%,2.0%,3.0
2025-07-17 14:30:00+05:30,EA,Inflation Rate MoM FinalJUN,,0%,,0.3%,3.0
2025-07-17 14:30:00+05:30,EA,Core Inflation Rate YoY FinalJUN,,2.3%,2.3%,2.3%,3.0
2025-07-17 15:30:00+05:30,FR,OATi Auction,,,,,3.0
2025-07-17 15:30:00+05:30,FR,Index-Linked OAT Auction,,,,,3.0
2025-07-17 16:30:00+05:30,CA,CFIB Business BarometerJUL,,47.3,,47.5,3.0
2025-07-17 16:30:00+05:30,ZA,Building Permits YoYMAY,,-20.8%,,,3.0
2025-07-17 18:00:00+05:30,US,Jobless Claims 4-week AverageJUL/12,,,,,3.0
2025-07-17 18:00:00+05:30,US,Philly Fed Business ConditionsJUL,,18.3,,,3.0
2025-07-17 18:00:00+05:30,US,Philly Fed CAPEX IndexJUL,,14.50,,,3.0
2025-07-17 18:00:00+05:30,US,Philly Fed EmploymentJUL,,-9.8,,,3.0
2025-07-17 18:00:00+05:30,US,Philly Fed New OrdersJUL,,2.3,,,3.0
2025-07-17 18:00:00+05:30,US,Philly Fed Prices PaidJUL,,41.40,,,3.0
2025-07-17 18:00:00+05:30,US,Retail Sales Ex Gas/Autos MoMJUN,,-0.1%,,0.1%,3.0
2025-07-17 18:00:00+05:30,US,Import Prices YoYJUN,,0.2%,,0.2%,3.0
2025-07-17 18:00:00+05:30,US,Export Prices YoYJUN,,1.7%,,1.9%,3.0
2025-07-17 18:00:00+05:30,US,Continuing Jobless ClaimsJUL/05,,,,1970.0K,3.0
2025-07-17 18:00:00+05:30,US,Retail Sales Ex Autos MoMJUN,,-0.3%,,0.2%,2.0
2025-07-17 18:00:00+05:30,US,Retail Sales Control Group MoMJUN,,0.4%,,0.3%,2.0
2025-07-17 18:00:00+05:30,US,Initial Jobless ClaimsJUL/12,,,,,2.0
2025-07-17 18:00:00+05:30,US,Philadelphia Fed Manufacturing IndexJUL,,-4.0,,-3,2.0
2025-07-17 18:00:00+05:30,US,Export Prices MoMJUN,,-0.9%,,-0.1%,2.0
2025-07-17 18:00:00+05:30,US,Retail Sales MoMJUN,,-0.9%,,0.2%,1.0
2025-07-17 18:00:00+05:30,CA,Foreign Securities Purchases by CanadiansMAY,,C$4.1B,,,3.0
2025-07-17 18:00:00+05:30,CA,Foreign Securities PurchasesMAY,,C$-9.36B,,,3.0
2025-07-17 18:00:00+05:30,US,Retail Sales YoYJUN,,3.3%,,3.6%,3.0
2025-07-17 18:00:00+05:30,US,Import Prices MoMJUN,,0%,,0.1%,2.0
2025-07-17 19:30:00+05:30,US,NAHB Housing Market IndexJUL,,32,,31,2.0
2025-07-17 19:30:00+05:30,US,Retail Inventories Ex Autos MoMMAY,,0.3%,0.2%,0.2%,3.0
2025-07-17 19:30:00+05:30,US,Business Inventories MoMMAY,,0%,,-0.1%,2.0
2025-07-17 20:00:00+05:30,US,EIA Natural Gas Stocks ChangeJUL/11,,,,,3.0
2025-07-17 21:00:00+05:30,US,4-Week Bill Auction,,,,,3.0
2025-07-17 21:00:00+05:30,US,8-Week Bill Auction,,,,,3.0
2025-07-17 21:30:00+05:30,CA,2-Year Bond Auction,,,,,3.0
2025-07-17 21:30:00+05:30,US,15-Year Mortgage RateJUL/17,,,,,3.0
2025-07-17 21:30:00+05:30,US,30-Year Mortgage RateJUL/17,,,,,3.0
2025-07-18 00:30:00+05:30,AR,Balance of TradeJUN,,$608M,,$ 900M,3.0
2025-07-18 01:30:00+05:30,US,Net Long-term TIC FlowsMAY,,$-7.8B,,,2.0
2025-07-18 01:30:00+05:30,US,Foreign Bond InvestmentMAY,,$-40.8B,,,3.0
2025-07-18 01:30:00+05:30,US,Overall Net Capital FlowsMAY,,$-14.2B,,,3.0
2025-07-18 02:00:00+05:30,US,Fed Balance SheetJUL/16,,,,,3.0
2025-07-18 05:00:00+05:30,JP,Inflation Rate MoMJUN,,0.3%,,0.1%,3.0
2025-07-18 05:00:00+05:30,JP,Inflation Rate Ex-Food and Energy YoYJUN,,3.3%,,2.6%,3.0
2025-07-18 05:00:00+05:30,JP,Core Inflation Rate YoYJUN,,3.7%,,2.7%,2.0
2025-07-18 05:00:00+05:30,JP,Inflation Rate YoYJUN,,3.5%,,3.7%,1.0
2025-07-18 09:05:00+05:30,JP,3-Month Bill Auction,,,,,3.0
2025-07-18 11:30:00+05:30,DE,PPI MoMJUN,,-0.2%,,0.0%,3.0
2025-07-18 11:30:00+05:30,DE,PPI YoYJUN,,-1.2%,,-1.4%,2.0
2025-07-18 13:30:00+05:30,EA,Current Account s.aMAY,,€19.8B,,€17.5B,3.0
2025-07-18 13:30:00+05:30,EA,Current AccountMAY,,€19.3B,,€15.1B,3.0
2025-07-18 13:30:00+05:30,ES,Balance of TradeMAY,,€-3.88B,,€ -3.1B,2.0
2025-07-18 13:30:00+05:30,IT,Construction Output YoYMAY,,5.9%,,4.7%,3.0
2025-07-18 14:30:00+05:30,EA,Construction Output YoYMAY,,3%,,2.7%,3.0
2025-07-18 14:30:00+05:30,IT,Current AccountMAY,,€359M,,€1050.0M,3.0
2025-07-18 17:00:00+05:30,IN,Deposit Growth YoYJUL/04,,10.4%,,,3.0
2025-07-18 17:00:00+05:30,IN,Bank Loan Growth YoYJUL/04,,9.6%,,12.5%,3.0
2025-07-18 17:00:00+05:30,IN,Foreign Exchange ReservesJUL/11,,,,,3.0
2025-07-18 17:00:00+05:30,TR,Foreign Exchange ReservesJUL/11,,,,,3.0
2025-07-18 18:00:00+05:30,US,Building Permits PrelJUN,,1.394M,,1.37M,1.0
2025-07-18 18:00:00+05:30,US,Housing StartsJUN,,1.256M,,1.29M,1.0
2025-07-18 18:00:00+05:30,US,Housing Starts MoMJUN,,-9.8%,,2.7%,2.0
2025-07-18 18:00:00+05:30,US,Building Permits MoM PrelJUN,,-2%,,-1.7%,2.0
2025-07-18 19:30:00+05:30,US,Michigan Inflation Expectations PrelJUL,,5%,,4.7%,3.0
2025-07-18 19:30:00+05:30,US,Michigan Consumer Sentiment PrelJUL,,60.7,,60.5,1.0
2025-07-18 19:30:00+05:30,US,Michigan 5 Year Inflation Expectations PrelJUL,,4%,,4.0%,3.0
2025-07-18 19:30:00+05:30,US,Michigan Consumer Expectations PrelJUL,,58.1,,58,3.0
2025-07-18 19:30:00+05:30,US,Michigan Current Conditions PrelJUL,,64.8,,64.6,3.0
2025-07-18 22:30:00+05:30,US,Baker Hughes Total Rigs CountJUL/18,,,,,3.0
2025-07-18 22:30:00+05:30,US,Baker Hughes Oil Rig CountJUL/18,,,,,3.0
2025-07-19 00:30:00+05:30,AR,Economic Activity YoYMAY,,7.7%,,4.2%,3.0
2025-07-21 17:10:00+05:30,IN,Infrastructure Output YoYJUN,,0.7%,,1.3%,3.0
2025-07-23 17:00:00+05:30,IN,M3 Money Supply YoYJUL/11,,,,,3.0
2025-07-24 09:30:00+05:30,EU,New Car Registrations YoYJUN,,1.6%,,,2.0
2025-07-24 10:30:00+05:30,IN,HSBC Services PMI FlashJUL,,60.4,,,2.0
2025-07-24 10:30:00+05:30,IN,HSBC Manufacturing PMI FlashJUL,,58.4,,,2.0
2025-07-24 10:30:00+05:30,IN,HSBC Composite PMI FlashJUL,,61.0,,,2.0
2025-07-25 17:00:00+05:30,IN,Foreign Exchange ReservesJUL/18,,,,,3.0
